0.0001 0.0001
n 0.568396825396803 0.14554762921767034 0.25399999999991696 1.0
na 0.36839682539680296 0.14554762921767034 0.05399999999991695 0.9682539682539683 
twoq 0.568396825396803 0.9000000000001096 0.9000000000001096 1.0
nn 0.14430182926832583 0.09940645680837219 0.034999999999940634 0.774390243902439 0.875 0.9603658536585366
nna 0.10543597560975687 0.043210935251024644 0.03699999999998732 0.7682926829268293 0.850609756097561 0.9786585365853658

0.0002 0.0001
n 0.54786507936506 0.14968386544384266 0.257000000000021 1.0
na 0.3478650793650599 0.14968386544384268 0.05700000000002098 0.9682539682539683
twoq 0.54786507936506 0.8410000000000197 0.8410000000000197 1.0
nn 0.15301524390246996 0.11108367154853202 0.036000000000000476 0.7408536585365854 0.8932926829268293 0.9878048780487805
nna 0.11214939024390984 0.044380892940157735 0.03500000000006337 0.8048780487804879 0.8932926829268293 0.975609756097561

0.0003 0.0001
n 0.5776031746031497 0.14593127755114177 0.26599999999990764 1.0
na 0.3776031746031497 0.1459312775511418 0.06599999999990763 0.9841269841269841
twoq 0.5776031746031497 0.8669999999999476 0.8669999999999476 1.0
nn 0.14091768292685608 0.10910686160042485 0.03699999999997239 0.7103658536585366 0.823170731707317 0.9451219512195121
nna 0.1157896341463428 0.04458461689060322 0.033000000000000196 0.8353658536585366 0.9054878048780488 0.9847560975609756

0.0004 0.0001
n 0.574142857142833 0.1356269225910859 0.2939999999998921 1.0
na 0.37414285714283285 0.13562692259108594 0.09399999999989211 0.9841269841269841
twoq 0.574142857142833 0.8600000000000714 0.8600000000000714 1.0
nn 0.12929268292685783 0.09416206032687055 0.034999999999989484 0.6798780487804879 0.8323170731707317 0.9664634146341463
nna 0.1103231707317058 0.04116814657457832 0.03799999999999565 0.8048780487804879 0.9024390243902439 0.9817073170731707

0.0005 0.0001
n 0.5741269841269673 0.13850293585379123 0.12600000000000033 1.0
 na 0.3753015873015703 0.13528777498717737 0.07399999999999968 0.9841269841269841
 twoq 0.5741269841269673 0.8840000000000723 0.8840000000000723 1.0
 nn 0.13378353658539943 0.10005564962380727 0.037000000000018574 0.6707317073170732 0.8628048780487805 0.9786585365853658
 nna 0.11263719512194353 0.04133540037111576 0.0370000000000294 0.823170731707317 0.8871951219512195 0.9847560975609756

0.0006 0.0001
n 0.5963174603174425 0.15360713911538182 0.2869999999999049 1.0
na 0.3963174603174424 0.15360713911538182 0.08699999999990488 0.9761904761904762
twoq 0.5963174603174425 0.896000000000031 0.896000000000031 1.0
nn 0.15023475609759562 0.11077667772868421 0.03400000000004333 0.75 0.8445121951219512 0.9634146341463414
nna 0.11283841463415173 0.04489481052551409 0.03399999999998188 0.8170731707317073 0.8963414634146342 0.9817073170731707

0.0007 0.0001
n 0.5798650793650635 0.1178547904741182 0.3480000000000265 1.0
na 0.3798650793650635 0.11785479047411823 0.1480000000000265 1.0
twoq 0.5798650793650635 0.8740000000000823 0.8740000000000823 1.0
nn 0.11216158536587294 0.08027081517102454 0.03699999999995729 0.6524390243902439 0.8384146341463414 0.9634146341463414
nna 0.11138109756096873 0.04187173222797896 0.035999999999972776 0.8079268292682927 0.8719512195121951 0.9634146341463414

0.0008 0.0001
n 0.5860079365079213 0.11072843199153262 0.2999999999999332 1.0 
na 0.3860079365079213 0.11072843199153264 0.0999999999999332 0.9920634920634921
twoq 0.5860079365079213 0.8470000000000617 0.8470000000000617 1.0
nn 0.11182926829270864 0.07576967745357374 0.03500000000000103 0.6707317073170732 0.7987804878048781 0.9634146341463414
nna 0.1089085365853562 0.04067004561165238 0.03699999999992781 0.774390243902439 0.8963414634146342 0.9786585365853658

0.0009 0.0001
n 0.5935634920634769 0.1324332414051881 0.32699999999991913 1.0
na 0.39356349206347696 0.1324332414051881 0.12699999999991912 1.0
twoq 0.5935634920634769 0.9070000000000005 0.9070000000000005 1.0
nn 0.1281189024390551 0.08833266464169362 0.03800000000008019 0.7378048780487805 0.850609756097561 0.9695121951219512
nna 0.10512499999999665 0.043798244305778916 0.035999999999963006 0.7408536585365854 0.8567073170731707 0.9786585365853658

0.001 0.0001
n 0.6023650793650633 0.12688856523306583 0.3289999999999047 1.0
na 0.40236507936506316 0.12688856523306585 0.1289999999999047 1.0 
twoq 0.6023650793650633 0.8920000000000794 0.8920000000000794 1.0
nn 0.12529878048783752 0.08964480586195339 0.03699999999998793 0.6859756097560976 0.8109756097560976 0.9695121951219512
nna 0.10896341463413213 0.041754493002571516 0.03399999999987974 0.801829268292683 0.875 0.9725609756097561

0.0011 0.0001
n 0.6145555555555532 0.13404124901461875 0.3189999999998907 1.0
na 0.41455555555555307 0.13404124901461875 0.1189999999998907 1.0
twoq 0.6145555555555532 0.8839999999999999 0.8839999999999999 1.0
nn 0.1347652439024782 0.09803827220227865 0.03300000000002967 0.7073170731707317 0.8475609756097561 0.9512195121951219
nna 0.10946646341462644 0.04340702255402328 0.03500000000007847 0.8079268292682927 0.8841463414634146 0.9695121951219512

0.001 0.0002
n 0.5866406250000151 0.16780875155848277 0.15799999999999947 1.0
na 0.3872968750000151 0.16628854625391845 0.04199999999999998 0.984375
twoq 0.5866406250000151 0.8890000000000882 0.8890000000000882 1.0
nn 0.1738479532163934 0.13491032427220112 0.04499999999988624 0.7690058479532164 0.8713450292397661 1.0
nna 0.11932748538012732 0.06815919878532838 0.0030000000000056093 0.7807017543859649 0.9035087719298246 0.9970760233918129

0.001 0.0003
n 0.46417919075144587 0.2661918279699016 0.04599999999999982 0.8728323699421965 
na 0.3135664739884401 0.20572992124264144 0.034999999999999976 0.8265895953757225
twoq 0.46417919075144587 0.9370000000000003 0.9370000000000003 1.0
nn 0.372639889196675 0.26445814662709766 0.0 0.8850415512465374 0.9349030470914127 0.9875346260387812
nna 0.250673130193906 0.19210836644474585 7.216449660063518e-16 0.8781163434903048 0.9307479224376731 0.9764542936288089

0.001 0.0004
n 0.4457272727272756 0.25703069445605986 0.04300000000000015 0.8465909090909091
na 0.29830681818182103 0.19354511794614512 0.030999999999999972 0.8352272727272727
twoq 0.4457272727272756 0.8980000000000001 0.8980000000000001 1.0
nn 0.3563743386243415 0.25041413598322404 0.001000000000000334 0.8703703703703703 0.9378306878306878 0.9814814814814815
nna 0.23567857142857326 0.17780827947486494 0.0010000000000005005 0.8994708994708994 0.9457671957671958 0.9761904761904762