q
17.0 29.0 44.0 54.0 13.0 13.0 13.0 7.0 16.0 3.0 15.0 29.0 17.0 55.0 10.0 11.0 9.0 10.0 13.0 15.0 38.0 56.0 33.0 
l
0.0 0.0 7.0 0.0 0.0 0.0 0.0 2.0 0.0 0.0 0.0 2.0 0.0 0.0 0.0 1.0 0.0 0.0 0.0 5.0 0.0 0.0 0.0 
0.0 0.0 0.0 0.0 0.0 3.0 0.0 0.0 0.0 2.0 0.0 0.0 0.0 6.0 0.0 0.0 0.0 0.0 7.0 0.0 0.0 9.0 0.0 
7.0 0.0 0.0 0.0 3.0 0.0 0.0 0.0 0.0 0.0 0.0 5.0 0.0 16.0 0.0 5.0 0.0 6.0 0.0 0.0 0.0 0.0 0.0 
0.0 0.0 0.0 0.0 0.0 0.0 0.0 0.0 4.0 0.0 13.0 0.0 6.0 15.0 0.0 0.0 0.0 0.0 4.0 0.0 0.0 0.0 8.0 
0.0 0.0 3.0 0.0 0.0 0.0 0.0 0.0 0.0 0.0 0.0 0.0 0.0 0.0 0.0 0.0 0.0 1.0 0.0 0.0 7.0 0.0 0.0 
0.0 3.0 0.0 0.0 0.0 0.0 0.0 0.0 0.0 0.0 0.0 0.0 0.0 0.0 0.0 0.0 0.0 0.0 0.0 0.0 0.0 10.0 0.0 
0.0 0.0 0.0 0.0 0.0 0.0 0.0 0.0 6.0 0.0 2.0 0.0 5.0 0.0 0.0 0.0 0.0 0.0 0.0 0.0 0.0 0.0 0.0 
2.0 0.0 0.0 0.0 0.0 0.0 0.0 0.0 0.0 0.0 0.0 3.0 0.0 0.0 0.0 2.0 0.0 0.0 0.0 0.0 0.0 0.0 0.0 
0.0 0.0 0.0 4.0 0.0 0.0 6.0 0.0 0.0 0.0 0.0 0.0 1.0 0.0 0.0 0.0 0.0 0.0 0.0 3.0 0.0 0.0 2.0 
0.0 2.0 0.0 0.0 0.0 0.0 0.0 0.0 0.0 0.0 0.0 0.0 0.0 0.0 0.0 0.0 0.0 0.0 0.0 0.0 0.0 0.0 0.0 
0.0 0.0 0.0 13.0 0.0 0.0 2.0 0.0 0.0 0.0 0.0 0.0 0.0 0.0 0.0 0.0 0.0 0.0 0.0 0.0 0.0 0.0 0.0 
2.0 0.0 5.0 0.0 0.0 0.0 0.0 3.0 0.0 0.0 0.0 0.0 0.0 0.0 0.0 3.0 0.0 0.0 0.0 0.0 6.0 9.0 0.0 
0.0 0.0 0.0 6.0 0.0 0.0 5.0 0.0 1.0 0.0 0.0 0.0 0.0 0.0 0.0 0.0 0.0 0.0 0.0 0.0 0.0 0.0 5.0 
0.0 6.0 16.0 15.0 0.0 0.0 0.0 0.0 0.0 0.0 0.0 0.0 0.0 0.0 5.0 0.0 3.0 0.0 0.0 0.0 0.0 4.0 0.0 
0.0 0.0 0.0 0.0 0.0 0.0 0.0 0.0 0.0 0.0 0.0 0.0 0.0 5.0 0.0 0.0 0.0 0.0 0.0 0.0 5.0 0.0 0.0 
1.0 0.0 5.0 0.0 0.0 0.0 0.0 2.0 0.0 0.0 0.0 3.0 0.0 0.0 0.0 0.0 0.0 0.0 0.0 0.0 0.0 0.0 0.0 
0.0 0.0 0.0 0.0 0.0 0.0 0.0 0.0 0.0 0.0 0.0 0.0 0.0 3.0 0.0 0.0 0.0 1.0 0.0 0.0 4.0 0.0 0.0 
0.0 0.0 6.0 0.0 1.0 0.0 0.0 0.0 0.0 0.0 0.0 0.0 0.0 0.0 0.0 0.0 1.0 0.0 0.0 0.0 1.0 0.0 0.0 
0.0 7.0 0.0 4.0 0.0 0.0 0.0 0.0 0.0 0.0 0.0 0.0 0.0 0.0 0.0 0.0 0.0 0.0 0.0 0.0 0.0 0.0 0.0 
5.0 0.0 0.0 0.0 0.0 0.0 0.0 0.0 3.0 0.0 0.0 0.0 0.0 0.0 0.0 0.0 0.0 0.0 0.0 0.0 0.0 0.0 7.0 
0.0 0.0 0.0 0.0 7.0 0.0 0.0 0.0 0.0 0.0 0.0 6.0 0.0 0.0 5.0 0.0 4.0 1.0 0.0 0.0 0.0 11.0 0.0 
0.0 9.0 0.0 0.0 0.0 10.0 0.0 0.0 0.0 0.0 0.0 9.0 0.0 4.0 0.0 0.0 0.0 0.0 0.0 0.0 11.0 0.0 10.0 
0.0 0.0 0.0 8.0 0.0 0.0 0.0 0.0 2.0 0.0 0.0 0.0 5.0 0.0 0.0 0.0 0.0 0.0 0.0 7.0 0.0 10.0 0.0 
