q
42.0 66.0 42.0 23.0 11.0 53.0 57.0 4.0 32.0 41.0 55.0 15.0 14.0 20.0 2.0 25.0 28.0 1.0 17.0 12.0 77.0 59.0 56.0 
l
0.0 0.0 0.0 1.0 0.0 9.0 12.0 0.0 0.0 0.0 0.0 9.0 0.0 3.0 0.0 0.0 0.0 0.0 0.0 0.0 0.0 6.0 0.0 
0.0 0.0 9.0 0.0 0.0 15.0 7.0 0.0 0.0 0.0 13.0 0.0 0.0 0.0 0.0 11.0 0.0 0.0 0.0 0.0 8.0 0.0 0.0 
0.0 9.0 0.0 0.0 6.0 0.0 10.0 0.0 0.0 0.0 6.0 0.0 0.0 0.0 0.0 0.0 0.0 0.0 8.0 0.0 0.0 0.0 0.0 
1.0 0.0 0.0 0.0 0.0 11.0 0.0 0.0 0.0 0.0 0.0 5.0 0.0 0.0 0.0 0.0 0.0 0.0 0.0 0.0 0.0 5.0 0.0 
0.0 0.0 6.0 0.0 0.0 0.0 0.0 0.0 0.0 0.0 0.0 0.0 0.0 0.0 0.0 0.0 0.0 0.0 0.0 0.0 0.0 0.0 5.0 
9.0 15.0 0.0 11.0 0.0 0.0 6.0 0.0 0.0 0.0 0.0 0.0 0.0 0.0 0.0 0.0 0.0 0.0 0.0 0.0 11.0 0.0 0.0 
12.0 7.0 10.0 0.0 0.0 6.0 0.0 0.0 0.0 0.0 0.0 0.0 0.0 6.0 0.0 0.0 0.0 0.0 0.0 0.0 0.0 0.0 12.0 
0.0 0.0 0.0 0.0 0.0 0.0 0.0 0.0 1.0 2.0 0.0 0.0 1.0 0.0 0.0 0.0 0.0 0.0 0.0 0.0 0.0 0.0 0.0 
0.0 0.0 0.0 0.0 0.0 0.0 0.0 1.0 0.0 0.0 0.0 0.0 0.0 0.0 0.0 3.0 9.0 0.0 0.0 3.0 13.0 0.0 0.0 
0.0 0.0 0.0 0.0 0.0 0.0 0.0 2.0 0.0 0.0 0.0 0.0 7.0 0.0 1.0 0.0 3.0 0.0 0.0 0.0 14.0 0.0 13.0 
0.0 13.0 6.0 0.0 0.0 0.0 0.0 0.0 0.0 0.0 0.0 0.0 0.0 0.0 0.0 0.0 10.0 0.0 6.0 6.0 0.0 0.0 10.0 
9.0 0.0 0.0 5.0 0.0 0.0 0.0 0.0 0.0 0.0 0.0 0.0 0.0 0.0 0.0 0.0 0.0 0.0 0.0 0.0 0.0 0.0 0.0 
0.0 0.0 0.0 0.0 0.0 0.0 0.0 1.0 0.0 7.0 0.0 0.0 0.0 0.0 1.0 0.0 5.0 0.0 0.0 0.0 0.0 0.0 0.0 
3.0 0.0 0.0 0.0 0.0 0.0 6.0 0.0 0.0 0.0 0.0 0.0 0.0 0.0 0.0 0.0 0.0 0.0 0.0 0.0 0.0 9.0 0.0 
0.0 0.0 0.0 0.0 0.0 0.0 0.0 0.0 0.0 1.0 0.0 0.0 1.0 0.0 0.0 0.0 0.0 0.0 0.0 0.0 0.0 0.0 0.0 
0.0 11.0 0.0 0.0 0.0 0.0 0.0 0.0 3.0 0.0 0.0 0.0 0.0 0.0 0.0 0.0 0.0 0.0 0.0 2.0 7.0 0.0 0.0 
0.0 0.0 0.0 0.0 0.0 0.0 0.0 0.0 9.0 3.0 10.0 0.0 5.0 0.0 0.0 0.0 0.0 0.0 0.0 0.0 0.0 0.0 0.0 
0.0 0.0 0.0 0.0 0.0 0.0 0.0 0.0 0.0 0.0 0.0 0.0 0.0 0.0 0.0 0.0 0.0 0.0 0.0 0.0 0.0 1.0 0.0 
0.0 0.0 8.0 0.0 0.0 0.0 0.0 0.0 0.0 0.0 6.0 0.0 0.0 0.0 0.0 0.0 0.0 0.0 0.0 0.0 0.0 0.0 0.0 
0.0 0.0 0.0 0.0 0.0 0.0 0.0 0.0 3.0 0.0 6.0 0.0 0.0 0.0 0.0 2.0 0.0 0.0 0.0 0.0 0.0 0.0 0.0 
0.0 8.0 0.0 0.0 0.0 11.0 0.0 0.0 13.0 14.0 0.0 0.0 0.0 0.0 0.0 7.0 0.0 0.0 0.0 0.0 0.0 20.0 0.0 
6.0 0.0 0.0 5.0 0.0 0.0 0.0 0.0 0.0 0.0 0.0 0.0 0.0 9.0 0.0 0.0 0.0 1.0 0.0 0.0 20.0 0.0 16.0 
0.0 0.0 0.0 0.0 5.0 0.0 12.0 0.0 0.0 13.0 10.0 0.0 0.0 0.0 0.0 0.0 0.0 0.0 0.0 0.0 0.0 16.0 0.0 
