q
22.0 10.0 29.0 32.0 2.0 96.0 1.0 29.0 17.0 32.0 122.0 62.0 25.0 45.0 55.0 30.0 4.0 31.0 36.0 43.0 132.0 112.0 118.0 57.0 
l
0.0 0.0 0.0 0.0 0.0 0.0 0.0 0.0 0.0 0.0 0.0 8.0 4.0 4.0 0.0 0.0 0.0 0.0 0.0 6.0 0.0 0.0 0.0 0.0 
0.0 0.0 0.0 0.0 0.0 0.0 0.0 0.0 1.0 1.0 0.0 0.0 0.0 0.0 0.0 0.0 0.0 0.0 0.0 0.0 0.0 8.0 0.0 0.0 
0.0 0.0 0.0 6.0 0.0 0.0 0.0 0.0 0.0 0.0 0.0 0.0 0.0 0.0 0.0 0.0 0.0 0.0 0.0 0.0 21.0 0.0 0.0 0.0 
0.0 0.0 6.0 0.0 1.0 0.0 0.0 0.0 0.0 11.0 0.0 0.0 0.0 0.0 0.0 0.0 0.0 0.0 0.0 0.0 14.0 0.0 0.0 0.0 
0.0 0.0 0.0 1.0 0.0 0.0 0.0 0.0 0.0 0.0 0.0 0.0 0.0 0.0 0.0 0.0 0.0 0.0 0.0 0.0 0.0 0.0 0.0 1.0 
0.0 0.0 0.0 0.0 0.0 0.0 0.0 19.0 0.0 0.0 0.0 19.0 0.0 16.0 12.0 0.0 0.0 0.0 9.0 0.0 0.0 0.0 20.0 0.0 
0.0 0.0 0.0 0.0 0.0 0.0 0.0 0.0 0.0 0.0 0.0 0.0 0.0 0.0 0.0 0.0 0.0 0.0 0.0 0.0 0.0 0.0 0.0 1.0 
0.0 0.0 0.0 0.0 0.0 19.0 0.0 0.0 0.0 0.0 0.0 0.0 0.0 0.0 2.0 0.0 0.0 3.0 4.0 0.0 0.0 0.0 0.0 0.0 
0.0 1.0 0.0 0.0 0.0 0.0 0.0 0.0 0.0 5.0 0.0 0.0 0.0 0.0 0.0 0.0 0.0 0.0 0.0 0.0 0.0 0.0 0.0 11.0 
0.0 1.0 0.0 11.0 0.0 0.0 0.0 0.0 5.0 0.0 0.0 0.0 0.0 0.0 0.0 0.0 1.0 0.0 0.0 0.0 0.0 14.0 0.0 0.0 
0.0 0.0 0.0 0.0 0.0 0.0 0.0 0.0 0.0 0.0 0.0 15.0 0.0 0.0 17.0 14.0 0.0 14.0 0.0 0.0 41.0 0.0 14.0 0.0 
8.0 0.0 0.0 0.0 0.0 19.0 0.0 0.0 0.0 0.0 15.0 0.0 0.0 0.0 7.0 0.0 0.0 0.0 0.0 11.0 0.0 0.0 0.0 0.0 
4.0 0.0 0.0 0.0 0.0 0.0 0.0 0.0 0.0 0.0 0.0 0.0 0.0 11.0 0.0 0.0 0.0 0.0 0.0 3.0 0.0 7.0 0.0 0.0 
4.0 0.0 0.0 0.0 0.0 16.0 0.0 0.0 0.0 0.0 0.0 0.0 11.0 0.0 0.0 0.0 0.0 0.0 0.0 0.0 0.0 0.0 11.0 0.0 
0.0 0.0 0.0 0.0 0.0 12.0 0.0 2.0 0.0 0.0 17.0 7.0 0.0 0.0 0.0 11.0 0.0 3.0 0.0 0.0 0.0 0.0 0.0 0.0 
0.0 0.0 0.0 0.0 0.0 0.0 0.0 0.0 0.0 0.0 14.0 0.0 0.0 0.0 11.0 0.0 0.0 4.0 0.0 0.0 0.0 0.0 0.0 0.0 
0.0 0.0 0.0 0.0 0.0 0.0 0.0 0.0 0.0 1.0 0.0 0.0 0.0 0.0 0.0 0.0 0.0 0.0 0.0 0.0 3.0 0.0 0.0 0.0 
0.0 0.0 0.0 0.0 0.0 0.0 0.0 3.0 0.0 0.0 14.0 0.0 0.0 0.0 3.0 4.0 0.0 0.0 7.0 0.0 0.0 0.0 0.0 0.0 
0.0 0.0 0.0 0.0 0.0 9.0 0.0 4.0 0.0 0.0 0.0 0.0 0.0 0.0 0.0 0.0 0.0 7.0 0.0 0.0 0.0 0.0 13.0 0.0 
6.0 0.0 0.0 0.0 0.0 0.0 0.0 0.0 0.0 0.0 0.0 11.0 3.0 0.0 0.0 0.0 0.0 0.0 0.0 0.0 0.0 21.0 0.0 0.0 
0.0 0.0 21.0 14.0 0.0 0.0 0.0 0.0 0.0 0.0 41.0 0.0 0.0 0.0 0.0 0.0 3.0 0.0 0.0 0.0 0.0 27.0 0.0 18.0 
0.0 8.0 0.0 0.0 0.0 0.0 0.0 0.0 0.0 14.0 0.0 0.0 7.0 0.0 0.0 0.0 0.0 0.0 0.0 21.0 27.0 0.0 28.0 0.0 
0.0 0.0 0.0 0.0 0.0 20.0 0.0 0.0 0.0 0.0 14.0 0.0 0.0 11.0 0.0 0.0 0.0 0.0 13.0 0.0 0.0 28.0 0.0 22.0 
0.0 0.0 0.0 0.0 1.0 0.0 1.0 0.0 11.0 0.0 0.0 0.0 0.0 0.0 0.0 0.0 0.0 0.0 0.0 0.0 18.0 0.0 22.0 0.0 
