q
24.0 28.0 9.0 38.0 65.0 38.0 126.0 6.0 33.0 37.0 36.0 20.0 16.0 53.0 49.0 54.0 128.0 48.0 94.0 91.0 151.0 77.0 0.0 101.0 
l
0.0 0.0 0.0 0.0 0.0 0.0 0.0 0.0 0.0 4.0 0.0 0.0 0.0 0.0 0.0 0.0 0.0 0.0 0.0 0.0 18.0 0.0 0.0 0.0 
0.0 0.0 0.0 4.0 0.0 0.0 0.0 2.0 3.0 0.0 0.0 0.0 0.0 0.0 0.0 0.0 0.0 0.0 0.0 0.0 0.0 0.0 0.0 16.0 
0.0 0.0 0.0 0.0 0.0 0.0 0.0 0.0 0.0 4.0 0.0 0.0 3.0 0.0 0.0 2.0 0.0 0.0 0.0 0.0 0.0 0.0 0.0 0.0 
0.0 4.0 0.0 0.0 0.0 0.0 0.0 2.0 2.0 0.0 0.0 0.0 0.0 0.0 0.0 9.0 19.0 0.0 0.0 0.0 0.0 0.0 0.0 0.0 
0.0 0.0 0.0 0.0 0.0 1.0 0.0 0.0 0.0 0.0 0.0 0.0 0.0 0.0 13.0 0.0 0.0 7.0 15.0 24.0 0.0 0.0 0.0 0.0 
0.0 0.0 0.0 0.0 1.0 0.0 14.0 0.0 0.0 0.0 0.0 0.0 0.0 0.0 11.0 0.0 0.0 0.0 0.0 10.0 0.0 0.0 0.0 0.0 
0.0 0.0 0.0 0.0 0.0 14.0 0.0 0.0 0.0 0.0 16.0 0.0 0.0 0.0 0.0 0.0 27.0 0.0 0.0 12.0 30.0 19.0 0.0 0.0 
0.0 2.0 0.0 2.0 0.0 0.0 0.0 0.0 2.0 0.0 0.0 0.0 0.0 0.0 0.0 0.0 0.0 0.0 0.0 0.0 0.0 0.0 0.0 0.0 
0.0 3.0 0.0 2.0 0.0 0.0 0.0 2.0 0.0 0.0 0.0 0.0 0.0 0.0 0.0 0.0 25.0 0.0 0.0 0.0 0.0 0.0 0.0 0.0 
4.0 0.0 4.0 0.0 0.0 0.0 0.0 0.0 0.0 0.0 0.0 0.0 0.0 0.0 0.0 7.0 0.0 0.0 0.0 0.0 22.0 0.0 0.0 0.0 
0.0 0.0 0.0 0.0 0.0 0.0 16.0 0.0 0.0 0.0 0.0 0.0 0.0 0.0 7.0 0.0 0.0 0.0 12.0 0.0 0.0 0.0 0.0 0.0 
0.0 0.0 0.0 0.0 0.0 0.0 0.0 0.0 0.0 0.0 0.0 0.0 1.0 4.0 0.0 0.0 0.0 0.0 0.0 0.0 0.0 14.0 0.0 0.0 
0.0 0.0 3.0 0.0 0.0 0.0 0.0 0.0 0.0 0.0 0.0 1.0 0.0 2.0 0.0 3.0 0.0 0.0 0.0 0.0 0.0 6.0 0.0 0.0 
0.0 0.0 0.0 0.0 0.0 0.0 0.0 0.0 0.0 0.0 0.0 4.0 2.0 0.0 0.0 12.0 18.0 0.0 0.0 0.0 0.0 13.0 0.0 0.0 
0.0 0.0 0.0 0.0 13.0 11.0 0.0 0.0 0.0 0.0 7.0 0.0 0.0 0.0 0.0 0.0 0.0 0.0 13.0 0.0 0.0 0.0 0.0 0.0 
0.0 0.0 2.0 9.0 0.0 0.0 0.0 0.0 0.0 7.0 0.0 0.0 3.0 12.0 0.0 0.0 0.0 0.0 0.0 0.0 0.0 0.0 0.0 17.0 
0.0 0.0 0.0 19.0 0.0 0.0 27.0 0.0 25.0 0.0 0.0 0.0 0.0 18.0 0.0 0.0 0.0 0.0 0.0 18.0 0.0 0.0 0.0 14.0 
0.0 0.0 0.0 0.0 7.0 0.0 0.0 0.0 0.0 0.0 0.0 0.0 0.0 0.0 0.0 0.0 0.0 0.0 14.0 10.0 0.0 0.0 0.0 14.0 
0.0 0.0 0.0 0.0 15.0 0.0 0.0 0.0 0.0 0.0 12.0 0.0 0.0 0.0 13.0 0.0 0.0 14.0 0.0 0.0 34.0 0.0 0.0 0.0 
0.0 0.0 0.0 0.0 24.0 10.0 12.0 0.0 0.0 0.0 0.0 0.0 0.0 0.0 0.0 0.0 18.0 10.0 0.0 0.0 0.0 0.0 0.0 15.0 
18.0 0.0 0.0 0.0 0.0 0.0 30.0 0.0 0.0 22.0 0.0 0.0 0.0 0.0 0.0 0.0 0.0 0.0 34.0 0.0 0.0 20.0 0.0 18.0 
0.0 0.0 0.0 0.0 0.0 0.0 19.0 0.0 0.0 0.0 0.0 14.0 6.0 13.0 0.0 0.0 0.0 0.0 0.0 0.0 20.0 0.0 0.0 0.0 
0.0 0.0 0.0 0.0 0.0 0.0 0.0 0.0 0.0 0.0 0.0 0.0 0.0 0.0 0.0 0.0 0.0 0.0 0.0 0.0 0.0 0.0 0.0 0.0 
0.0 16.0 0.0 0.0 0.0 0.0 0.0 0.0 0.0 0.0 0.0 0.0 0.0 0.0 0.0 17.0 14.0 14.0 0.0 15.0 18.0 0.0 0.0 0.0 
