q
38.0 44.0 28.0 75.0 44.0 47.0 89.0 32.0 1.0 17.0 104.0 28.0 3.0 6.0 87.0 44.0 35.0 17.0 80.0 148.0 96.0 106.0 54.0 129.0 
l
0.0 0.0 0.0 0.0 0.0 0.0 0.0 0.0 0.0 0.0 11.0 0.0 0.0 0.0 0.0 0.0 0.0 0.0 7.0 19.0 0.0 0.0 0.0 0.0 
0.0 0.0 0.0 0.0 4.0 8.0 0.0 0.0 0.0 0.0 13.0 0.0 0.0 0.0 0.0 0.0 4.0 0.0 0.0 0.0 14.0 0.0 0.0 0.0 
0.0 0.0 0.0 0.0 0.0 0.0 0.0 0.0 0.0 0.0 0.0 2.0 1.0 0.0 13.0 0.0 0.0 0.0 0.0 0.0 0.0 0.0 0.0 10.0 
0.0 0.0 0.0 0.0 14.0 0.0 14.0 0.0 0.0 11.0 18.0 0.0 0.0 0.0 0.0 0.0 0.0 5.0 0.0 0.0 0.0 10.0 0.0 0.0 
0.0 4.0 0.0 14.0 0.0 0.0 0.0 0.0 0.0 0.0 18.0 0.0 0.0 0.0 0.0 0.0 0.0 0.0 0.0 0.0 6.0 0.0 0.0 0.0 
0.0 8.0 0.0 0.0 0.0 0.0 0.0 0.0 0.0 0.0 0.0 0.0 0.0 0.0 0.0 0.0 13.0 0.0 0.0 25.0 0.0 0.0 0.0 0.0 
0.0 0.0 0.0 14.0 0.0 0.0 0.0 0.0 0.0 0.0 0.0 0.0 0.0 0.0 27.0 16.0 0.0 0.0 12.0 0.0 0.0 13.0 0.0 0.0 
0.0 0.0 0.0 0.0 0.0 0.0 0.0 0.0 0.0 0.0 0.0 0.0 0.0 2.0 10.0 0.0 0.0 0.0 0.0 0.0 0.0 0.0 0.0 19.0 
0.0 0.0 0.0 0.0 0.0 0.0 0.0 0.0 0.0 0.0 0.0 0.0 0.0 0.0 0.0 0.0 0.0 0.0 0.0 0.0 1.0 0.0 0.0 0.0 
0.0 0.0 0.0 11.0 0.0 0.0 0.0 0.0 0.0 0.0 0.0 0.0 0.0 0.0 0.0 3.0 0.0 1.0 0.0 0.0 0.0 0.0 0.0 0.0 
11.0 13.0 0.0 18.0 18.0 0.0 0.0 0.0 0.0 0.0 0.0 0.0 0.0 0.0 0.0 0.0 0.0 0.0 19.0 18.0 0.0 0.0 0.0 0.0 
0.0 0.0 2.0 0.0 0.0 0.0 0.0 0.0 0.0 0.0 0.0 0.0 2.0 0.0 4.0 0.0 0.0 0.0 10.0 0.0 0.0 0.0 0.0 9.0 
0.0 0.0 1.0 0.0 0.0 0.0 0.0 0.0 0.0 0.0 0.0 2.0 0.0 0.0 0.0 0.0 0.0 0.0 0.0 0.0 0.0 0.0 0.0 0.0 
0.0 0.0 0.0 0.0 0.0 0.0 0.0 2.0 0.0 0.0 0.0 0.0 0.0 0.0 0.0 0.0 0.0 0.0 0.0 0.0 0.0 0.0 4.0 0.0 
0.0 0.0 13.0 0.0 0.0 0.0 27.0 10.0 0.0 0.0 0.0 4.0 0.0 0.0 0.0 0.0 0.0 0.0 15.0 0.0 0.0 0.0 0.0 13.0 
0.0 0.0 0.0 0.0 0.0 0.0 16.0 0.0 0.0 3.0 0.0 0.0 0.0 0.0 0.0 0.0 0.0 4.0 0.0 0.0 0.0 18.0 0.0 0.0 
0.0 4.0 0.0 0.0 0.0 13.0 0.0 0.0 0.0 0.0 0.0 0.0 0.0 0.0 0.0 0.0 0.0 0.0 0.0 0.0 15.0 0.0 0.0 0.0 
0.0 0.0 0.0 5.0 0.0 0.0 0.0 0.0 0.0 1.0 0.0 0.0 0.0 0.0 0.0 4.0 0.0 0.0 0.0 0.0 0.0 7.0 0.0 0.0 
7.0 0.0 0.0 0.0 0.0 0.0 12.0 0.0 0.0 0.0 19.0 10.0 0.0 0.0 15.0 0.0 0.0 0.0 0.0 14.0 0.0 0.0 0.0 0.0 
19.0 0.0 0.0 0.0 0.0 25.0 0.0 0.0 0.0 0.0 18.0 0.0 0.0 0.0 0.0 0.0 0.0 0.0 14.0 0.0 23.0 0.0 0.0 46.0 
0.0 14.0 0.0 0.0 6.0 0.0 0.0 0.0 1.0 0.0 0.0 0.0 0.0 0.0 0.0 0.0 15.0 0.0 0.0 23.0 0.0 32.0 0.0 0.0 
0.0 0.0 0.0 10.0 0.0 0.0 13.0 0.0 0.0 0.0 0.0 0.0 0.0 0.0 0.0 18.0 0.0 7.0 0.0 0.0 32.0 0.0 21.0 0.0 
0.0 0.0 0.0 0.0 0.0 0.0 0.0 0.0 0.0 0.0 0.0 0.0 0.0 4.0 0.0 0.0 0.0 0.0 0.0 0.0 0.0 21.0 0.0 28.0 
0.0 0.0 10.0 0.0 0.0 0.0 0.0 19.0 0.0 0.0 0.0 9.0 0.0 0.0 13.0 0.0 0.0 0.0 0.0 46.0 0.0 0.0 28.0 0.0 
