q
71.0 88.0 29.0 34.0 22.0 32.0 13.0 100.0 39.0 113.0 70.0 33.0 134.0 44.0 33.0 27.0 131.0 33.0 23.0 92.0 155.0 
l
0.0 0.0 0.0 14.0 0.0 0.0 0.0 0.0 0.0 0.0 0.0 14.0 0.0 0.0 0.0 0.0 0.0 0.0 0.0 0.0 39.0 
0.0 0.0 9.0 0.0 12.0 0.0 0.0 0.0 17.0 15.0 0.0 0.0 0.0 7.0 0.0 0.0 27.0 0.0 0.0 0.0 0.0 
0.0 9.0 0.0 0.0 3.0 0.0 0.0 0.0 0.0 16.0 0.0 0.0 0.0 1.0 0.0 0.0 0.0 0.0 0.0 0.0 0.0 
14.0 0.0 0.0 0.0 0.0 8.0 0.0 0.0 0.0 0.0 0.0 1.0 0.0 0.0 4.0 0.0 0.0 0.0 0.0 6.0 0.0 
0.0 12.0 3.0 0.0 0.0 0.0 0.0 0.0 0.0 0.0 0.0 0.0 0.0 7.0 0.0 0.0 0.0 0.0 0.0 0.0 0.0 
0.0 0.0 0.0 8.0 0.0 0.0 0.0 0.0 0.0 0.0 0.0 0.0 20.0 0.0 0.0 0.0 0.0 0.0 3.0 0.0 0.0 
0.0 0.0 0.0 0.0 0.0 0.0 0.0 0.0 0.0 0.0 8.0 0.0 0.0 0.0 0.0 0.0 0.0 3.0 0.0 0.0 0.0 
0.0 0.0 0.0 0.0 0.0 0.0 0.0 0.0 0.0 0.0 17.0 0.0 13.0 0.0 0.0 0.0 27.0 11.0 0.0 29.0 0.0 
0.0 17.0 0.0 0.0 0.0 0.0 0.0 0.0 0.0 0.0 0.0 0.0 0.0 0.0 0.0 0.0 20.0 0.0 0.0 0.0 0.0 
0.0 15.0 16.0 0.0 0.0 0.0 0.0 0.0 0.0 0.0 11.0 0.0 0.0 14.0 0.0 0.0 12.0 0.0 0.0 0.0 40.0 
0.0 0.0 0.0 0.0 0.0 0.0 8.0 17.0 0.0 11.0 0.0 0.0 0.0 14.0 0.0 8.0 10.0 0.0 0.0 0.0 0.0 
14.0 0.0 0.0 1.0 0.0 0.0 0.0 0.0 0.0 0.0 0.0 0.0 0.0 0.0 5.0 0.0 0.0 0.0 0.0 12.0 0.0 
0.0 0.0 0.0 0.0 0.0 20.0 0.0 13.0 0.0 0.0 0.0 0.0 0.0 0.0 0.0 0.0 29.0 0.0 14.0 16.0 33.0 
0.0 7.0 1.0 0.0 7.0 0.0 0.0 0.0 0.0 14.0 14.0 0.0 0.0 0.0 0.0 0.0 0.0 0.0 0.0 0.0 0.0 
0.0 0.0 0.0 4.0 0.0 0.0 0.0 0.0 0.0 0.0 0.0 5.0 0.0 0.0 0.0 0.0 0.0 0.0 0.0 21.0 0.0 
0.0 0.0 0.0 0.0 0.0 0.0 0.0 0.0 0.0 0.0 8.0 0.0 0.0 0.0 0.0 0.0 0.0 2.0 0.0 0.0 17.0 
0.0 27.0 0.0 0.0 0.0 0.0 0.0 27.0 20.0 12.0 10.0 0.0 29.0 0.0 0.0 0.0 0.0 0.0 0.0 0.0 0.0 
0.0 0.0 0.0 0.0 0.0 0.0 3.0 11.0 0.0 0.0 0.0 0.0 0.0 0.0 0.0 2.0 0.0 0.0 0.0 0.0 15.0 
0.0 0.0 0.0 0.0 0.0 3.0 0.0 0.0 0.0 0.0 0.0 0.0 14.0 0.0 0.0 0.0 0.0 0.0 0.0 5.0 0.0 
0.0 0.0 0.0 6.0 0.0 0.0 0.0 29.0 0.0 0.0 0.0 12.0 16.0 0.0 21.0 0.0 0.0 0.0 5.0 0.0 0.0 
39.0 0.0 0.0 0.0 0.0 0.0 0.0 0.0 0.0 40.0 0.0 0.0 33.0 0.0 0.0 17.0 0.0 15.0 0.0 0.0 0.0 
