q
45.0 1.0 50.0 52.0 36.0 80.0 41.0 35.0 76.0 108.0 50.0 
l
0.0 0.0 0.0 9.0 0.0 16.0 0.0 0.0 0.0 18.0 0.0 
0.0 0.0 0.0 0.0 0.0 0.0 0.0 0.0 0.0 0.0 1.0 
0.0 0.0 0.0 9.0 0.0 13.0 10.0 0.0 14.0 0.0 0.0 
9.0 0.0 9.0 0.0 0.0 10.0 0.0 0.0 4.0 16.0 0.0 
0.0 0.0 0.0 0.0 0.0 0.0 0.0 3.0 12.0 11.0 8.0 
16.0 0.0 13.0 10.0 0.0 0.0 14.0 0.0 6.0 0.0 16.0 
0.0 0.0 10.0 0.0 0.0 14.0 0.0 0.0 15.0 0.0 0.0 
0.0 0.0 0.0 0.0 3.0 0.0 0.0 0.0 0.0 22.0 8.0 
0.0 0.0 14.0 4.0 12.0 6.0 15.0 0.0 0.0 23.0 0.0 
18.0 0.0 0.0 16.0 11.0 0.0 0.0 22.0 23.0 0.0 12.0 
0.0 1.0 0.0 0.0 8.0 16.0 0.0 8.0 0.0 12.0 0.0 
