q
6.0 90.0 35.0 36.0 61.0 26.0 29.0 41.0 70.0 66.0 64.0 
l
0.0 0.0 4.0 0.0 0.0 0.0 0.0 0.0 0.0 0.0 2.0 
0.0 0.0 15.0 0.0 13.0 11.0 7.0 0.0 12.0 0.0 21.0 
4.0 15.0 0.0 0.0 0.0 0.0 0.0 0.0 3.0 8.0 0.0 
0.0 0.0 0.0 0.0 14.0 0.0 0.0 10.0 0.0 0.0 8.0 
0.0 13.0 0.0 14.0 0.0 0.0 11.0 0.0 14.0 5.0 0.0 
0.0 11.0 0.0 0.0 0.0 0.0 3.0 0.0 10.0 0.0 0.0 
0.0 7.0 0.0 0.0 11.0 3.0 0.0 0.0 7.0 0.0 0.0 
0.0 0.0 0.0 10.0 0.0 0.0 0.0 0.0 0.0 15.0 11.0 
0.0 12.0 3.0 0.0 14.0 10.0 7.0 0.0 0.0 18.0 0.0 
0.0 0.0 8.0 0.0 5.0 0.0 0.0 15.0 18.0 0.0 14.0 
2.0 21.0 0.0 8.0 0.0 0.0 0.0 11.0 0.0 14.0 0.0 
