q
86.0 55.0 183.0 40.0 92.0 210.0 34.0 70.0 2.0 49.0 73.0 50.0 69.0 15.0 91.0 130.0 110.0 37.0 225.0 148.0 68.0 105.0 
l
0.0 11.0 0.0 0.0 0.0 0.0 0.0 0.0 0.0 0.0 8.0 12.0 0.0 0.0 0.0 13.0 0.0 0.0 36.0 0.0 0.0 0.0 
11.0 0.0 0.0 0.0 13.0 0.0 0.0 0.0 0.0 0.0 15.0 0.0 0.0 0.0 0.0 11.0 0.0 3.0 0.0 0.0 0.0 0.0 
0.0 0.0 0.0 12.0 0.0 38.0 0.0 35.0 0.0 0.0 0.0 0.0 31.0 0.0 0.0 0.0 30.0 0.0 27.0 0.0 0.0 0.0 
0.0 0.0 12.0 0.0 0.0 0.0 0.0 0.0 1.0 0.0 0.0 0.0 3.0 0.0 0.0 0.0 0.0 0.0 0.0 13.0 10.0 0.0 
0.0 13.0 0.0 0.0 0.0 0.0 0.0 0.0 0.0 0.0 12.0 0.0 0.0 0.0 0.0 17.0 0.0 10.0 0.0 0.0 0.0 37.0 
0.0 0.0 38.0 0.0 0.0 0.0 0.0 0.0 0.0 0.0 0.0 24.0 0.0 0.0 0.0 51.0 34.0 0.0 24.0 0.0 29.0 0.0 
0.0 0.0 0.0 0.0 0.0 0.0 0.0 7.0 0.0 0.0 0.0 0.0 10.0 0.0 0.0 0.0 0.0 0.0 0.0 17.0 0.0 0.0 
0.0 0.0 35.0 0.0 0.0 0.0 7.0 0.0 0.0 0.0 0.0 0.0 2.0 7.0 0.0 0.0 0.0 0.0 0.0 14.0 0.0 0.0 
0.0 0.0 0.0 1.0 0.0 0.0 0.0 0.0 0.0 0.0 0.0 0.0 0.0 0.0 0.0 0.0 0.0 0.0 0.0 0.0 0.0 1.0 
0.0 0.0 0.0 0.0 0.0 0.0 0.0 0.0 0.0 0.0 0.0 0.0 0.0 0.0 20.0 0.0 25.0 0.0 0.0 0.0 0.0 0.0 
8.0 15.0 0.0 0.0 12.0 0.0 0.0 0.0 0.0 0.0 0.0 0.0 0.0 0.0 0.0 0.0 0.0 0.0 34.0 0.0 0.0 0.0 
12.0 0.0 0.0 0.0 0.0 24.0 0.0 0.0 0.0 0.0 0.0 0.0 0.0 0.0 0.0 11.0 0.0 0.0 0.0 0.0 0.0 0.0 
0.0 0.0 31.0 3.0 0.0 0.0 10.0 2.0 0.0 0.0 0.0 0.0 0.0 8.0 0.0 0.0 0.0 0.0 0.0 14.0 0.0 0.0 
0.0 0.0 0.0 0.0 0.0 0.0 0.0 7.0 0.0 0.0 0.0 0.0 8.0 0.0 0.0 0.0 0.0 0.0 0.0 0.0 0.0 0.0 
0.0 0.0 0.0 0.0 0.0 0.0 0.0 0.0 0.0 20.0 0.0 0.0 0.0 0.0 0.0 0.0 14.0 0.0 50.0 0.0 0.0 0.0 
13.0 11.0 0.0 0.0 17.0 51.0 0.0 0.0 0.0 0.0 0.0 11.0 0.0 0.0 0.0 0.0 0.0 24.0 0.0 0.0 0.0 0.0 
0.0 0.0 30.0 0.0 0.0 34.0 0.0 0.0 0.0 25.0 0.0 0.0 0.0 0.0 14.0 0.0 0.0 0.0 0.0 0.0 0.0 0.0 
0.0 3.0 0.0 0.0 10.0 0.0 0.0 0.0 0.0 0.0 0.0 0.0 0.0 0.0 0.0 24.0 0.0 0.0 0.0 0.0 0.0 0.0 
36.0 0.0 27.0 0.0 0.0 24.0 0.0 0.0 0.0 0.0 34.0 0.0 0.0 0.0 50.0 0.0 0.0 0.0 0.0 44.0 0.0 0.0 
0.0 0.0 0.0 13.0 0.0 0.0 17.0 14.0 0.0 0.0 0.0 0.0 14.0 0.0 0.0 0.0 0.0 0.0 44.0 0.0 0.0 40.0 
0.0 0.0 0.0 10.0 0.0 29.0 0.0 0.0 0.0 0.0 0.0 0.0 0.0 0.0 0.0 0.0 0.0 0.0 0.0 0.0 0.0 22.0 
0.0 0.0 0.0 0.0 37.0 0.0 0.0 0.0 1.0 0.0 0.0 0.0 0.0 0.0 0.0 0.0 0.0 0.0 0.0 40.0 22.0 0.0 
