q
55.0 173.0 61.0 155.0 49.0 60.0 30.0 30.0 72.0 49.0 184.0 65.0 112.0 29.0 1.0 28.0 53.0 54.0 44.0 32.0 168.0 195.0 130.0 127.0 
l
0.0 0.0 13.0 0.0 0.0 0.0 0.0 0.0 17.0 0.0 0.0 0.0 0.0 0.0 0.0 0.0 0.0 0.0 0.0 0.0 0.0 23.0 0.0 0.0 
0.0 0.0 20.0 20.0 0.0 21.0 0.0 0.0 0.0 0.0 44.0 0.0 31.0 0.0 0.0 0.0 0.0 27.0 0.0 0.0 0.0 0.0 0.0 0.0 
13.0 20.0 0.0 0.0 0.0 0.0 0.0 0.0 0.0 0.0 11.0 0.0 0.0 0.0 0.0 0.0 0.0 0.0 0.0 0.0 0.0 14.0 0.0 0.0 
0.0 20.0 0.0 0.0 0.0 22.0 0.0 0.0 0.0 0.0 0.0 0.0 14.0 0.0 0.0 0.0 18.0 0.0 0.0 0.0 34.0 0.0 0.0 38.0 
0.0 0.0 0.0 0.0 0.0 0.0 0.0 0.0 0.0 0.0 22.0 4.0 0.0 0.0 0.0 0.0 0.0 0.0 2.0 0.0 0.0 0.0 18.0 0.0 
0.0 21.0 0.0 22.0 0.0 0.0 0.0 0.0 0.0 0.0 0.0 0.0 14.0 0.0 0.0 0.0 0.0 0.0 0.0 0.0 0.0 0.0 0.0 0.0 
0.0 0.0 0.0 0.0 0.0 0.0 0.0 0.0 0.0 0.0 0.0 0.0 0.0 0.0 0.0 0.0 11.0 0.0 0.0 2.0 17.0 0.0 0.0 0.0 
0.0 0.0 0.0 0.0 0.0 0.0 0.0 0.0 0.0 9.0 0.0 0.0 0.0 2.0 0.0 2.0 0.0 0.0 0.0 0.0 0.0 0.0 16.0 0.0 
17.0 0.0 0.0 0.0 0.0 0.0 0.0 0.0 0.0 0.0 0.0 0.0 26.0 0.0 0.0 0.0 0.0 0.0 0.0 0.0 22.0 0.0 0.0 0.0 
0.0 0.0 0.0 0.0 0.0 0.0 0.0 9.0 0.0 0.0 0.0 0.0 0.0 9.0 0.0 6.0 0.0 0.0 0.0 0.0 22.0 0.0 0.0 0.0 
0.0 44.0 11.0 0.0 22.0 0.0 0.0 0.0 0.0 0.0 0.0 31.0 0.0 0.0 0.0 0.0 0.0 0.0 24.0 0.0 0.0 41.0 0.0 0.0 
0.0 0.0 0.0 0.0 4.0 0.0 0.0 0.0 0.0 0.0 31.0 0.0 0.0 0.0 0.0 0.0 0.0 9.0 0.0 0.0 0.0 0.0 0.0 18.0 
0.0 31.0 0.0 14.0 0.0 14.0 0.0 0.0 26.0 0.0 0.0 0.0 0.0 0.0 0.0 0.0 14.0 0.0 0.0 6.0 0.0 0.0 0.0 0.0 
0.0 0.0 0.0 0.0 0.0 0.0 0.0 2.0 0.0 9.0 0.0 0.0 0.0 0.0 0.0 0.0 0.0 0.0 0.0 0.0 0.0 0.0 0.0 16.0 
0.0 0.0 0.0 0.0 0.0 0.0 0.0 0.0 0.0 0.0 0.0 0.0 0.0 0.0 0.0 0.0 0.0 0.0 0.0 0.0 0.0 0.0 1.0 0.0 
0.0 0.0 0.0 0.0 0.0 0.0 0.0 2.0 0.0 6.0 0.0 0.0 0.0 0.0 0.0 0.0 0.0 0.0 0.0 0.0 0.0 20.0 0.0 0.0 
0.0 0.0 0.0 18.0 0.0 0.0 11.0 0.0 0.0 0.0 0.0 0.0 14.0 0.0 0.0 0.0 0.0 0.0 0.0 5.0 0.0 0.0 0.0 0.0 
0.0 27.0 0.0 0.0 0.0 0.0 0.0 0.0 0.0 0.0 0.0 9.0 0.0 0.0 0.0 0.0 0.0 0.0 0.0 0.0 0.0 0.0 0.0 16.0 
0.0 0.0 0.0 0.0 2.0 0.0 0.0 0.0 0.0 0.0 24.0 0.0 0.0 0.0 0.0 0.0 0.0 0.0 0.0 0.0 0.0 0.0 17.0 0.0 
0.0 0.0 0.0 0.0 0.0 0.0 2.0 0.0 0.0 0.0 0.0 0.0 6.0 0.0 0.0 0.0 5.0 0.0 0.0 0.0 16.0 0.0 0.0 0.0 
0.0 0.0 0.0 34.0 0.0 0.0 17.0 0.0 22.0 22.0 0.0 0.0 0.0 0.0 0.0 0.0 0.0 0.0 0.0 16.0 0.0 45.0 0.0 0.0 
23.0 0.0 14.0 0.0 0.0 0.0 0.0 0.0 0.0 0.0 41.0 0.0 0.0 0.0 0.0 20.0 0.0 0.0 0.0 0.0 45.0 0.0 41.0 0.0 
0.0 0.0 0.0 0.0 18.0 0.0 0.0 16.0 0.0 0.0 0.0 0.0 0.0 0.0 1.0 0.0 0.0 0.0 17.0 0.0 0.0 41.0 0.0 32.0 
0.0 0.0 0.0 38.0 0.0 0.0 0.0 0.0 0.0 0.0 0.0 18.0 0.0 16.0 0.0 0.0 0.0 16.0 0.0 0.0 0.0 0.0 32.0 0.0 
