q
75.0 263.0 194.0 57.0 56.0 104.0 92.0 158.0 156.0 50.0 2.0 57.0 61.0 59.0 74.0 176.0 76.0 123.0 12.0 42.0 69.0 0.0 115.0 0.0 5.0 
l
0.0 37.0 0.0 0.0 0.0 0.0 0.0 0.0 0.0 17.0 0.0 0.0 0.0 0.0 11.0 0.0 8.0 0.0 0.0 0.0 0.0 0.0 0.0 0.0 0.0 
37.0 0.0 0.0 0.0 0.0 0.0 0.0 0.0 34.0 0.0 0.0 0.0 0.0 0.0 0.0 71.0 28.0 47.0 0.0 0.0 33.0 0.0 0.0 0.0 0.0 
0.0 0.0 0.0 0.0 0.0 30.0 0.0 57.0 0.0 23.0 0.0 0.0 0.0 0.0 20.0 0.0 0.0 0.0 0.0 0.0 29.0 0.0 26.0 0.0 0.0 
0.0 0.0 0.0 0.0 6.0 0.0 0.0 34.0 0.0 0.0 0.0 12.0 0.0 0.0 0.0 0.0 0.0 0.0 4.0 0.0 0.0 0.0 0.0 0.0 0.0 
0.0 0.0 0.0 6.0 0.0 0.0 20.0 28.0 0.0 0.0 0.0 0.0 0.0 0.0 0.0 0.0 0.0 0.0 0.0 0.0 0.0 0.0 0.0 0.0 0.0 
0.0 0.0 30.0 0.0 0.0 0.0 0.0 0.0 0.0 0.0 0.0 0.0 0.0 17.0 16.0 0.0 13.0 22.0 0.0 0.0 0.0 0.0 0.0 0.0 0.0 
0.0 0.0 0.0 0.0 20.0 0.0 0.0 0.0 27.0 0.0 0.0 8.0 0.0 0.0 0.0 20.0 0.0 0.0 3.0 10.0 0.0 0.0 0.0 0.0 0.0 
0.0 0.0 57.0 34.0 28.0 0.0 0.0 0.0 33.0 0.0 0.0 0.0 0.0 0.0 0.0 0.0 0.0 0.0 0.0 0.0 0.0 0.0 0.0 0.0 1.0 
0.0 34.0 0.0 0.0 0.0 0.0 27.0 33.0 0.0 0.0 0.0 0.0 0.0 0.0 0.0 15.0 0.0 0.0 0.0 0.0 0.0 0.0 41.0 0.0 0.0 
17.0 0.0 23.0 0.0 0.0 0.0 0.0 0.0 0.0 0.0 0.0 0.0 0.0 0.0 10.0 0.0 0.0 0.0 0.0 0.0 0.0 0.0 0.0 0.0 0.0 
0.0 0.0 0.0 0.0 0.0 0.0 0.0 0.0 0.0 0.0 0.0 0.0 1.0 0.0 0.0 0.0 0.0 1.0 0.0 0.0 0.0 0.0 0.0 0.0 0.0 
0.0 0.0 0.0 12.0 0.0 0.0 8.0 0.0 0.0 0.0 0.0 0.0 0.0 0.0 0.0 31.0 0.0 0.0 5.0 0.0 0.0 0.0 0.0 0.0 0.0 
0.0 0.0 0.0 0.0 0.0 0.0 0.0 0.0 0.0 0.0 1.0 0.0 0.0 6.0 0.0 0.0 0.0 24.0 0.0 0.0 0.0 0.0 22.0 0.0 0.0 
0.0 0.0 0.0 0.0 0.0 17.0 0.0 0.0 0.0 0.0 0.0 0.0 6.0 0.0 0.0 0.0 0.0 13.0 0.0 0.0 0.0 0.0 18.0 0.0 0.0 
11.0 0.0 20.0 0.0 0.0 16.0 0.0 0.0 0.0 10.0 0.0 0.0 0.0 0.0 0.0 0.0 15.0 0.0 0.0 0.0 0.0 0.0 0.0 0.0 0.0 
0.0 71.0 0.0 0.0 0.0 0.0 20.0 0.0 15.0 0.0 0.0 31.0 0.0 0.0 0.0 0.0 0.0 0.0 0.0 31.0 0.0 0.0 0.0 0.0 2.0 
8.0 28.0 0.0 0.0 0.0 13.0 0.0 0.0 0.0 0.0 0.0 0.0 0.0 0.0 15.0 0.0 0.0 10.0 0.0 0.0 0.0 0.0 0.0 0.0 0.0 
0.0 47.0 0.0 0.0 0.0 22.0 0.0 0.0 0.0 0.0 1.0 0.0 24.0 13.0 0.0 0.0 10.0 0.0 0.0 0.0 0.0 0.0 0.0 0.0 0.0 
0.0 0.0 0.0 4.0 0.0 0.0 3.0 0.0 0.0 0.0 0.0 5.0 0.0 0.0 0.0 0.0 0.0 0.0 0.0 0.0 0.0 0.0 0.0 0.0 0.0 
0.0 0.0 0.0 0.0 0.0 0.0 10.0 0.0 0.0 0.0 0.0 0.0 0.0 0.0 0.0 31.0 0.0 0.0 0.0 0.0 0.0 0.0 0.0 0.0 0.0 
0.0 33.0 29.0 0.0 0.0 0.0 0.0 0.0 0.0 0.0 0.0 0.0 0.0 0.0 0.0 0.0 0.0 0.0 0.0 0.0 0.0 0.0 0.0 0.0 2.0 
0.0 0.0 0.0 0.0 0.0 0.0 0.0 0.0 0.0 0.0 0.0 0.0 0.0 0.0 0.0 0.0 0.0 0.0 0.0 0.0 0.0 0.0 0.0 0.0 0.0 
0.0 0.0 26.0 0.0 0.0 0.0 0.0 0.0 41.0 0.0 0.0 0.0 22.0 18.0 0.0 0.0 0.0 0.0 0.0 0.0 0.0 0.0 0.0 0.0 0.0 
0.0 0.0 0.0 0.0 0.0 0.0 0.0 0.0 0.0 0.0 0.0 0.0 0.0 0.0 0.0 0.0 0.0 0.0 0.0 0.0 0.0 0.0 0.0 0.0 0.0 
0.0 0.0 0.0 0.0 0.0 0.0 0.0 1.0 0.0 0.0 0.0 0.0 0.0 0.0 0.0 2.0 0.0 0.0 0.0 0.0 2.0 0.0 0.0 0.0 0.0 
