q
53.0 80.0 50.0 69.0 55.0 56.0 55.0 1.0 1.0 12.0 178.0 82.0 70.0 39.0 53.0 52.0 56.0 18.0 82.0 42.0 153.0 158.0 223.0 164.0 
l
0.0 0.0 0.0 13.0 0.0 0.0 0.0 0.0 0.0 1.0 0.0 0.0 0.0 0.0 0.0 9.0 0.0 0.0 0.0 0.0 27.0 0.0 0.0 0.0 
0.0 0.0 14.0 0.0 0.0 10.0 15.0 0.0 0.0 0.0 0.0 18.0 0.0 0.0 10.0 0.0 10.0 0.0 0.0 0.0 0.0 0.0 0.0 0.0 
0.0 14.0 0.0 0.0 0.0 0.0 5.0 0.0 0.0 0.0 0.0 0.0 0.0 0.0 0.0 0.0 9.0 0.0 0.0 0.0 0.0 22.0 0.0 0.0 
13.0 0.0 0.0 0.0 9.0 0.0 0.0 0.0 0.0 5.0 22.0 0.0 0.0 0.0 0.0 9.0 0.0 0.0 11.0 0.0 0.0 0.0 0.0 0.0 
0.0 0.0 0.0 9.0 0.0 0.0 0.0 0.0 0.0 0.0 11.0 0.0 6.0 5.0 0.0 0.0 0.0 0.0 13.0 10.0 0.0 0.0 0.0 0.0 
0.0 10.0 0.0 0.0 0.0 0.0 0.0 0.0 0.0 0.0 0.0 9.0 0.0 0.0 0.0 0.0 1.0 2.0 0.0 0.0 0.0 0.0 32.0 0.0 
0.0 15.0 5.0 0.0 0.0 0.0 0.0 0.0 0.0 0.0 0.0 0.0 0.0 0.0 7.0 0.0 0.0 0.0 0.0 0.0 0.0 26.0 0.0 0.0 
0.0 0.0 0.0 0.0 0.0 0.0 0.0 0.0 0.0 0.0 0.0 0.0 0.0 0.0 0.0 0.0 0.0 0.0 0.0 0.0 1.0 0.0 0.0 0.0 
0.0 0.0 0.0 0.0 0.0 0.0 0.0 0.0 0.0 0.0 0.0 0.0 0.0 0.0 0.0 0.0 0.0 0.0 0.0 0.0 0.0 1.0 0.0 0.0 
1.0 0.0 0.0 5.0 0.0 0.0 0.0 0.0 0.0 0.0 0.0 0.0 0.0 0.0 0.0 0.0 0.0 0.0 0.0 0.0 6.0 0.0 0.0 0.0 
0.0 0.0 0.0 22.0 11.0 0.0 0.0 0.0 0.0 0.0 0.0 0.0 0.0 19.0 0.0 0.0 0.0 0.0 0.0 32.0 40.0 0.0 47.0 0.0 
0.0 18.0 0.0 0.0 0.0 9.0 0.0 0.0 0.0 0.0 0.0 0.0 0.0 0.0 13.0 0.0 0.0 4.0 0.0 0.0 0.0 0.0 0.0 35.0 
0.0 0.0 0.0 0.0 6.0 0.0 0.0 0.0 0.0 0.0 0.0 0.0 0.0 13.0 0.0 0.0 0.0 0.0 16.0 0.0 0.0 0.0 34.0 0.0 
0.0 0.0 0.0 0.0 5.0 0.0 0.0 0.0 0.0 0.0 19.0 0.0 13.0 0.0 0.0 0.0 0.0 0.0 0.0 0.0 0.0 0.0 0.0 0.0 
0.0 10.0 0.0 0.0 0.0 0.0 7.0 0.0 0.0 0.0 0.0 13.0 0.0 0.0 0.0 0.0 0.0 0.0 0.0 0.0 0.0 19.0 0.0 0.0 
9.0 0.0 0.0 9.0 0.0 0.0 0.0 0.0 0.0 0.0 0.0 0.0 0.0 0.0 0.0 0.0 0.0 0.0 7.0 0.0 0.0 0.0 0.0 24.0 
0.0 10.0 9.0 0.0 0.0 1.0 0.0 0.0 0.0 0.0 0.0 0.0 0.0 0.0 0.0 0.0 0.0 0.0 0.0 0.0 0.0 0.0 31.0 0.0 
0.0 0.0 0.0 0.0 0.0 2.0 0.0 0.0 0.0 0.0 0.0 4.0 0.0 0.0 0.0 0.0 0.0 0.0 0.0 0.0 0.0 0.0 0.0 10.0 
0.0 0.0 0.0 11.0 13.0 0.0 0.0 0.0 0.0 0.0 0.0 0.0 16.0 0.0 0.0 7.0 0.0 0.0 0.0 0.0 0.0 0.0 0.0 29.0 
0.0 0.0 0.0 0.0 10.0 0.0 0.0 0.0 0.0 0.0 32.0 0.0 0.0 0.0 0.0 0.0 0.0 0.0 0.0 0.0 0.0 0.0 0.0 0.0 
27.0 0.0 0.0 0.0 0.0 0.0 0.0 1.0 0.0 6.0 40.0 0.0 0.0 0.0 0.0 0.0 0.0 0.0 0.0 0.0 0.0 46.0 0.0 24.0 
0.0 0.0 22.0 0.0 0.0 0.0 26.0 0.0 1.0 0.0 0.0 0.0 0.0 0.0 19.0 0.0 0.0 0.0 0.0 0.0 46.0 0.0 40.0 0.0 
0.0 0.0 0.0 0.0 0.0 32.0 0.0 0.0 0.0 0.0 47.0 0.0 34.0 0.0 0.0 0.0 31.0 0.0 0.0 0.0 0.0 40.0 0.0 32.0 
0.0 0.0 0.0 0.0 0.0 0.0 0.0 0.0 0.0 0.0 0.0 35.0 0.0 0.0 0.0 24.0 0.0 10.0 29.0 0.0 24.0 0.0 32.0 0.0 
