q
108.0 84.0 1.0 121.0 85.0 101.0 68.0 71.0 16.0 103.0 64.0 70.0 94.0 212.0 1.0 72.0 142.0 51.0 111.0 1.0 163.0 203.0 226.0 264.0 
l
0.0 0.0 0.0 0.0 0.0 0.0 0.0 0.0 0.0 24.0 0.0 0.0 0.0 0.0 0.0 16.0 25.0 0.0 0.0 0.0 0.0 0.0 38.0 0.0 
0.0 0.0 0.0 0.0 18.0 0.0 0.0 6.0 0.0 0.0 0.0 0.0 0.0 0.0 0.0 0.0 0.0 16.0 0.0 0.0 0.0 0.0 41.0 0.0 
0.0 0.0 0.0 0.0 0.0 0.0 0.0 0.0 0.0 0.0 0.0 0.0 0.0 0.0 0.0 0.0 0.0 0.0 0.0 0.0 0.0 1.0 0.0 0.0 
0.0 0.0 0.0 0.0 14.0 0.0 0.0 22.0 0.0 0.0 0.0 0.0 0.0 53.0 0.0 0.0 0.0 26.0 0.0 0.0 0.0 0.0 0.0 0.0 
0.0 18.0 0.0 14.0 0.0 0.0 0.0 0.0 0.0 0.0 0.0 0.0 0.0 0.0 0.0 0.0 0.0 7.0 0.0 0.0 0.0 38.0 0.0 0.0 
0.0 0.0 0.0 0.0 0.0 0.0 13.0 0.0 0.0 0.0 16.0 0.0 16.0 0.0 0.0 0.0 0.0 0.0 22.0 0.0 29.0 0.0 0.0 0.0 
0.0 0.0 0.0 0.0 0.0 13.0 0.0 0.0 2.0 0.0 14.0 0.0 5.0 0.0 0.0 0.0 0.0 0.0 0.0 0.0 0.0 0.0 0.0 31.0 
0.0 6.0 0.0 22.0 0.0 0.0 0.0 0.0 0.0 0.0 0.0 0.0 0.0 0.0 0.0 0.0 0.0 0.0 0.0 0.0 0.0 0.0 36.0 0.0 
0.0 0.0 0.0 0.0 0.0 0.0 2.0 0.0 0.0 0.0 1.0 0.0 0.0 12.0 0.0 0.0 0.0 0.0 0.0 0.0 0.0 0.0 0.0 0.0 
24.0 0.0 0.0 0.0 0.0 0.0 0.0 0.0 0.0 0.0 0.0 16.0 0.0 0.0 0.0 0.0 22.0 0.0 0.0 0.0 0.0 37.0 0.0 0.0 
0.0 0.0 0.0 0.0 0.0 16.0 14.0 0.0 1.0 0.0 0.0 0.0 0.0 29.0 0.0 0.0 0.0 0.0 0.0 0.0 0.0 0.0 0.0 0.0 
0.0 0.0 0.0 0.0 0.0 0.0 0.0 0.0 0.0 16.0 0.0 0.0 0.0 0.0 0.0 0.0 17.0 0.0 10.0 0.0 23.0 0.0 0.0 0.0 
0.0 0.0 0.0 0.0 0.0 16.0 5.0 0.0 0.0 0.0 0.0 0.0 0.0 0.0 0.0 0.0 0.0 0.0 21.0 0.0 0.0 0.0 0.0 48.0 
0.0 0.0 0.0 53.0 0.0 0.0 0.0 0.0 12.0 0.0 29.0 0.0 0.0 0.0 0.0 0.0 0.0 0.0 0.0 0.0 30.0 33.0 0.0 48.0 
0.0 0.0 0.0 0.0 0.0 0.0 0.0 0.0 0.0 0.0 0.0 0.0 0.0 0.0 0.0 0.0 0.0 0.0 0.0 0.0 0.0 0.0 1.0 0.0 
16.0 0.0 0.0 0.0 0.0 0.0 0.0 0.0 0.0 0.0 0.0 0.0 0.0 0.0 0.0 0.0 16.0 0.0 0.0 0.0 0.0 0.0 0.0 32.0 
25.0 0.0 0.0 0.0 0.0 0.0 0.0 0.0 0.0 22.0 0.0 17.0 0.0 0.0 0.0 16.0 0.0 0.0 27.0 0.0 0.0 0.0 0.0 26.0 
0.0 16.0 0.0 26.0 7.0 0.0 0.0 0.0 0.0 0.0 0.0 0.0 0.0 0.0 0.0 0.0 0.0 0.0 0.0 0.0 0.0 0.0 0.0 0.0 
0.0 0.0 0.0 0.0 0.0 22.0 0.0 0.0 0.0 0.0 0.0 10.0 21.0 0.0 0.0 0.0 27.0 0.0 0.0 0.0 25.0 0.0 0.0 0.0 
0.0 0.0 0.0 0.0 0.0 0.0 0.0 0.0 0.0 0.0 0.0 0.0 0.0 0.0 0.0 0.0 0.0 0.0 0.0 0.0 1.0 0.0 0.0 0.0 
0.0 0.0 0.0 0.0 0.0 29.0 0.0 0.0 0.0 0.0 0.0 23.0 0.0 30.0 0.0 0.0 0.0 0.0 25.0 1.0 0.0 45.0 0.0 0.0 
0.0 0.0 1.0 0.0 38.0 0.0 0.0 0.0 0.0 37.0 0.0 0.0 0.0 33.0 0.0 0.0 0.0 0.0 0.0 0.0 45.0 0.0 36.0 0.0 
38.0 41.0 0.0 0.0 0.0 0.0 0.0 36.0 0.0 0.0 0.0 0.0 0.0 0.0 1.0 0.0 0.0 0.0 0.0 0.0 0.0 36.0 0.0 63.0 
0.0 0.0 0.0 0.0 0.0 0.0 31.0 0.0 0.0 0.0 0.0 0.0 48.0 48.0 0.0 32.0 26.0 0.0 0.0 0.0 0.0 0.0 63.0 0.0 
