q
86.0 138.0 49.0 86.0 82.0 1.0 2.0 58.0 27.0 106.0 95.0 112.0 84.0 74.0 165.0 17.0 38.0 151.0 49.0 285.0 241.0 232.0 248.0 206.0 
l
0.0 0.0 0.0 0.0 0.0 0.0 0.0 0.0 0.0 13.0 0.0 0.0 0.0 0.0 31.0 0.0 0.0 0.0 0.0 0.0 0.0 0.0 40.0 0.0 
0.0 0.0 0.0 13.0 0.0 0.0 0.0 13.0 0.0 0.0 0.0 23.0 0.0 0.0 0.0 0.0 0.0 33.0 0.0 0.0 0.0 49.0 0.0 0.0 
0.0 0.0 0.0 0.0 3.0 0.0 0.0 0.0 2.0 0.0 0.0 0.0 0.0 0.0 20.0 0.0 0.0 0.0 0.0 0.0 0.0 0.0 0.0 21.0 
0.0 13.0 0.0 0.0 0.0 0.0 0.0 14.0 0.0 0.0 0.0 6.0 0.0 0.0 0.0 0.0 0.0 0.0 7.0 43.0 0.0 0.0 0.0 0.0 
0.0 0.0 3.0 0.0 0.0 0.0 0.0 0.0 7.0 0.0 0.0 0.0 0.0 0.0 26.0 0.0 0.0 0.0 0.0 0.0 0.0 0.0 39.0 0.0 
0.0 0.0 0.0 0.0 0.0 0.0 0.0 0.0 0.0 0.0 0.0 0.0 0.0 0.0 0.0 0.0 0.0 0.0 0.0 0.0 0.0 0.0 0.0 1.0 
0.0 0.0 0.0 0.0 0.0 0.0 0.0 0.0 0.0 1.0 0.0 0.0 0.0 0.0 0.0 0.0 0.0 0.0 0.0 0.0 0.0 1.0 0.0 0.0 
0.0 13.0 0.0 14.0 0.0 0.0 0.0 0.0 0.0 0.0 0.0 0.0 0.0 0.0 0.0 0.0 0.0 0.0 0.0 0.0 0.0 28.0 0.0 0.0 
0.0 0.0 2.0 0.0 7.0 0.0 0.0 0.0 0.0 0.0 0.0 0.0 0.0 0.0 0.0 0.0 0.0 0.0 0.0 0.0 0.0 0.0 0.0 16.0 
13.0 0.0 0.0 0.0 0.0 0.0 1.0 0.0 0.0 0.0 0.0 0.0 0.0 16.0 22.0 6.0 0.0 0.0 0.0 0.0 0.0 43.0 0.0 0.0 
0.0 0.0 0.0 0.0 0.0 0.0 0.0 0.0 0.0 0.0 0.0 17.0 18.0 0.0 0.0 0.0 0.0 20.0 0.0 30.0 0.0 0.0 0.0 0.0 
0.0 23.0 0.0 6.0 0.0 0.0 0.0 0.0 0.0 0.0 17.0 0.0 0.0 0.0 0.0 0.0 0.0 22.0 11.0 29.0 0.0 0.0 0.0 0.0 
0.0 0.0 0.0 0.0 0.0 0.0 0.0 0.0 0.0 0.0 18.0 0.0 0.0 0.0 0.0 0.0 0.0 22.0 0.0 0.0 0.0 0.0 0.0 37.0 
0.0 0.0 0.0 0.0 0.0 0.0 0.0 0.0 0.0 16.0 0.0 0.0 0.0 0.0 19.0 2.0 7.0 0.0 0.0 0.0 28.0 0.0 0.0 0.0 
31.0 0.0 20.0 0.0 26.0 0.0 0.0 0.0 0.0 22.0 0.0 0.0 0.0 19.0 0.0 0.0 0.0 0.0 0.0 0.0 41.0 0.0 0.0 0.0 
0.0 0.0 0.0 0.0 0.0 0.0 0.0 0.0 0.0 6.0 0.0 0.0 0.0 2.0 0.0 0.0 1.0 0.0 0.0 0.0 7.0 0.0 0.0 0.0 
0.0 0.0 0.0 0.0 0.0 0.0 0.0 0.0 0.0 0.0 0.0 0.0 0.0 7.0 0.0 1.0 0.0 0.0 0.0 0.0 27.0 0.0 0.0 0.0 
0.0 33.0 0.0 0.0 0.0 0.0 0.0 0.0 0.0 0.0 20.0 22.0 22.0 0.0 0.0 0.0 0.0 0.0 0.0 0.0 0.0 0.0 47.0 0.0 
0.0 0.0 0.0 7.0 0.0 0.0 0.0 0.0 0.0 0.0 0.0 11.0 0.0 0.0 0.0 0.0 0.0 0.0 0.0 29.0 0.0 0.0 0.0 0.0 
0.0 0.0 0.0 43.0 0.0 0.0 0.0 0.0 0.0 0.0 30.0 29.0 0.0 0.0 0.0 0.0 0.0 0.0 29.0 0.0 85.0 0.0 0.0 65.0 
0.0 0.0 0.0 0.0 0.0 0.0 0.0 0.0 0.0 0.0 0.0 0.0 0.0 28.0 41.0 7.0 27.0 0.0 0.0 85.0 0.0 46.0 0.0 0.0 
0.0 49.0 0.0 0.0 0.0 0.0 1.0 28.0 0.0 43.0 0.0 0.0 0.0 0.0 0.0 0.0 0.0 0.0 0.0 0.0 46.0 0.0 55.0 0.0 
40.0 0.0 0.0 0.0 39.0 0.0 0.0 0.0 0.0 0.0 0.0 0.0 0.0 0.0 0.0 0.0 0.0 47.0 0.0 0.0 0.0 55.0 0.0 56.0 
0.0 0.0 21.0 0.0 0.0 1.0 0.0 0.0 16.0 0.0 0.0 0.0 37.0 0.0 0.0 0.0 0.0 0.0 0.0 65.0 0.0 0.0 56.0 0.0 
