q
156.0 13.0 1.0 14.0 148.0 56.0 1.0 61.0 53.0 73.0 238.0 48.0 142.0 85.0 180.0 86.0 92.0 66.0 56.0 104.0 279.0 194.0 152.0 256.0 
l
0.0 0.0 0.0 5.0 26.0 19.0 0.0 0.0 0.0 0.0 0.0 0.0 37.0 0.0 20.0 0.0 0.0 0.0 0.0 0.0 40.0 0.0 0.0 0.0 
0.0 0.0 0.0 0.0 0.0 0.0 0.0 0.0 0.0 0.0 0.0 1.0 0.0 0.0 0.0 0.0 0.0 0.0 0.0 6.0 0.0 0.0 6.0 0.0 
0.0 0.0 0.0 0.0 0.0 0.0 0.0 0.0 0.0 0.0 0.0 0.0 0.0 0.0 0.0 0.0 0.0 0.0 0.0 0.0 0.0 0.0 0.0 1.0 
5.0 0.0 0.0 0.0 0.0 2.0 0.0 0.0 0.0 0.0 0.0 0.0 0.0 0.0 0.0 0.0 0.0 0.0 0.0 0.0 6.0 0.0 0.0 0.0 
26.0 0.0 0.0 0.0 0.0 8.0 0.0 24.0 13.0 0.0 29.0 0.0 0.0 0.0 40.0 0.0 0.0 0.0 0.0 0.0 0.0 0.0 0.0 0.0 
19.0 0.0 0.0 2.0 8.0 0.0 0.0 0.0 9.0 0.0 17.0 0.0 0.0 0.0 0.0 0.0 0.0 0.0 0.0 0.0 0.0 0.0 0.0 0.0 
0.0 0.0 0.0 0.0 0.0 0.0 0.0 0.0 0.0 0.0 0.0 0.0 0.0 0.0 0.0 0.0 0.0 0.0 0.0 0.0 0.0 1.0 0.0 0.0 
0.0 0.0 0.0 0.0 24.0 0.0 0.0 0.0 3.0 0.0 30.0 0.0 0.0 0.0 0.0 0.0 0.0 0.0 0.0 0.0 0.0 0.0 0.0 0.0 
0.0 0.0 0.0 0.0 13.0 9.0 0.0 3.0 0.0 0.0 28.0 0.0 0.0 0.0 0.0 0.0 0.0 0.0 0.0 0.0 0.0 0.0 0.0 0.0 
0.0 0.0 0.0 0.0 0.0 0.0 0.0 0.0 0.0 0.0 0.0 0.0 0.0 0.0 0.0 8.0 18.0 0.0 0.0 0.0 41.0 0.0 0.0 0.0 
0.0 0.0 0.0 0.0 29.0 17.0 0.0 30.0 28.0 0.0 0.0 0.0 0.0 0.0 0.0 0.0 0.0 0.0 0.0 0.0 63.0 0.0 0.0 54.0 
0.0 1.0 0.0 0.0 0.0 0.0 0.0 0.0 0.0 0.0 0.0 0.0 0.0 0.0 0.0 0.0 0.0 11.0 0.0 10.0 0.0 0.0 22.0 0.0 
37.0 0.0 0.0 0.0 0.0 0.0 0.0 0.0 0.0 0.0 0.0 0.0 0.0 15.0 35.0 0.0 0.0 0.0 0.0 30.0 0.0 21.0 0.0 0.0 
0.0 0.0 0.0 0.0 0.0 0.0 0.0 0.0 0.0 0.0 0.0 0.0 15.0 0.0 32.0 0.0 0.0 0.0 0.0 13.0 0.0 0.0 21.0 0.0 
20.0 0.0 0.0 0.0 40.0 0.0 0.0 0.0 0.0 0.0 0.0 0.0 35.0 32.0 0.0 0.0 0.0 0.0 0.0 0.0 0.0 0.0 0.0 43.0 
0.0 0.0 0.0 0.0 0.0 0.0 0.0 0.0 0.0 8.0 0.0 0.0 0.0 0.0 0.0 0.0 15.0 0.0 14.0 0.0 41.0 0.0 0.0 0.0 
0.0 0.0 0.0 0.0 0.0 0.0 0.0 0.0 0.0 18.0 0.0 0.0 0.0 0.0 0.0 15.0 0.0 0.0 4.0 0.0 0.0 0.0 0.0 48.0 
0.0 0.0 0.0 0.0 0.0 0.0 0.0 0.0 0.0 0.0 0.0 11.0 0.0 0.0 0.0 0.0 0.0 0.0 0.0 14.0 0.0 36.0 0.0 0.0 
0.0 0.0 0.0 0.0 0.0 0.0 0.0 0.0 0.0 0.0 0.0 0.0 0.0 0.0 0.0 14.0 4.0 0.0 0.0 0.0 0.0 0.0 0.0 35.0 
0.0 6.0 0.0 0.0 0.0 0.0 0.0 0.0 0.0 0.0 0.0 10.0 30.0 13.0 0.0 0.0 0.0 14.0 0.0 0.0 0.0 25.0 0.0 0.0 
40.0 0.0 0.0 6.0 0.0 0.0 0.0 0.0 0.0 41.0 63.0 0.0 0.0 0.0 0.0 41.0 0.0 0.0 0.0 0.0 0.0 67.0 0.0 0.0 
0.0 0.0 0.0 0.0 0.0 0.0 1.0 0.0 0.0 0.0 0.0 0.0 21.0 0.0 0.0 0.0 0.0 36.0 0.0 25.0 67.0 0.0 37.0 0.0 
0.0 6.0 0.0 0.0 0.0 0.0 0.0 0.0 0.0 0.0 0.0 22.0 0.0 21.0 0.0 0.0 0.0 0.0 0.0 0.0 0.0 37.0 0.0 62.0 
0.0 0.0 1.0 0.0 0.0 0.0 0.0 0.0 0.0 0.0 54.0 0.0 0.0 0.0 43.0 0.0 48.0 0.0 35.0 0.0 0.0 0.0 62.0 0.0 
