q
64.0 5.0 52.0 163.0 87.0 304.0 72.0 20.0 48.0 178.0 59.0 75.0 122.0 95.0 92.0 92.0 1.0 9.0 64.0 105.0 189.0 263.0 143.0 178.0 
l
0.0 0.0 0.0 0.0 12.0 0.0 0.0 0.0 0.0 0.0 0.0 0.0 0.0 0.0 13.0 0.0 0.0 0.0 0.0 0.0 0.0 35.0 0.0 0.0 
0.0 0.0 1.0 0.0 0.0 0.0 0.0 0.0 1.0 0.0 0.0 0.0 0.0 0.0 0.0 0.0 0.0 0.0 0.0 0.0 0.0 0.0 3.0 0.0 
0.0 1.0 0.0 26.0 0.0 0.0 0.0 0.0 1.0 0.0 0.0 0.0 0.0 0.0 0.0 0.0 0.0 0.0 0.0 0.0 0.0 0.0 19.0 0.0 
0.0 0.0 26.0 0.0 0.0 45.0 0.0 0.0 21.0 0.0 0.0 0.0 0.0 24.0 0.0 21.0 0.0 0.0 0.0 17.0 0.0 0.0 0.0 0.0 
12.0 0.0 0.0 0.0 0.0 0.0 0.0 0.0 0.0 29.0 0.0 0.0 0.0 0.0 9.0 0.0 0.0 0.0 0.0 0.0 33.0 0.0 0.0 0.0 
0.0 0.0 0.0 45.0 0.0 0.0 0.0 0.0 0.0 63.0 0.0 0.0 0.0 34.0 0.0 0.0 0.0 0.0 39.0 0.0 37.0 0.0 0.0 64.0 
0.0 0.0 0.0 0.0 0.0 0.0 0.0 0.0 0.0 0.0 0.0 0.0 0.0 14.0 0.0 11.0 0.0 0.0 11.0 0.0 29.0 0.0 0.0 0.0 
0.0 0.0 0.0 0.0 0.0 0.0 0.0 0.0 2.0 0.0 0.0 0.0 0.0 0.0 0.0 0.0 0.0 0.0 0.0 7.0 0.0 0.0 9.0 0.0 
0.0 1.0 1.0 21.0 0.0 0.0 0.0 2.0 0.0 0.0 0.0 0.0 0.0 0.0 0.0 0.0 0.0 0.0 0.0 11.0 0.0 0.0 11.0 0.0 
0.0 0.0 0.0 0.0 29.0 63.0 0.0 0.0 0.0 0.0 0.0 27.0 19.0 0.0 28.0 0.0 0.0 3.0 0.0 0.0 0.0 0.0 0.0 0.0 
0.0 0.0 0.0 0.0 0.0 0.0 0.0 0.0 0.0 0.0 0.0 7.0 27.0 0.0 0.0 0.0 0.0 0.0 0.0 0.0 0.0 0.0 0.0 23.0 
0.0 0.0 0.0 0.0 0.0 0.0 0.0 0.0 0.0 27.0 7.0 0.0 12.0 0.0 0.0 0.0 0.0 1.0 0.0 0.0 0.0 0.0 0.0 25.0 
0.0 0.0 0.0 0.0 0.0 0.0 0.0 0.0 0.0 19.0 27.0 12.0 0.0 0.0 11.0 0.0 0.0 0.0 0.0 0.0 0.0 45.0 0.0 0.0 
0.0 0.0 0.0 24.0 0.0 34.0 14.0 0.0 0.0 0.0 0.0 0.0 0.0 0.0 0.0 10.0 0.0 0.0 9.0 0.0 0.0 0.0 0.0 0.0 
13.0 0.0 0.0 0.0 9.0 0.0 0.0 0.0 0.0 28.0 0.0 0.0 11.0 0.0 0.0 0.0 0.0 0.0 0.0 0.0 0.0 28.0 0.0 0.0 
0.0 0.0 0.0 21.0 0.0 0.0 11.0 0.0 0.0 0.0 0.0 0.0 0.0 10.0 0.0 0.0 0.0 0.0 0.0 18.0 26.0 0.0 0.0 0.0 
0.0 0.0 0.0 0.0 0.0 0.0 0.0 0.0 0.0 0.0 0.0 0.0 0.0 0.0 0.0 0.0 0.0 0.0 0.0 0.0 1.0 0.0 0.0 0.0 
0.0 0.0 0.0 0.0 0.0 0.0 0.0 0.0 0.0 3.0 0.0 1.0 0.0 0.0 0.0 0.0 0.0 0.0 0.0 0.0 0.0 0.0 0.0 4.0 
0.0 0.0 0.0 0.0 0.0 39.0 11.0 0.0 0.0 0.0 0.0 0.0 0.0 9.0 0.0 0.0 0.0 0.0 0.0 0.0 0.0 0.0 0.0 0.0 
0.0 0.0 0.0 17.0 0.0 0.0 0.0 7.0 11.0 0.0 0.0 0.0 0.0 0.0 0.0 18.0 0.0 0.0 0.0 0.0 0.0 46.0 0.0 0.0 
0.0 0.0 0.0 0.0 33.0 37.0 29.0 0.0 0.0 0.0 0.0 0.0 0.0 0.0 0.0 26.0 1.0 0.0 0.0 0.0 0.0 48.0 0.0 0.0 
35.0 0.0 0.0 0.0 0.0 0.0 0.0 0.0 0.0 0.0 0.0 0.0 45.0 0.0 28.0 0.0 0.0 0.0 0.0 46.0 48.0 0.0 48.0 0.0 
0.0 3.0 19.0 0.0 0.0 0.0 0.0 9.0 11.0 0.0 0.0 0.0 0.0 0.0 0.0 0.0 0.0 0.0 0.0 0.0 0.0 48.0 0.0 42.0 
0.0 0.0 0.0 0.0 0.0 64.0 0.0 0.0 0.0 0.0 23.0 25.0 0.0 0.0 0.0 0.0 0.0 4.0 0.0 0.0 0.0 0.0 42.0 0.0 
