q
51.0 63.0 232.0 133.0 59.0 66.0 71.0 152.0 53.0 187.0 276.0 63.0 220.0 217.0 185.0 289.0 19.0 71.0 84.0 240.0 49.0 
l
0.0 0.0 0.0 0.0 0.0 0.0 0.0 0.0 4.0 0.0 0.0 0.0 0.0 39.0 0.0 0.0 0.0 0.0 8.0 0.0 0.0 
0.0 0.0 0.0 0.0 10.0 0.0 0.0 46.0 0.0 0.0 0.0 0.0 0.0 0.0 0.0 0.0 0.0 0.0 0.0 0.0 0.0 
0.0 0.0 0.0 0.0 0.0 0.0 0.0 34.0 0.0 50.0 29.0 0.0 0.0 0.0 29.0 49.0 0.0 35.0 0.0 0.0 0.0 
0.0 0.0 0.0 0.0 0.0 23.0 0.0 0.0 0.0 0.0 67.0 15.0 0.0 0.0 0.0 0.0 0.0 13.0 0.0 0.0 0.0 
0.0 10.0 0.0 0.0 0.0 0.0 0.0 0.0 0.0 48.0 0.0 0.0 0.0 0.0 0.0 0.0 0.0 0.0 0.0 0.0 0.0 
0.0 0.0 0.0 23.0 0.0 0.0 0.0 0.0 0.0 0.0 0.0 6.0 0.0 0.0 32.0 0.0 0.0 0.0 0.0 0.0 0.0 
0.0 0.0 0.0 0.0 0.0 0.0 0.0 0.0 0.0 0.0 0.0 0.0 29.0 0.0 0.0 0.0 4.0 0.0 0.0 37.0 0.0 
0.0 46.0 34.0 0.0 0.0 0.0 0.0 0.0 0.0 16.0 44.0 0.0 0.0 0.0 0.0 0.0 0.0 0.0 0.0 0.0 0.0 
4.0 0.0 0.0 0.0 0.0 0.0 0.0 0.0 0.0 0.0 0.0 0.0 0.0 35.0 0.0 0.0 0.0 0.0 10.0 0.0 0.0 
0.0 0.0 50.0 0.0 48.0 0.0 0.0 16.0 0.0 0.0 0.0 0.0 68.0 0.0 0.0 0.0 0.0 0.0 0.0 0.0 0.0 
0.0 0.0 29.0 67.0 0.0 0.0 0.0 44.0 0.0 0.0 0.0 0.0 35.0 0.0 0.0 0.0 0.0 0.0 0.0 63.0 23.0 
0.0 0.0 0.0 15.0 0.0 6.0 0.0 0.0 0.0 0.0 0.0 0.0 0.0 0.0 31.0 0.0 0.0 7.0 0.0 0.0 0.0 
0.0 0.0 0.0 0.0 0.0 0.0 29.0 0.0 0.0 68.0 35.0 0.0 0.0 0.0 0.0 39.0 14.0 0.0 0.0 26.0 0.0 
39.0 0.0 0.0 0.0 0.0 0.0 0.0 0.0 35.0 0.0 0.0 0.0 0.0 0.0 0.0 79.0 0.0 0.0 14.0 26.0 15.0 
0.0 0.0 29.0 0.0 0.0 32.0 0.0 0.0 0.0 0.0 0.0 31.0 0.0 0.0 0.0 71.0 0.0 12.0 0.0 0.0 0.0 
0.0 0.0 49.0 0.0 0.0 0.0 0.0 0.0 0.0 0.0 0.0 0.0 39.0 79.0 71.0 0.0 0.0 0.0 0.0 32.0 11.0 
0.0 0.0 0.0 0.0 0.0 0.0 4.0 0.0 0.0 0.0 0.0 0.0 14.0 0.0 0.0 0.0 0.0 0.0 0.0 0.0 0.0 
0.0 0.0 35.0 13.0 0.0 0.0 0.0 0.0 0.0 0.0 0.0 7.0 0.0 0.0 12.0 0.0 0.0 0.0 0.0 0.0 0.0 
8.0 0.0 0.0 0.0 0.0 0.0 0.0 0.0 10.0 0.0 0.0 0.0 0.0 14.0 0.0 0.0 0.0 0.0 0.0 47.0 0.0 
0.0 0.0 0.0 0.0 0.0 0.0 37.0 0.0 0.0 0.0 63.0 0.0 26.0 26.0 0.0 32.0 0.0 0.0 47.0 0.0 0.0 
0.0 0.0 0.0 0.0 0.0 0.0 0.0 0.0 0.0 0.0 23.0 0.0 0.0 15.0 0.0 11.0 0.0 0.0 0.0 0.0 0.0 
