q
254.0 49.0 60.0 106.0 88.0 104.0 63.0 262.0 80.0 100.0 69.0 219.0 15.0 186.0 14.0 137.0 203.0 22.0 120.0 41.0 341.0 173.0 224.0 268.0 
l
0.0 0.0 19.0 0.0 0.0 0.0 24.0 0.0 42.0 0.0 0.0 62.0 0.0 0.0 0.0 0.0 0.0 0.0 0.0 16.0 76.0 0.0 0.0 0.0 
0.0 0.0 0.0 0.0 0.0 5.0 0.0 38.0 0.0 0.0 0.0 0.0 1.0 0.0 0.0 0.0 0.0 0.0 0.0 0.0 0.0 0.0 0.0 0.0 
19.0 0.0 0.0 0.0 0.0 0.0 3.0 0.0 0.0 0.0 0.0 16.0 0.0 0.0 0.0 0.0 0.0 0.0 0.0 0.0 0.0 0.0 18.0 0.0 
0.0 0.0 0.0 0.0 0.0 0.0 0.0 0.0 0.0 0.0 15.0 23.0 0.0 0.0 0.0 0.0 26.0 4.0 0.0 0.0 0.0 0.0 0.0 33.0 
0.0 0.0 0.0 0.0 0.0 20.0 0.0 0.0 0.0 10.0 0.0 0.0 5.0 0.0 0.0 0.0 0.0 0.0 0.0 0.0 49.0 0.0 0.0 0.0 
0.0 5.0 0.0 0.0 20.0 0.0 0.0 37.0 0.0 13.0 0.0 0.0 1.0 0.0 0.0 24.0 0.0 0.0 0.0 0.0 0.0 0.0 0.0 0.0 
24.0 0.0 3.0 0.0 0.0 0.0 0.0 0.0 0.0 0.0 0.0 0.0 0.0 0.0 4.0 0.0 0.0 0.0 0.0 6.0 0.0 0.0 22.0 0.0 
0.0 38.0 0.0 0.0 0.0 37.0 0.0 0.0 0.0 0.0 0.0 0.0 8.0 0.0 0.0 28.0 0.0 0.0 0.0 0.0 54.0 0.0 0.0 84.0 
42.0 0.0 0.0 0.0 0.0 0.0 0.0 0.0 0.0 0.0 0.0 0.0 0.0 0.0 0.0 0.0 0.0 0.0 0.0 3.0 0.0 29.0 0.0 0.0 
0.0 0.0 0.0 0.0 10.0 13.0 0.0 0.0 0.0 0.0 0.0 0.0 0.0 18.0 0.0 22.0 0.0 0.0 0.0 0.0 33.0 0.0 0.0 0.0 
0.0 0.0 0.0 15.0 0.0 0.0 0.0 0.0 0.0 0.0 0.0 26.0 0.0 0.0 0.0 0.0 0.0 5.0 0.0 0.0 0.0 0.0 22.0 0.0 
62.0 0.0 16.0 23.0 0.0 0.0 0.0 0.0 0.0 0.0 26.0 0.0 0.0 0.0 0.0 0.0 56.0 0.0 0.0 0.0 0.0 0.0 27.0 0.0 
0.0 1.0 0.0 0.0 5.0 1.0 0.0 8.0 0.0 0.0 0.0 0.0 0.0 0.0 0.0 0.0 0.0 0.0 0.0 0.0 0.0 0.0 0.0 0.0 
0.0 0.0 0.0 0.0 0.0 0.0 0.0 0.0 0.0 18.0 0.0 0.0 0.0 0.0 0.0 27.0 61.0 0.0 20.0 0.0 51.0 0.0 0.0 0.0 
0.0 0.0 0.0 0.0 0.0 0.0 4.0 0.0 0.0 0.0 0.0 0.0 0.0 0.0 0.0 0.0 0.0 0.0 0.0 1.0 0.0 8.0 0.0 0.0 
0.0 0.0 0.0 0.0 0.0 24.0 0.0 28.0 0.0 22.0 0.0 0.0 0.0 27.0 0.0 0.0 0.0 0.0 31.0 0.0 0.0 0.0 0.0 0.0 
0.0 0.0 0.0 26.0 0.0 0.0 0.0 0.0 0.0 0.0 0.0 56.0 0.0 61.0 0.0 0.0 0.0 0.0 32.0 0.0 0.0 0.0 0.0 18.0 
0.0 0.0 0.0 4.0 0.0 0.0 0.0 0.0 0.0 0.0 5.0 0.0 0.0 0.0 0.0 0.0 0.0 0.0 0.0 0.0 0.0 0.0 0.0 13.0 
0.0 0.0 0.0 0.0 0.0 0.0 0.0 0.0 0.0 0.0 0.0 0.0 0.0 20.0 0.0 31.0 32.0 0.0 0.0 0.0 0.0 0.0 0.0 34.0 
16.0 0.0 0.0 0.0 0.0 0.0 6.0 0.0 3.0 0.0 0.0 0.0 0.0 0.0 1.0 0.0 0.0 0.0 0.0 0.0 0.0 12.0 0.0 0.0 
76.0 0.0 0.0 0.0 49.0 0.0 0.0 54.0 0.0 33.0 0.0 0.0 0.0 51.0 0.0 0.0 0.0 0.0 0.0 0.0 0.0 62.0 0.0 0.0 
0.0 0.0 0.0 0.0 0.0 0.0 0.0 0.0 29.0 0.0 0.0 0.0 0.0 0.0 8.0 0.0 0.0 0.0 0.0 12.0 62.0 0.0 52.0 0.0 
0.0 0.0 18.0 0.0 0.0 0.0 22.0 0.0 0.0 0.0 22.0 27.0 0.0 0.0 0.0 0.0 0.0 0.0 0.0 0.0 0.0 52.0 0.0 76.0 
0.0 0.0 0.0 33.0 0.0 0.0 0.0 84.0 0.0 0.0 0.0 0.0 0.0 0.0 0.0 0.0 18.0 13.0 34.0 0.0 0.0 0.0 76.0 0.0 
