q
69.0 87.0 115.0 25.0 16.0 304.0 142.0 129.0 127.0 80.0 9.0 89.0 73.0 122.0 83.0 44.0 51.0 116.0 105.0 148.0 318.0 244.0 309.0 321.0 
l
0.0 0.0 0.0 7.0 0.0 0.0 13.0 0.0 0.0 14.0 0.0 0.0 0.0 0.0 0.0 0.0 0.0 0.0 0.0 0.0 31.0 0.0 0.0 0.0 
0.0 0.0 0.0 0.0 0.0 0.0 0.0 0.0 0.0 0.0 0.0 0.0 2.0 20.0 0.0 0.0 0.0 16.0 0.0 0.0 0.0 0.0 0.0 40.0 
0.0 0.0 0.0 0.0 4.0 0.0 0.0 33.0 0.0 0.0 0.0 0.0 0.0 0.0 13.0 0.0 0.0 0.0 0.0 24.0 0.0 0.0 37.0 0.0 
7.0 0.0 0.0 0.0 0.0 0.0 0.0 0.0 0.0 2.0 0.0 0.0 0.0 0.0 0.0 0.0 0.0 0.0 0.0 0.0 0.0 15.0 0.0 0.0 
0.0 0.0 4.0 0.0 0.0 10.0 0.0 1.0 0.0 0.0 0.0 0.0 0.0 0.0 0.0 0.0 0.0 0.0 0.0 0.0 0.0 0.0 0.0 0.0 
0.0 0.0 0.0 0.0 10.0 0.0 0.0 44.0 0.0 0.0 0.0 0.0 0.0 0.0 39.0 0.0 0.0 42.0 0.0 0.0 96.0 0.0 0.0 60.0 
13.0 0.0 0.0 0.0 0.0 0.0 0.0 0.0 26.0 18.0 0.0 13.0 0.0 0.0 0.0 0.0 17.0 0.0 0.0 0.0 51.0 0.0 0.0 0.0 
0.0 0.0 33.0 0.0 1.0 44.0 0.0 0.0 0.0 0.0 0.0 0.0 0.0 25.0 0.0 0.0 0.0 19.0 0.0 0.0 0.0 0.0 0.0 0.0 
0.0 0.0 0.0 0.0 0.0 0.0 26.0 0.0 0.0 0.0 5.0 25.0 0.0 0.0 0.0 0.0 2.0 0.0 0.0 0.0 0.0 0.0 0.0 63.0 
14.0 0.0 0.0 2.0 0.0 0.0 18.0 0.0 0.0 0.0 0.0 7.0 0.0 0.0 0.0 0.0 0.0 0.0 0.0 0.0 0.0 37.0 0.0 0.0 
0.0 0.0 0.0 0.0 0.0 0.0 0.0 0.0 5.0 0.0 0.0 1.0 0.0 0.0 0.0 0.0 0.0 0.0 0.0 0.0 0.0 3.0 0.0 0.0 
0.0 0.0 0.0 0.0 0.0 0.0 13.0 0.0 25.0 7.0 1.0 0.0 0.0 0.0 0.0 0.0 0.0 0.0 0.0 0.0 0.0 38.0 0.0 0.0 
0.0 2.0 0.0 0.0 0.0 0.0 0.0 0.0 0.0 0.0 0.0 0.0 0.0 0.0 0.0 0.0 0.0 20.0 0.0 0.0 0.0 0.0 0.0 46.0 
0.0 20.0 0.0 0.0 0.0 0.0 0.0 25.0 0.0 0.0 0.0 0.0 0.0 0.0 0.0 0.0 0.0 15.0 0.0 0.0 0.0 0.0 52.0 0.0 
0.0 0.0 13.0 0.0 0.0 39.0 0.0 0.0 0.0 0.0 0.0 0.0 0.0 0.0 0.0 0.0 0.0 0.0 16.0 14.0 0.0 0.0 0.0 0.0 
0.0 0.0 0.0 0.0 0.0 0.0 0.0 0.0 0.0 0.0 0.0 0.0 0.0 0.0 0.0 0.0 0.0 0.0 3.0 17.0 22.0 0.0 0.0 0.0 
0.0 0.0 0.0 0.0 0.0 0.0 17.0 0.0 2.0 0.0 0.0 0.0 0.0 0.0 0.0 0.0 0.0 0.0 0.0 0.0 0.0 0.0 0.0 31.0 
0.0 16.0 0.0 0.0 0.0 42.0 0.0 19.0 0.0 0.0 0.0 0.0 20.0 15.0 0.0 0.0 0.0 0.0 0.0 0.0 0.0 0.0 0.0 0.0 
0.0 0.0 0.0 0.0 0.0 0.0 0.0 0.0 0.0 0.0 0.0 0.0 0.0 0.0 16.0 3.0 0.0 0.0 0.0 34.0 48.0 0.0 0.0 0.0 
0.0 0.0 24.0 0.0 0.0 0.0 0.0 0.0 0.0 0.0 0.0 0.0 0.0 0.0 14.0 17.0 0.0 0.0 34.0 0.0 0.0 0.0 54.0 0.0 
31.0 0.0 0.0 0.0 0.0 96.0 51.0 0.0 0.0 0.0 0.0 0.0 0.0 0.0 0.0 22.0 0.0 0.0 48.0 0.0 0.0 53.0 0.0 0.0 
0.0 0.0 0.0 15.0 0.0 0.0 0.0 0.0 0.0 37.0 3.0 38.0 0.0 0.0 0.0 0.0 0.0 0.0 0.0 0.0 53.0 0.0 87.0 0.0 
0.0 0.0 37.0 0.0 0.0 0.0 0.0 0.0 0.0 0.0 0.0 0.0 0.0 52.0 0.0 0.0 0.0 0.0 0.0 54.0 0.0 87.0 0.0 67.0 
0.0 40.0 0.0 0.0 0.0 60.0 0.0 0.0 63.0 0.0 0.0 0.0 46.0 0.0 0.0 0.0 31.0 0.0 0.0 0.0 0.0 0.0 67.0 0.0 
