q
92.0 144.0 9.0 118.0 272.0 77.0 58.0 4.0 27.0 23.0 79.0 156.0 93.0 65.0 71.0 171.0 167.0 52.0 110.0 82.0 330.0 254.0 229.0 257.0 
l
0.0 17.0 2.0 0.0 0.0 0.0 0.0 1.0 0.0 0.0 17.0 19.0 0.0 0.0 0.0 0.0 0.0 0.0 0.0 0.0 0.0 0.0 32.0 0.0 
17.0 0.0 0.0 0.0 0.0 22.0 0.0 0.0 0.0 0.0 0.0 29.0 0.0 0.0 0.0 31.0 0.0 0.0 0.0 0.0 0.0 0.0 40.0 0.0 
2.0 0.0 0.0 0.0 0.0 0.0 0.0 1.0 0.0 0.0 2.0 0.0 0.0 0.0 0.0 0.0 0.0 0.0 0.0 0.0 0.0 4.0 0.0 0.0 
0.0 0.0 0.0 0.0 0.0 0.0 0.0 0.0 0.0 0.0 0.0 0.0 25.0 0.0 0.0 0.0 19.0 0.0 24.0 0.0 0.0 0.0 0.0 42.0 
0.0 0.0 0.0 0.0 0.0 0.0 0.0 0.0 19.0 0.0 0.0 0.0 0.0 32.0 0.0 42.0 0.0 0.0 39.0 0.0 79.0 0.0 0.0 46.0 
0.0 22.0 0.0 0.0 0.0 0.0 0.0 0.0 0.0 0.0 0.0 0.0 0.0 0.0 4.0 14.0 0.0 0.0 0.0 0.0 0.0 0.0 0.0 33.0 
0.0 0.0 0.0 0.0 0.0 0.0 0.0 0.0 0.0 0.0 0.0 0.0 0.0 0.0 0.0 0.0 0.0 0.0 0.0 8.0 0.0 45.0 0.0 0.0 
1.0 0.0 1.0 0.0 0.0 0.0 0.0 0.0 0.0 0.0 0.0 0.0 0.0 0.0 0.0 0.0 0.0 0.0 0.0 0.0 0.0 0.0 2.0 0.0 
0.0 0.0 0.0 0.0 19.0 0.0 0.0 0.0 0.0 0.0 0.0 0.0 0.0 0.0 0.0 0.0 0.0 1.0 6.0 0.0 0.0 0.0 0.0 0.0 
0.0 0.0 0.0 0.0 0.0 0.0 0.0 0.0 0.0 0.0 0.0 0.0 0.0 3.0 1.0 0.0 0.0 0.0 0.0 0.0 0.0 0.0 0.0 17.0 
17.0 0.0 2.0 0.0 0.0 0.0 0.0 0.0 0.0 0.0 0.0 11.0 0.0 0.0 0.0 0.0 0.0 0.0 0.0 0.0 46.0 0.0 0.0 0.0 
19.0 29.0 0.0 0.0 0.0 0.0 0.0 0.0 0.0 0.0 11.0 0.0 0.0 0.0 0.0 40.0 0.0 0.0 0.0 0.0 53.0 0.0 0.0 0.0 
0.0 0.0 0.0 25.0 0.0 0.0 0.0 0.0 0.0 0.0 0.0 0.0 0.0 0.0 0.0 0.0 23.0 0.0 0.0 5.0 0.0 34.0 0.0 0.0 
0.0 0.0 0.0 0.0 32.0 0.0 0.0 0.0 0.0 3.0 0.0 0.0 0.0 0.0 11.0 17.0 0.0 0.0 0.0 0.0 0.0 0.0 0.0 0.0 
0.0 0.0 0.0 0.0 0.0 4.0 0.0 0.0 0.0 1.0 0.0 0.0 0.0 11.0 0.0 23.0 0.0 0.0 0.0 0.0 0.0 0.0 0.0 31.0 
0.0 31.0 0.0 0.0 42.0 14.0 0.0 0.0 0.0 0.0 0.0 40.0 0.0 17.0 23.0 0.0 0.0 0.0 0.0 0.0 0.0 0.0 0.0 0.0 
0.0 0.0 0.0 19.0 0.0 0.0 0.0 0.0 0.0 0.0 0.0 0.0 23.0 0.0 0.0 0.0 0.0 12.0 25.0 26.0 51.0 0.0 0.0 0.0 
0.0 0.0 0.0 0.0 0.0 0.0 0.0 0.0 1.0 0.0 0.0 0.0 0.0 0.0 0.0 0.0 12.0 0.0 10.0 0.0 27.0 0.0 0.0 0.0 
0.0 0.0 0.0 24.0 39.0 0.0 0.0 0.0 6.0 0.0 0.0 0.0 0.0 0.0 0.0 0.0 25.0 10.0 0.0 0.0 0.0 0.0 0.0 0.0 
0.0 0.0 0.0 0.0 0.0 0.0 8.0 0.0 0.0 0.0 0.0 0.0 5.0 0.0 0.0 0.0 26.0 0.0 0.0 0.0 0.0 33.0 0.0 0.0 
0.0 0.0 0.0 0.0 79.0 0.0 0.0 0.0 0.0 0.0 46.0 53.0 0.0 0.0 0.0 0.0 51.0 27.0 0.0 0.0 0.0 57.0 0.0 0.0 
0.0 0.0 4.0 0.0 0.0 0.0 45.0 0.0 0.0 0.0 0.0 0.0 34.0 0.0 0.0 0.0 0.0 0.0 0.0 33.0 57.0 0.0 74.0 0.0 
32.0 40.0 0.0 0.0 0.0 0.0 0.0 2.0 0.0 0.0 0.0 0.0 0.0 0.0 0.0 0.0 0.0 0.0 0.0 0.0 0.0 74.0 0.0 70.0 
0.0 0.0 0.0 42.0 46.0 33.0 0.0 0.0 0.0 17.0 0.0 0.0 0.0 0.0 31.0 0.0 0.0 0.0 0.0 0.0 0.0 0.0 70.0 0.0 
