q
63.0 9.0 69.0 108.0 38.0 75.0 61.0 39.0 32.0 98.0 153.0 125.0 127.0 69.0 100.0 337.0 8.0 170.0 68.0 92.0 391.0 196.0 422.0 400.0 
l
0.0 0.0 0.0 0.0 0.0 0.0 0.0 0.0 0.0 0.0 0.0 0.0 13.0 0.0 0.0 0.0 0.0 0.0 0.0 10.0 38.0 0.0 0.0 0.0 
0.0 0.0 0.0 2.0 0.0 0.0 1.0 0.0 0.0 0.0 0.0 0.0 0.0 0.0 0.0 0.0 0.0 0.0 0.0 0.0 0.0 6.0 0.0 0.0 
0.0 0.0 0.0 0.0 0.0 0.0 0.0 0.0 0.0 0.0 18.0 0.0 0.0 0.0 0.0 40.0 0.0 0.0 6.0 0.0 0.0 0.0 0.0 0.0 
0.0 2.0 0.0 0.0 0.0 0.0 10.0 0.0 11.0 0.0 25.0 0.0 0.0 0.0 0.0 0.0 0.0 20.0 0.0 0.0 0.0 35.0 0.0 0.0 
0.0 0.0 0.0 0.0 0.0 0.0 0.0 0.0 0.0 0.0 0.0 7.0 0.0 0.0 0.0 0.0 0.0 0.0 0.0 10.0 0.0 0.0 0.0 20.0 
0.0 0.0 0.0 0.0 0.0 0.0 0.0 0.0 0.0 0.0 0.0 8.0 0.0 0.0 6.0 0.0 0.0 0.0 0.0 0.0 0.0 0.0 0.0 53.0 
0.0 1.0 0.0 10.0 0.0 0.0 0.0 0.0 0.0 0.0 9.0 0.0 0.0 0.0 0.0 33.0 0.0 0.0 7.0 0.0 0.0 0.0 0.0 0.0 
0.0 0.0 0.0 0.0 0.0 0.0 0.0 0.0 1.0 13.0 0.0 0.0 0.0 0.0 0.0 0.0 1.0 0.0 0.0 0.0 0.0 22.0 0.0 0.0 
0.0 0.0 0.0 11.0 0.0 0.0 0.0 1.0 0.0 8.0 0.0 0.0 0.0 0.0 0.0 0.0 1.0 10.0 0.0 0.0 0.0 0.0 0.0 0.0 
0.0 0.0 0.0 0.0 0.0 0.0 0.0 13.0 8.0 0.0 0.0 0.0 0.0 4.0 0.0 0.0 0.0 20.0 0.0 0.0 0.0 0.0 50.0 0.0 
0.0 0.0 18.0 25.0 0.0 0.0 9.0 0.0 0.0 0.0 0.0 0.0 0.0 0.0 0.0 42.0 0.0 40.0 12.0 0.0 0.0 0.0 0.0 0.0 
0.0 0.0 0.0 0.0 7.0 8.0 0.0 0.0 0.0 0.0 0.0 0.0 24.0 0.0 10.0 0.0 0.0 0.0 0.0 21.0 0.0 0.0 0.0 48.0 
13.0 0.0 0.0 0.0 0.0 0.0 0.0 0.0 0.0 0.0 0.0 24.0 0.0 0.0 31.0 0.0 0.0 0.0 0.0 4.0 49.0 0.0 0.0 0.0 
0.0 0.0 0.0 0.0 0.0 0.0 0.0 0.0 0.0 4.0 0.0 0.0 0.0 0.0 0.0 0.0 0.0 17.0 0.0 0.0 0.0 0.0 44.0 0.0 
0.0 0.0 0.0 0.0 0.0 6.0 0.0 0.0 0.0 0.0 0.0 10.0 31.0 0.0 0.0 0.0 0.0 0.0 0.0 0.0 0.0 0.0 0.0 47.0 
0.0 0.0 40.0 0.0 0.0 0.0 33.0 0.0 0.0 0.0 42.0 0.0 0.0 0.0 0.0 0.0 0.0 0.0 38.0 0.0 102.0 0.0 68.0 0.0 
0.0 0.0 0.0 0.0 0.0 0.0 0.0 1.0 1.0 0.0 0.0 0.0 0.0 0.0 0.0 0.0 0.0 0.0 0.0 0.0 0.0 6.0 0.0 0.0 
0.0 0.0 0.0 20.0 0.0 0.0 0.0 0.0 10.0 20.0 40.0 0.0 0.0 17.0 0.0 0.0 0.0 0.0 0.0 0.0 0.0 0.0 51.0 0.0 
0.0 0.0 6.0 0.0 0.0 0.0 7.0 0.0 0.0 0.0 12.0 0.0 0.0 0.0 0.0 38.0 0.0 0.0 0.0 0.0 0.0 0.0 0.0 0.0 
10.0 0.0 0.0 0.0 10.0 0.0 0.0 0.0 0.0 0.0 0.0 21.0 4.0 0.0 0.0 0.0 0.0 0.0 0.0 0.0 39.0 0.0 0.0 0.0 
38.0 0.0 0.0 0.0 0.0 0.0 0.0 0.0 0.0 0.0 0.0 0.0 49.0 0.0 0.0 102.0 0.0 0.0 0.0 39.0 0.0 75.0 0.0 67.0 
0.0 6.0 0.0 35.0 0.0 0.0 0.0 22.0 0.0 0.0 0.0 0.0 0.0 0.0 0.0 0.0 6.0 0.0 0.0 0.0 75.0 0.0 44.0 0.0 
0.0 0.0 0.0 0.0 0.0 0.0 0.0 0.0 0.0 50.0 0.0 0.0 0.0 44.0 0.0 68.0 0.0 51.0 0.0 0.0 0.0 44.0 0.0 135.0 
0.0 0.0 0.0 0.0 20.0 53.0 0.0 0.0 0.0 0.0 0.0 48.0 0.0 0.0 47.0 0.0 0.0 0.0 0.0 0.0 67.0 0.0 135.0 0.0 
