q
109.0 98.0 71.0 1.0 51.0 135.0 53.0 139.0 91.0 75.0 108.0 63.0 150.0 138.0 48.0 28.0 312.0 87.0 46.0 117.0 435.0 400.0 225.0 300.0 
l
0.0 0.0 0.0 0.0 0.0 11.0 0.0 33.0 0.0 0.0 0.0 0.0 0.0 0.0 0.0 0.0 0.0 9.0 0.0 0.0 0.0 50.0 0.0 0.0 
0.0 0.0 0.0 0.0 11.0 18.0 0.0 0.0 0.0 0.0 0.0 0.0 0.0 0.0 8.0 0.0 0.0 12.0 0.0 0.0 0.0 42.0 0.0 0.0 
0.0 0.0 0.0 0.0 0.0 0.0 0.0 0.0 0.0 0.0 0.0 0.0 0.0 22.0 0.0 0.0 0.0 0.0 0.0 0.0 45.0 0.0 0.0 0.0 
0.0 0.0 0.0 0.0 0.0 0.0 0.0 0.0 0.0 0.0 0.0 0.0 0.0 0.0 0.0 0.0 0.0 0.0 0.0 1.0 0.0 0.0 0.0 0.0 
0.0 11.0 0.0 0.0 0.0 7.0 0.0 0.0 0.0 0.0 0.0 0.0 0.0 0.0 3.0 0.0 0.0 0.0 0.0 0.0 0.0 0.0 26.0 0.0 
11.0 18.0 0.0 0.0 7.0 0.0 0.0 35.0 0.0 0.0 0.0 0.0 0.0 0.0 0.0 0.0 0.0 20.0 0.0 0.0 0.0 0.0 35.0 0.0 
0.0 0.0 0.0 0.0 0.0 0.0 0.0 0.0 0.0 0.0 20.0 0.0 0.0 0.0 0.0 6.0 0.0 0.0 0.0 0.0 0.0 0.0 25.0 0.0 
33.0 0.0 0.0 0.0 0.0 35.0 0.0 0.0 0.0 0.0 0.0 0.0 0.0 0.0 0.0 0.0 0.0 0.0 0.0 0.0 0.0 0.0 0.0 66.0 
0.0 0.0 0.0 0.0 0.0 0.0 0.0 0.0 0.0 0.0 0.0 16.0 20.0 0.0 0.0 0.0 27.0 0.0 0.0 24.0 0.0 0.0 0.0 0.0 
0.0 0.0 0.0 0.0 0.0 0.0 0.0 0.0 0.0 0.0 0.0 0.0 12.0 16.0 0.0 0.0 0.0 0.0 0.0 0.0 44.0 0.0 0.0 0.0 
0.0 0.0 0.0 0.0 0.0 0.0 20.0 0.0 0.0 0.0 0.0 0.0 16.0 0.0 0.0 6.0 0.0 0.0 0.0 17.0 45.0 0.0 0.0 0.0 
0.0 0.0 0.0 0.0 0.0 0.0 0.0 0.0 16.0 0.0 0.0 0.0 0.0 11.0 0.0 0.0 34.0 0.0 2.0 0.0 0.0 0.0 0.0 0.0 
0.0 0.0 0.0 0.0 0.0 0.0 0.0 0.0 20.0 12.0 16.0 0.0 0.0 32.0 0.0 0.0 0.0 0.0 0.0 24.0 40.0 0.0 0.0 0.0 
0.0 0.0 22.0 0.0 0.0 0.0 0.0 0.0 0.0 16.0 0.0 11.0 32.0 0.0 0.0 0.0 38.0 0.0 12.0 0.0 0.0 0.0 0.0 0.0 
0.0 8.0 0.0 0.0 3.0 0.0 0.0 0.0 0.0 0.0 0.0 0.0 0.0 0.0 0.0 0.0 0.0 0.0 0.0 0.0 0.0 35.0 0.0 0.0 
0.0 0.0 0.0 0.0 0.0 0.0 6.0 0.0 0.0 0.0 6.0 0.0 0.0 0.0 0.0 0.0 0.0 0.0 0.0 3.0 0.0 0.0 0.0 11.0 
0.0 0.0 0.0 0.0 0.0 0.0 0.0 0.0 27.0 0.0 0.0 34.0 0.0 38.0 0.0 0.0 0.0 0.0 28.0 0.0 82.0 0.0 0.0 87.0 
9.0 12.0 0.0 0.0 0.0 20.0 0.0 0.0 0.0 0.0 0.0 0.0 0.0 0.0 0.0 0.0 0.0 0.0 0.0 0.0 0.0 43.0 0.0 0.0 
0.0 0.0 0.0 0.0 0.0 0.0 0.0 0.0 0.0 0.0 0.0 2.0 0.0 12.0 0.0 0.0 28.0 0.0 0.0 0.0 0.0 0.0 0.0 0.0 
0.0 0.0 0.0 1.0 0.0 0.0 0.0 0.0 24.0 0.0 17.0 0.0 24.0 0.0 0.0 3.0 0.0 0.0 0.0 0.0 0.0 0.0 0.0 45.0 
0.0 0.0 45.0 0.0 0.0 0.0 0.0 0.0 0.0 44.0 45.0 0.0 40.0 0.0 0.0 0.0 82.0 0.0 0.0 0.0 0.0 154.0 0.0 0.0 
50.0 42.0 0.0 0.0 0.0 0.0 0.0 0.0 0.0 0.0 0.0 0.0 0.0 0.0 35.0 0.0 0.0 43.0 0.0 0.0 154.0 0.0 49.0 0.0 
0.0 0.0 0.0 0.0 26.0 35.0 25.0 0.0 0.0 0.0 0.0 0.0 0.0 0.0 0.0 0.0 0.0 0.0 0.0 0.0 0.0 49.0 0.0 73.0 
0.0 0.0 0.0 0.0 0.0 0.0 0.0 66.0 0.0 0.0 0.0 0.0 0.0 0.0 0.0 11.0 87.0 0.0 0.0 45.0 0.0 0.0 73.0 0.0 
