q
115.0 17.0 103.0 191.0 151.0 169.0 154.0 70.0 10.0 70.0 118.0 22.0 66.0 2.0 136.0 314.0 82.0 66.0 253.0 69.0 262.0 248.0 247.0 275.0 
l
0.0 0.0 0.0 32.0 25.0 0.0 0.0 0.0 0.0 0.0 0.0 0.0 0.0 1.0 0.0 0.0 19.0 0.0 0.0 0.0 0.0 0.0 37.0 0.0 
0.0 0.0 0.0 0.0 0.0 0.0 6.0 0.0 1.0 1.0 0.0 0.0 0.0 0.0 0.0 0.0 0.0 0.0 0.0 0.0 0.0 0.0 0.0 6.0 
0.0 0.0 0.0 0.0 0.0 30.0 0.0 0.0 0.0 0.0 0.0 0.0 0.0 0.0 0.0 45.0 0.0 0.0 0.0 0.0 23.0 0.0 0.0 0.0 
32.0 0.0 0.0 0.0 0.0 0.0 0.0 0.0 0.0 22.0 0.0 0.0 0.0 0.0 0.0 67.0 28.0 0.0 0.0 0.0 0.0 0.0 0.0 37.0 
25.0 0.0 0.0 0.0 0.0 0.0 0.0 0.0 0.0 0.0 30.0 0.0 0.0 0.0 18.0 45.0 0.0 0.0 0.0 0.0 0.0 0.0 28.0 0.0 
0.0 0.0 30.0 0.0 0.0 0.0 37.0 26.0 0.0 0.0 0.0 4.0 0.0 0.0 0.0 0.0 0.0 19.0 0.0 0.0 45.0 0.0 0.0 0.0 
0.0 6.0 0.0 0.0 0.0 37.0 0.0 0.0 3.0 17.0 0.0 0.0 0.0 0.0 0.0 46.0 0.0 0.0 37.0 0.0 0.0 0.0 0.0 0.0 
0.0 0.0 0.0 0.0 0.0 26.0 0.0 0.0 0.0 0.0 0.0 0.0 0.0 0.0 0.0 0.0 0.0 5.0 34.0 0.0 0.0 0.0 0.0 0.0 
0.0 1.0 0.0 0.0 0.0 0.0 3.0 0.0 0.0 0.0 0.0 0.0 0.0 0.0 0.0 0.0 0.0 0.0 6.0 0.0 0.0 0.0 0.0 0.0 
0.0 1.0 0.0 22.0 0.0 0.0 17.0 0.0 0.0 0.0 0.0 0.0 0.0 0.0 0.0 0.0 0.0 0.0 0.0 0.0 0.0 0.0 0.0 25.0 
0.0 0.0 0.0 0.0 30.0 0.0 0.0 0.0 0.0 0.0 0.0 0.0 16.0 0.0 14.0 0.0 0.0 0.0 0.0 16.0 0.0 0.0 39.0 0.0 
0.0 0.0 0.0 0.0 0.0 4.0 0.0 0.0 0.0 0.0 0.0 0.0 0.0 0.0 0.0 0.0 0.0 4.0 0.0 0.0 14.0 0.0 0.0 0.0 
0.0 0.0 0.0 0.0 0.0 0.0 0.0 0.0 0.0 0.0 16.0 0.0 0.0 0.0 0.0 0.0 0.0 0.0 0.0 2.0 0.0 43.0 0.0 0.0 
1.0 0.0 0.0 0.0 0.0 0.0 0.0 0.0 0.0 0.0 0.0 0.0 0.0 0.0 0.0 0.0 0.0 0.0 0.0 0.0 0.0 0.0 1.0 0.0 
0.0 0.0 0.0 0.0 18.0 0.0 0.0 0.0 0.0 0.0 14.0 0.0 0.0 0.0 0.0 54.0 0.0 0.0 0.0 21.0 0.0 23.0 0.0 0.0 
0.0 0.0 45.0 67.0 45.0 0.0 46.0 0.0 0.0 0.0 0.0 0.0 0.0 0.0 54.0 0.0 0.0 0.0 0.0 0.0 40.0 0.0 0.0 0.0 
19.0 0.0 0.0 28.0 0.0 0.0 0.0 0.0 0.0 0.0 0.0 0.0 0.0 0.0 0.0 0.0 0.0 0.0 0.0 0.0 0.0 0.0 0.0 33.0 
0.0 0.0 0.0 0.0 0.0 19.0 0.0 5.0 0.0 0.0 0.0 4.0 0.0 0.0 0.0 0.0 0.0 0.0 36.0 0.0 0.0 0.0 0.0 0.0 
0.0 0.0 0.0 0.0 0.0 0.0 37.0 34.0 6.0 0.0 0.0 0.0 0.0 0.0 0.0 0.0 0.0 36.0 0.0 0.0 45.0 0.0 0.0 84.0 
0.0 0.0 0.0 0.0 0.0 0.0 0.0 0.0 0.0 0.0 16.0 0.0 2.0 0.0 21.0 0.0 0.0 0.0 0.0 0.0 0.0 28.0 0.0 0.0 
0.0 0.0 23.0 0.0 0.0 45.0 0.0 0.0 0.0 0.0 0.0 14.0 0.0 0.0 0.0 40.0 0.0 0.0 45.0 0.0 0.0 87.0 0.0 0.0 
0.0 0.0 0.0 0.0 0.0 0.0 0.0 0.0 0.0 0.0 0.0 0.0 43.0 0.0 23.0 0.0 0.0 0.0 0.0 28.0 87.0 0.0 58.0 0.0 
37.0 0.0 0.0 0.0 28.0 0.0 0.0 0.0 0.0 0.0 39.0 0.0 0.0 1.0 0.0 0.0 0.0 0.0 0.0 0.0 0.0 58.0 0.0 79.0 
0.0 6.0 0.0 37.0 0.0 0.0 0.0 0.0 0.0 25.0 0.0 0.0 0.0 0.0 0.0 0.0 33.0 0.0 84.0 0.0 0.0 0.0 79.0 0.0 
