q
105.0 80.0 167.0 107.0 174.0 275.0 210.0 9.0 121.0 183.0 150.0 3.0 466.0 78.0 140.0 1.0 82.0 100.0 104.0 10.0 514.0 341.0 275.0 217.0 
l
0.0 0.0 0.0 0.0 0.0 0.0 26.0 0.0 0.0 17.0 0.0 0.0 52.0 3.0 0.0 0.0 0.0 0.0 0.0 0.0 0.0 0.0 0.0 0.0 
0.0 0.0 16.0 0.0 0.0 26.0 0.0 0.0 0.0 0.0 0.0 0.0 0.0 0.0 0.0 0.0 0.0 0.0 0.0 0.0 0.0 33.0 0.0 0.0 
0.0 16.0 0.0 0.0 0.0 31.0 0.0 0.0 26.0 39.0 0.0 0.0 0.0 0.0 0.0 0.0 0.0 0.0 0.0 0.0 0.0 47.0 0.0 0.0 
0.0 0.0 0.0 0.0 29.0 0.0 0.0 0.0 0.0 0.0 22.0 0.0 0.0 0.0 0.0 0.0 0.0 0.0 0.0 2.0 0.0 0.0 0.0 52.0 
0.0 0.0 0.0 29.0 0.0 0.0 0.0 0.0 0.0 0.0 30.0 0.0 0.0 0.0 0.0 0.0 0.0 9.0 21.0 0.0 72.0 0.0 0.0 0.0 
0.0 26.0 31.0 0.0 0.0 0.0 83.0 0.0 0.0 0.0 0.0 0.0 0.0 0.0 53.0 0.0 27.0 0.0 0.0 0.0 0.0 43.0 0.0 0.0 
26.0 0.0 0.0 0.0 0.0 83.0 0.0 0.0 0.0 24.0 0.0 0.0 46.0 22.0 0.0 0.0 0.0 0.0 0.0 0.0 0.0 0.0 0.0 0.0 
0.0 0.0 0.0 0.0 0.0 0.0 0.0 0.0 0.0 0.0 0.0 0.0 0.0 0.0 0.0 0.0 0.0 5.0 0.0 0.0 0.0 0.0 3.0 0.0 
0.0 0.0 26.0 0.0 0.0 0.0 0.0 0.0 0.0 35.0 0.0 0.0 0.0 0.0 0.0 0.0 0.0 0.0 0.0 0.0 0.0 0.0 55.0 0.0 
17.0 0.0 39.0 0.0 0.0 0.0 24.0 0.0 35.0 0.0 0.0 0.0 62.0 0.0 0.0 0.0 0.0 0.0 0.0 0.0 0.0 0.0 0.0 0.0 
0.0 0.0 0.0 22.0 30.0 0.0 0.0 0.0 0.0 0.0 0.0 1.0 0.0 0.0 0.0 0.0 0.0 19.0 0.0 6.0 0.0 0.0 65.0 0.0 
0.0 0.0 0.0 0.0 0.0 0.0 0.0 0.0 0.0 0.0 1.0 0.0 0.0 0.0 0.0 0.0 0.0 0.0 0.0 0.0 0.0 0.0 0.0 2.0 
52.0 0.0 0.0 0.0 0.0 0.0 46.0 0.0 0.0 62.0 0.0 0.0 0.0 49.0 0.0 0.0 0.0 0.0 0.0 0.0 141.0 0.0 0.0 92.0 
3.0 0.0 0.0 0.0 0.0 0.0 22.0 0.0 0.0 0.0 0.0 0.0 49.0 0.0 0.0 0.0 0.0 0.0 0.0 0.0 0.0 0.0 0.0 0.0 
0.0 0.0 0.0 0.0 0.0 53.0 0.0 0.0 0.0 0.0 0.0 0.0 0.0 0.0 0.0 0.0 18.0 0.0 0.0 0.0 61.0 0.0 0.0 0.0 
0.0 0.0 0.0 0.0 0.0 0.0 0.0 0.0 0.0 0.0 0.0 0.0 0.0 0.0 0.0 0.0 0.0 0.0 0.0 0.0 0.0 0.0 0.0 1.0 
0.0 0.0 0.0 0.0 0.0 27.0 0.0 0.0 0.0 0.0 0.0 0.0 0.0 0.0 18.0 0.0 0.0 0.0 0.0 0.0 0.0 31.0 0.0 0.0 
0.0 0.0 0.0 0.0 9.0 0.0 0.0 5.0 0.0 0.0 19.0 0.0 0.0 0.0 0.0 0.0 0.0 0.0 10.0 0.0 52.0 0.0 0.0 0.0 
0.0 0.0 0.0 0.0 21.0 0.0 0.0 0.0 0.0 0.0 0.0 0.0 0.0 0.0 0.0 0.0 0.0 10.0 0.0 0.0 69.0 0.0 0.0 0.0 
0.0 0.0 0.0 2.0 0.0 0.0 0.0 0.0 0.0 0.0 6.0 0.0 0.0 0.0 0.0 0.0 0.0 0.0 0.0 0.0 0.0 0.0 0.0 2.0 
0.0 0.0 0.0 0.0 72.0 0.0 0.0 0.0 0.0 0.0 0.0 0.0 141.0 0.0 61.0 0.0 0.0 52.0 69.0 0.0 0.0 88.0 0.0 0.0 
0.0 33.0 47.0 0.0 0.0 43.0 0.0 0.0 0.0 0.0 0.0 0.0 0.0 0.0 0.0 0.0 31.0 0.0 0.0 0.0 88.0 0.0 78.0 0.0 
0.0 0.0 0.0 0.0 0.0 0.0 0.0 3.0 55.0 0.0 65.0 0.0 0.0 0.0 0.0 0.0 0.0 0.0 0.0 0.0 0.0 78.0 0.0 56.0 
0.0 0.0 0.0 52.0 0.0 0.0 0.0 0.0 0.0 0.0 0.0 2.0 92.0 0.0 0.0 1.0 0.0 0.0 0.0 2.0 0.0 0.0 56.0 0.0 
