q
144.0 53.0 97.0 119.0 145.0 25.0 181.0 135.0 113.0 95.0 2.0 135.0 12.0 95.0 49.0 135.0 179.0 414.0 270.0 167.0 386.0 326.0 353.0 246.0 
l
0.0 0.0 0.0 0.0 30.0 0.0 0.0 0.0 0.0 0.0 0.0 32.0 0.0 0.0 0.0 0.0 0.0 0.0 0.0 0.0 0.0 0.0 74.0 0.0 
0.0 0.0 0.0 0.0 0.0 0.0 10.0 0.0 0.0 0.0 0.0 0.0 0.0 0.0 0.0 10.0 0.0 29.0 0.0 0.0 0.0 0.0 0.0 0.0 
0.0 0.0 0.0 0.0 0.0 0.0 0.0 0.0 0.0 0.0 1.0 0.0 0.0 12.0 0.0 0.0 0.0 0.0 0.0 26.0 0.0 0.0 0.0 52.0 
0.0 0.0 0.0 0.0 0.0 3.0 0.0 0.0 0.0 0.0 0.0 0.0 0.0 0.0 0.0 21.0 33.0 0.0 0.0 0.0 57.0 0.0 0.0 0.0 
30.0 0.0 0.0 0.0 0.0 0.0 0.0 0.0 0.0 22.0 0.0 17.0 0.0 0.0 0.0 0.0 0.0 0.0 0.0 0.0 0.0 68.0 0.0 0.0 
0.0 0.0 0.0 3.0 0.0 0.0 0.0 0.0 0.0 0.0 0.0 0.0 0.0 0.0 0.0 8.0 0.0 0.0 0.0 0.0 14.0 0.0 0.0 0.0 
0.0 10.0 0.0 0.0 0.0 0.0 0.0 32.0 0.0 0.0 0.0 0.0 0.0 0.0 0.0 16.0 34.0 28.0 49.0 0.0 0.0 0.0 0.0 0.0 
0.0 0.0 0.0 0.0 0.0 0.0 32.0 0.0 31.0 0.0 0.0 0.0 1.0 0.0 0.0 0.0 26.0 0.0 0.0 0.0 0.0 39.0 0.0 0.0 
0.0 0.0 0.0 0.0 0.0 0.0 0.0 31.0 0.0 0.0 0.0 0.0 3.0 0.0 6.0 0.0 0.0 0.0 31.0 0.0 0.0 0.0 38.0 0.0 
0.0 0.0 0.0 0.0 22.0 0.0 0.0 0.0 0.0 0.0 0.0 9.0 0.0 0.0 0.0 0.0 0.0 0.0 0.0 0.0 53.0 0.0 0.0 0.0 
0.0 0.0 1.0 0.0 0.0 0.0 0.0 0.0 0.0 0.0 0.0 0.0 0.0 0.0 0.0 0.0 0.0 0.0 0.0 0.0 0.0 0.0 0.0 1.0 
32.0 0.0 0.0 0.0 17.0 0.0 0.0 0.0 0.0 9.0 0.0 0.0 0.0 0.0 0.0 0.0 0.0 0.0 0.0 0.0 70.0 0.0 0.0 0.0 
0.0 0.0 0.0 0.0 0.0 0.0 0.0 1.0 3.0 0.0 0.0 0.0 0.0 0.0 0.0 0.0 0.0 0.0 0.0 0.0 0.0 7.0 0.0 0.0 
0.0 0.0 12.0 0.0 0.0 0.0 0.0 0.0 0.0 0.0 0.0 0.0 0.0 0.0 0.0 0.0 0.0 0.0 35.0 19.0 0.0 0.0 0.0 26.0 
0.0 0.0 0.0 0.0 0.0 0.0 0.0 0.0 6.0 0.0 0.0 0.0 0.0 0.0 0.0 0.0 0.0 0.0 20.0 6.0 0.0 0.0 16.0 0.0 
0.0 10.0 0.0 21.0 0.0 8.0 16.0 0.0 0.0 0.0 0.0 0.0 0.0 0.0 0.0 0.0 26.0 48.0 0.0 0.0 0.0 0.0 0.0 0.0 
0.0 0.0 0.0 33.0 0.0 0.0 34.0 26.0 0.0 0.0 0.0 0.0 0.0 0.0 0.0 26.0 0.0 0.0 0.0 0.0 0.0 53.0 0.0 0.0 
0.0 29.0 0.0 0.0 0.0 0.0 28.0 0.0 0.0 0.0 0.0 0.0 0.0 0.0 0.0 48.0 0.0 0.0 81.0 0.0 113.0 0.0 0.0 90.0 
0.0 0.0 0.0 0.0 0.0 0.0 49.0 0.0 31.0 0.0 0.0 0.0 0.0 35.0 20.0 0.0 0.0 81.0 0.0 45.0 0.0 0.0 0.0 0.0 
0.0 0.0 26.0 0.0 0.0 0.0 0.0 0.0 0.0 0.0 0.0 0.0 0.0 19.0 6.0 0.0 0.0 0.0 45.0 0.0 0.0 0.0 64.0 0.0 
0.0 0.0 0.0 57.0 0.0 14.0 0.0 0.0 0.0 53.0 0.0 70.0 0.0 0.0 0.0 0.0 0.0 113.0 0.0 0.0 0.0 55.0 0.0 0.0 
0.0 0.0 0.0 0.0 68.0 0.0 0.0 39.0 0.0 0.0 0.0 0.0 7.0 0.0 0.0 0.0 53.0 0.0 0.0 0.0 55.0 0.0 87.0 0.0 
74.0 0.0 0.0 0.0 0.0 0.0 0.0 0.0 38.0 0.0 0.0 0.0 0.0 0.0 16.0 0.0 0.0 0.0 0.0 64.0 0.0 87.0 0.0 60.0 
0.0 0.0 52.0 0.0 0.0 0.0 0.0 0.0 0.0 0.0 1.0 0.0 0.0 26.0 0.0 0.0 0.0 90.0 0.0 0.0 0.0 0.0 60.0 0.0 
