q
68.0 113.0 179.0 117.0 136.0 118.0 117.0 137.0 225.0 114.0 1.0 1.0 471.0 87.0 133.0 16.0 156.0 139.0 20.0 190.0 247.0 402.0 244.0 379.0 
l
0.0 0.0 0.0 0.0 0.0 0.0 0.0 0.0 0.0 0.0 0.0 0.0 0.0 0.0 23.0 0.0 0.0 0.0 0.0 0.0 37.0 0.0 0.0 0.0 
0.0 0.0 0.0 0.0 0.0 0.0 0.0 22.0 30.0 0.0 0.0 0.0 0.0 0.0 16.0 5.0 0.0 0.0 0.0 0.0 34.0 0.0 0.0 0.0 
0.0 0.0 0.0 39.0 19.0 0.0 17.0 0.0 0.0 0.0 0.0 0.0 0.0 0.0 0.0 0.0 0.0 44.0 0.0 0.0 0.0 0.0 52.0 0.0 
0.0 0.0 39.0 0.0 12.0 0.0 0.0 0.0 0.0 0.0 0.0 0.0 0.0 0.0 0.0 0.0 0.0 0.0 0.0 0.0 0.0 58.0 0.0 0.0 
0.0 0.0 19.0 12.0 0.0 0.0 37.0 0.0 0.0 0.0 0.0 0.0 0.0 0.0 0.0 0.0 0.0 0.0 0.0 0.0 0.0 61.0 0.0 0.0 
0.0 0.0 0.0 0.0 0.0 0.0 0.0 0.0 0.0 21.0 0.0 0.0 0.0 0.0 0.0 0.0 0.0 0.0 3.0 41.0 0.0 0.0 48.0 0.0 
0.0 0.0 17.0 0.0 37.0 0.0 0.0 0.0 0.0 0.0 0.0 0.0 0.0 0.0 0.0 0.0 0.0 9.0 0.0 0.0 0.0 0.0 0.0 48.0 
0.0 22.0 0.0 0.0 0.0 0.0 0.0 0.0 30.0 0.0 0.0 0.0 0.0 0.0 0.0 2.0 16.0 0.0 0.0 0.0 0.0 54.0 0.0 0.0 
0.0 30.0 0.0 0.0 0.0 0.0 0.0 30.0 0.0 0.0 0.0 0.0 60.0 0.0 27.0 0.0 35.0 0.0 0.0 29.0 0.0 0.0 0.0 0.0 
0.0 0.0 0.0 0.0 0.0 21.0 0.0 0.0 0.0 0.0 0.0 0.0 57.0 0.0 0.0 0.0 0.0 0.0 6.0 19.0 0.0 0.0 0.0 0.0 
0.0 0.0 0.0 0.0 0.0 0.0 0.0 0.0 0.0 0.0 0.0 0.0 0.0 0.0 0.0 0.0 0.0 0.0 0.0 0.0 1.0 0.0 0.0 0.0 
0.0 0.0 0.0 0.0 0.0 0.0 0.0 0.0 0.0 0.0 0.0 0.0 0.0 0.0 0.0 0.0 0.0 0.0 0.0 0.0 0.0 0.0 0.0 1.0 
0.0 0.0 0.0 0.0 0.0 0.0 0.0 0.0 60.0 57.0 0.0 0.0 0.0 0.0 59.0 0.0 0.0 0.0 0.0 46.0 69.0 0.0 0.0 145.0 
0.0 0.0 0.0 0.0 0.0 0.0 0.0 0.0 0.0 0.0 0.0 0.0 0.0 0.0 0.0 0.0 0.0 26.0 0.0 0.0 0.0 0.0 0.0 55.0 
23.0 16.0 0.0 0.0 0.0 0.0 0.0 0.0 27.0 0.0 0.0 0.0 59.0 0.0 0.0 0.0 0.0 0.0 0.0 0.0 0.0 0.0 0.0 0.0 
0.0 5.0 0.0 0.0 0.0 0.0 0.0 2.0 0.0 0.0 0.0 0.0 0.0 0.0 0.0 0.0 0.0 0.0 0.0 0.0 7.0 0.0 0.0 0.0 
0.0 0.0 0.0 0.0 0.0 0.0 0.0 16.0 35.0 0.0 0.0 0.0 0.0 0.0 0.0 0.0 0.0 0.0 0.0 46.0 0.0 52.0 0.0 0.0 
0.0 0.0 44.0 0.0 0.0 0.0 9.0 0.0 0.0 0.0 0.0 0.0 0.0 26.0 0.0 0.0 0.0 0.0 0.0 0.0 0.0 0.0 0.0 51.0 
0.0 0.0 0.0 0.0 0.0 3.0 0.0 0.0 0.0 6.0 0.0 0.0 0.0 0.0 0.0 0.0 0.0 0.0 0.0 0.0 0.0 0.0 9.0 0.0 
0.0 0.0 0.0 0.0 0.0 41.0 0.0 0.0 29.0 19.0 0.0 0.0 46.0 0.0 0.0 0.0 46.0 0.0 0.0 0.0 0.0 0.0 0.0 0.0 
37.0 34.0 0.0 0.0 0.0 0.0 0.0 0.0 0.0 0.0 1.0 0.0 69.0 0.0 0.0 7.0 0.0 0.0 0.0 0.0 0.0 80.0 0.0 0.0 
0.0 0.0 0.0 58.0 61.0 0.0 0.0 54.0 0.0 0.0 0.0 0.0 0.0 0.0 0.0 0.0 52.0 0.0 0.0 0.0 80.0 0.0 69.0 0.0 
0.0 0.0 52.0 0.0 0.0 48.0 0.0 0.0 0.0 0.0 0.0 0.0 0.0 0.0 0.0 0.0 0.0 0.0 9.0 0.0 0.0 69.0 0.0 55.0 
0.0 0.0 0.0 0.0 0.0 0.0 48.0 0.0 0.0 0.0 0.0 1.0 145.0 55.0 0.0 0.0 0.0 51.0 0.0 0.0 0.0 0.0 55.0 0.0 
