q
244.0 89.0 95.0 183.0 71.0 91.0 181.0 3.0 205.0 266.0 186.0 250.0 219.0 79.0 170.0 108.0 47.0 396.0 47.0 455.0 16.0 232.0 8.0 313.0 
l
0.0 0.0 48.0 24.0 0.0 16.0 0.0 0.0 0.0 47.0 0.0 0.0 0.0 0.0 26.0 0.0 0.0 66.0 0.0 0.0 0.0 0.0 0.0 0.0 
0.0 0.0 0.0 0.0 0.0 0.0 0.0 0.0 0.0 0.0 15.0 0.0 0.0 0.0 0.0 0.0 0.0 0.0 0.0 53.0 0.0 20.0 0.0 0.0 
48.0 0.0 0.0 36.0 0.0 0.0 0.0 0.0 0.0 0.0 0.0 0.0 0.0 0.0 0.0 0.0 0.0 0.0 0.0 0.0 0.0 0.0 0.0 0.0 
24.0 0.0 36.0 0.0 0.0 0.0 0.0 0.0 0.0 48.0 0.0 0.0 40.0 0.0 26.0 0.0 0.0 0.0 0.0 0.0 0.0 0.0 0.0 0.0 
0.0 0.0 0.0 0.0 0.0 0.0 27.0 0.0 0.0 0.0 0.0 36.0 0.0 0.0 0.0 0.0 4.0 0.0 0.0 0.0 0.0 0.0 0.0 0.0 
16.0 0.0 0.0 0.0 0.0 0.0 0.0 0.0 0.0 0.0 0.0 0.0 0.0 0.0 12.0 7.0 0.0 51.0 0.0 0.0 0.0 0.0 0.0 0.0 
0.0 0.0 0.0 0.0 27.0 0.0 0.0 1.0 0.0 0.0 0.0 23.0 0.0 14.0 0.0 0.0 17.0 0.0 0.0 0.0 0.0 0.0 0.0 89.0 
0.0 0.0 0.0 0.0 0.0 0.0 1.0 0.0 0.0 0.0 0.0 0.0 0.0 2.0 0.0 0.0 0.0 0.0 0.0 0.0 0.0 0.0 0.0 0.0 
0.0 0.0 0.0 0.0 0.0 0.0 0.0 0.0 0.0 0.0 0.0 0.0 45.0 0.0 36.0 19.0 0.0 29.0 0.0 69.0 0.0 0.0 0.0 0.0 
47.0 0.0 0.0 48.0 0.0 0.0 0.0 0.0 0.0 0.0 0.0 0.0 25.0 0.0 0.0 0.0 0.0 0.0 11.0 0.0 0.0 57.0 0.0 67.0 
0.0 15.0 0.0 0.0 0.0 0.0 0.0 0.0 0.0 0.0 0.0 31.0 0.0 31.0 0.0 0.0 0.0 0.0 0.0 38.0 0.0 62.0 0.0 0.0 
0.0 0.0 0.0 0.0 36.0 0.0 23.0 0.0 0.0 0.0 31.0 0.0 0.0 22.0 0.0 0.0 21.0 0.0 0.0 103.0 0.0 0.0 0.0 0.0 
0.0 0.0 0.0 40.0 0.0 0.0 0.0 0.0 45.0 25.0 0.0 0.0 0.0 0.0 35.0 0.0 0.0 0.0 0.0 0.0 0.0 0.0 0.0 65.0 
0.0 0.0 0.0 0.0 0.0 0.0 14.0 2.0 0.0 0.0 31.0 22.0 0.0 0.0 0.0 0.0 2.0 0.0 0.0 0.0 5.0 0.0 0.0 0.0 
26.0 0.0 0.0 26.0 0.0 12.0 0.0 0.0 36.0 0.0 0.0 0.0 35.0 0.0 0.0 26.0 0.0 0.0 0.0 0.0 0.0 0.0 0.0 0.0 
0.0 0.0 0.0 0.0 0.0 7.0 0.0 0.0 19.0 0.0 0.0 0.0 0.0 0.0 26.0 0.0 0.0 48.0 0.0 0.0 0.0 0.0 0.0 0.0 
0.0 0.0 0.0 0.0 4.0 0.0 17.0 0.0 0.0 0.0 0.0 21.0 0.0 2.0 0.0 0.0 0.0 0.0 0.0 0.0 0.0 0.0 0.0 0.0 
66.0 0.0 0.0 0.0 0.0 51.0 0.0 0.0 29.0 0.0 0.0 0.0 0.0 0.0 0.0 48.0 0.0 0.0 0.0 115.0 0.0 68.0 0.0 0.0 
0.0 0.0 0.0 0.0 0.0 0.0 0.0 0.0 0.0 11.0 0.0 0.0 0.0 0.0 0.0 0.0 0.0 0.0 0.0 0.0 9.0 11.0 0.0 16.0 
0.0 53.0 0.0 0.0 0.0 0.0 0.0 0.0 69.0 0.0 38.0 103.0 0.0 0.0 0.0 0.0 0.0 115.0 0.0 0.0 0.0 0.0 0.0 58.0 
0.0 0.0 0.0 0.0 0.0 0.0 0.0 0.0 0.0 0.0 0.0 0.0 0.0 5.0 0.0 0.0 0.0 0.0 9.0 0.0 0.0 0.0 2.0 0.0 
0.0 20.0 0.0 0.0 0.0 0.0 0.0 0.0 0.0 57.0 62.0 0.0 0.0 0.0 0.0 0.0 0.0 68.0 11.0 0.0 0.0 0.0 6.0 0.0 
0.0 0.0 0.0 0.0 0.0 0.0 0.0 0.0 0.0 0.0 0.0 0.0 0.0 0.0 0.0 0.0 0.0 0.0 0.0 0.0 2.0 6.0 0.0 0.0 
0.0 0.0 0.0 0.0 0.0 0.0 89.0 0.0 0.0 67.0 0.0 0.0 65.0 0.0 0.0 0.0 0.0 0.0 16.0 58.0 0.0 0.0 0.0 0.0 
