q
77.0 278.0 8.0 146.0 94.0 95.0 102.0 56.0 14.0 133.0 223.0 131.0 77.0 145.0 20.0 104.0 224.0 15.0 206.0 145.0 390.0 311.0 285.0 375.0 
l
0.0 0.0 0.0 23.0 0.0 0.0 0.0 0.0 2.0 0.0 0.0 0.0 0.0 0.0 0.0 0.0 30.0 1.0 0.0 15.0 0.0 0.0 0.0 0.0 
0.0 0.0 0.0 0.0 34.0 0.0 0.0 0.0 0.0 34.0 44.0 29.0 0.0 0.0 0.0 0.0 0.0 0.0 59.0 0.0 73.0 0.0 0.0 0.0 
0.0 0.0 0.0 0.0 0.0 0.0 0.0 0.0 0.0 0.0 0.0 0.0 2.0 2.0 0.0 0.0 0.0 0.0 0.0 0.0 0.0 4.0 0.0 0.0 
23.0 0.0 0.0 0.0 0.0 0.0 0.0 0.0 0.0 0.0 0.0 0.0 0.0 22.0 0.0 0.0 0.0 0.0 0.0 26.0 68.0 0.0 0.0 0.0 
0.0 34.0 0.0 0.0 0.0 0.0 0.0 0.0 0.0 0.0 0.0 0.0 0.0 0.0 0.0 0.0 0.0 0.0 22.0 0.0 0.0 33.0 0.0 0.0 
0.0 0.0 0.0 0.0 0.0 0.0 16.0 0.0 0.0 0.0 0.0 0.0 0.0 0.0 0.0 0.0 0.0 0.0 23.0 0.0 0.0 48.0 0.0 0.0 
0.0 0.0 0.0 0.0 0.0 16.0 0.0 0.0 0.0 0.0 0.0 0.0 0.0 0.0 0.0 0.0 0.0 0.0 33.0 0.0 0.0 0.0 43.0 0.0 
0.0 0.0 0.0 0.0 0.0 0.0 0.0 0.0 0.0 9.0 0.0 0.0 0.0 0.0 0.0 14.0 0.0 0.0 0.0 0.0 32.0 0.0 0.0 0.0 
2.0 0.0 0.0 0.0 0.0 0.0 0.0 0.0 0.0 0.0 0.0 0.0 0.0 0.0 1.0 0.0 6.0 1.0 0.0 3.0 0.0 0.0 0.0 0.0 
0.0 34.0 0.0 0.0 0.0 0.0 0.0 9.0 0.0 0.0 30.0 0.0 0.0 0.0 0.0 17.0 0.0 0.0 0.0 0.0 41.0 0.0 0.0 0.0 
0.0 44.0 0.0 0.0 0.0 0.0 0.0 0.0 0.0 30.0 0.0 34.0 0.0 0.0 0.0 30.0 0.0 0.0 0.0 0.0 0.0 0.0 0.0 74.0 
0.0 29.0 0.0 0.0 0.0 0.0 0.0 0.0 0.0 0.0 34.0 0.0 0.0 0.0 0.0 0.0 0.0 0.0 21.0 0.0 0.0 0.0 42.0 0.0 
0.0 0.0 2.0 0.0 0.0 0.0 0.0 0.0 0.0 0.0 0.0 0.0 0.0 18.0 0.0 0.0 0.0 0.0 0.0 0.0 0.0 0.0 0.0 49.0 
0.0 0.0 2.0 22.0 0.0 0.0 0.0 0.0 0.0 0.0 0.0 0.0 18.0 0.0 0.0 0.0 0.0 0.0 0.0 29.0 0.0 62.0 0.0 0.0 
0.0 0.0 0.0 0.0 0.0 0.0 0.0 0.0 1.0 0.0 0.0 0.0 0.0 0.0 0.0 0.0 0.0 0.0 0.0 5.0 0.0 0.0 0.0 14.0 
0.0 0.0 0.0 0.0 0.0 0.0 0.0 14.0 0.0 17.0 30.0 0.0 0.0 0.0 0.0 0.0 37.0 0.0 0.0 0.0 0.0 0.0 0.0 0.0 
30.0 0.0 0.0 0.0 0.0 0.0 0.0 0.0 6.0 0.0 0.0 0.0 0.0 0.0 0.0 37.0 0.0 13.0 0.0 0.0 69.0 0.0 0.0 56.0 
1.0 0.0 0.0 0.0 0.0 0.0 0.0 0.0 1.0 0.0 0.0 0.0 0.0 0.0 0.0 0.0 13.0 0.0 0.0 0.0 0.0 0.0 0.0 0.0 
0.0 59.0 0.0 0.0 22.0 23.0 33.0 0.0 0.0 0.0 0.0 21.0 0.0 0.0 0.0 0.0 0.0 0.0 0.0 0.0 0.0 0.0 40.0 0.0 
15.0 0.0 0.0 26.0 0.0 0.0 0.0 0.0 3.0 0.0 0.0 0.0 0.0 29.0 5.0 0.0 0.0 0.0 0.0 0.0 0.0 0.0 0.0 61.0 
0.0 73.0 0.0 68.0 0.0 0.0 0.0 32.0 0.0 41.0 0.0 0.0 0.0 0.0 0.0 0.0 69.0 0.0 0.0 0.0 0.0 94.0 0.0 0.0 
0.0 0.0 4.0 0.0 33.0 48.0 0.0 0.0 0.0 0.0 0.0 0.0 0.0 62.0 0.0 0.0 0.0 0.0 0.0 0.0 94.0 0.0 47.0 0.0 
0.0 0.0 0.0 0.0 0.0 0.0 43.0 0.0 0.0 0.0 0.0 42.0 0.0 0.0 0.0 0.0 0.0 0.0 40.0 0.0 0.0 47.0 0.0 93.0 
0.0 0.0 0.0 0.0 0.0 0.0 0.0 0.0 0.0 0.0 74.0 0.0 49.0 0.0 14.0 0.0 56.0 0.0 0.0 61.0 0.0 0.0 93.0 0.0 
