q
385.0 82.0 204.0 110.0 111.0 1.0 104.0 276.0 418.0 79.0 139.0 80.0 3.0 95.0 194.0 216.0 117.0 359.0 361.0 118.0 300.0 103.0 3.0 
l
0.0 32.0 0.0 0.0 0.0 0.0 0.0 0.0 93.0 0.0 72.0 0.0 0.0 72.0 0.0 0.0 0.0 0.0 52.0 0.0 41.0 0.0 0.0 
32.0 0.0 0.0 0.0 0.0 0.0 9.0 0.0 0.0 0.0 0.0 0.0 2.0 0.0 0.0 0.0 0.0 0.0 0.0 0.0 31.0 0.0 2.0 
0.0 0.0 0.0 0.0 27.0 0.0 0.0 36.0 0.0 25.0 0.0 0.0 0.0 0.0 0.0 0.0 25.0 68.0 0.0 13.0 0.0 0.0 0.0 
0.0 0.0 0.0 0.0 0.0 0.0 0.0 38.0 0.0 0.0 0.0 0.0 0.0 0.0 18.0 0.0 0.0 0.0 52.0 0.0 0.0 0.0 0.0 
0.0 0.0 27.0 0.0 0.0 0.0 0.0 0.0 44.0 0.0 0.0 0.0 0.0 0.0 0.0 0.0 0.0 31.0 0.0 0.0 0.0 0.0 0.0 
0.0 0.0 0.0 0.0 0.0 0.0 0.0 0.0 0.0 0.0 0.0 0.0 0.0 0.0 0.0 0.0 0.0 0.0 0.0 0.0 0.0 1.0 0.0 
0.0 9.0 0.0 0.0 0.0 0.0 0.0 0.0 0.0 0.0 0.0 0.0 1.0 0.0 0.0 0.0 0.0 0.0 0.0 0.0 64.0 24.0 0.0 
0.0 0.0 36.0 38.0 0.0 0.0 0.0 0.0 99.0 42.0 0.0 0.0 0.0 0.0 26.0 0.0 23.0 0.0 0.0 0.0 0.0 0.0 0.0 
93.0 0.0 0.0 0.0 44.0 0.0 0.0 99.0 0.0 0.0 0.0 0.0 0.0 0.0 0.0 64.0 0.0 44.0 53.0 0.0 0.0 0.0 0.0 
0.0 0.0 25.0 0.0 0.0 0.0 0.0 42.0 0.0 0.0 0.0 0.0 0.0 0.0 0.0 0.0 12.0 0.0 0.0 0.0 0.0 0.0 0.0 
72.0 0.0 0.0 0.0 0.0 0.0 0.0 0.0 0.0 0.0 0.0 27.0 0.0 0.0 0.0 33.0 0.0 0.0 0.0 0.0 0.0 0.0 0.0 
0.0 0.0 0.0 0.0 0.0 0.0 0.0 0.0 0.0 0.0 27.0 0.0 0.0 0.0 0.0 50.0 0.0 0.0 0.0 0.0 0.0 0.0 0.0 
0.0 2.0 0.0 0.0 0.0 0.0 1.0 0.0 0.0 0.0 0.0 0.0 0.0 0.0 0.0 0.0 0.0 0.0 0.0 0.0 0.0 0.0 0.0 
72.0 0.0 0.0 0.0 0.0 0.0 0.0 0.0 0.0 0.0 0.0 0.0 0.0 0.0 0.0 0.0 0.0 0.0 0.0 0.0 0.0 16.0 0.0 
0.0 0.0 0.0 18.0 0.0 0.0 0.0 26.0 0.0 0.0 0.0 0.0 0.0 0.0 0.0 0.0 32.0 0.0 78.0 31.0 0.0 0.0 0.0 
0.0 0.0 0.0 0.0 0.0 0.0 0.0 0.0 64.0 0.0 33.0 50.0 0.0 0.0 0.0 0.0 0.0 61.0 0.0 0.0 0.0 0.0 0.0 
0.0 0.0 25.0 0.0 0.0 0.0 0.0 23.0 0.0 12.0 0.0 0.0 0.0 0.0 32.0 0.0 0.0 0.0 0.0 19.0 0.0 0.0 0.0 
0.0 0.0 68.0 0.0 31.0 0.0 0.0 0.0 44.0 0.0 0.0 0.0 0.0 0.0 0.0 61.0 0.0 0.0 0.0 46.0 97.0 0.0 0.0 
52.0 0.0 0.0 52.0 0.0 0.0 0.0 0.0 53.0 0.0 0.0 0.0 0.0 0.0 78.0 0.0 0.0 0.0 0.0 0.0 57.0 57.0 0.0 
0.0 0.0 13.0 0.0 0.0 0.0 0.0 0.0 0.0 0.0 0.0 0.0 0.0 0.0 31.0 0.0 19.0 46.0 0.0 0.0 0.0 0.0 0.0 
41.0 31.0 0.0 0.0 0.0 0.0 64.0 0.0 0.0 0.0 0.0 0.0 0.0 0.0 0.0 0.0 0.0 97.0 57.0 0.0 0.0 0.0 0.0 
0.0 0.0 0.0 0.0 0.0 1.0 24.0 0.0 0.0 0.0 0.0 0.0 0.0 16.0 0.0 0.0 0.0 0.0 57.0 0.0 0.0 0.0 1.0 
0.0 2.0 0.0 0.0 0.0 0.0 0.0 0.0 0.0 0.0 0.0 0.0 0.0 0.0 0.0 0.0 0.0 0.0 0.0 0.0 0.0 1.0 0.0 
