q
120.0 92.0 163.0 130.0 63.0 278.0 83.0 144.0 64.0 101.0 155.0 21.0 171.0 50.0 79.0 179.0 325.0 110.0 22.0 234.0 413.0 282.0 357.0 264.0 
l
0.0 22.0 0.0 0.0 0.0 29.0 0.0 0.0 0.0 0.0 0.0 0.0 17.0 0.0 0.0 0.0 0.0 0.0 0.0 0.0 50.0 0.0 0.0 0.0 
22.0 0.0 0.0 0.0 0.0 0.0 0.0 0.0 0.0 0.0 0.0 0.0 17.0 0.0 7.0 0.0 0.0 0.0 0.0 0.0 0.0 43.0 0.0 0.0 
0.0 0.0 0.0 0.0 0.0 0.0 0.0 0.0 18.0 0.0 0.0 0.0 0.0 10.0 0.0 50.0 0.0 18.0 5.0 0.0 0.0 0.0 52.0 0.0 
0.0 0.0 0.0 0.0 0.0 0.0 10.0 0.0 0.0 22.0 14.0 0.0 0.0 0.0 0.0 0.0 38.0 0.0 0.0 37.0 0.0 0.0 0.0 0.0 
0.0 0.0 0.0 0.0 0.0 0.0 0.0 0.0 0.0 0.0 0.0 2.0 0.0 0.0 0.0 7.0 0.0 13.0 0.0 0.0 35.0 0.0 0.0 0.0 
29.0 0.0 0.0 0.0 0.0 0.0 0.0 29.0 0.0 0.0 48.0 0.0 46.0 0.0 0.0 0.0 0.0 0.0 0.0 50.0 64.0 0.0 0.0 0.0 
0.0 0.0 0.0 10.0 0.0 0.0 0.0 0.0 0.0 0.0 24.0 0.0 0.0 0.0 0.0 0.0 46.0 0.0 0.0 0.0 0.0 0.0 0.0 0.0 
0.0 0.0 0.0 0.0 0.0 29.0 0.0 0.0 0.0 0.0 0.0 0.0 35.0 0.0 0.0 0.0 0.0 0.0 0.0 24.0 0.0 0.0 50.0 0.0 
0.0 0.0 18.0 0.0 0.0 0.0 0.0 0.0 0.0 0.0 0.0 0.0 0.0 8.0 0.0 0.0 0.0 0.0 0.0 0.0 0.0 0.0 0.0 36.0 
0.0 0.0 0.0 22.0 0.0 0.0 0.0 0.0 0.0 0.0 0.0 0.0 0.0 0.0 0.0 0.0 0.0 0.0 0.0 30.0 0.0 0.0 0.0 37.0 
0.0 0.0 0.0 14.0 0.0 48.0 24.0 0.0 0.0 0.0 0.0 0.0 0.0 0.0 0.0 0.0 39.0 0.0 0.0 22.0 0.0 0.0 0.0 0.0 
0.0 0.0 0.0 0.0 2.0 0.0 0.0 0.0 0.0 0.0 0.0 0.0 0.0 0.0 0.0 0.0 12.0 6.0 0.0 0.0 0.0 0.0 0.0 0.0 
17.0 17.0 0.0 0.0 0.0 46.0 0.0 35.0 0.0 0.0 0.0 0.0 0.0 0.0 24.0 0.0 0.0 0.0 0.0 0.0 0.0 23.0 0.0 0.0 
0.0 0.0 10.0 0.0 0.0 0.0 0.0 0.0 8.0 0.0 0.0 0.0 0.0 0.0 0.0 0.0 0.0 0.0 0.0 0.0 0.0 0.0 28.0 0.0 
0.0 7.0 0.0 0.0 0.0 0.0 0.0 0.0 0.0 0.0 0.0 0.0 24.0 0.0 0.0 0.0 0.0 0.0 0.0 0.0 0.0 41.0 0.0 0.0 
0.0 0.0 50.0 0.0 7.0 0.0 0.0 0.0 0.0 0.0 0.0 0.0 0.0 0.0 0.0 0.0 0.0 28.0 6.0 0.0 80.0 0.0 0.0 0.0 
0.0 0.0 0.0 38.0 0.0 0.0 46.0 0.0 0.0 0.0 39.0 12.0 0.0 0.0 0.0 0.0 0.0 0.0 0.0 0.0 103.0 0.0 0.0 75.0 
0.0 0.0 18.0 0.0 13.0 0.0 0.0 0.0 0.0 0.0 0.0 6.0 0.0 0.0 0.0 28.0 0.0 0.0 0.0 0.0 0.0 0.0 0.0 37.0 
0.0 0.0 5.0 0.0 0.0 0.0 0.0 0.0 0.0 0.0 0.0 0.0 0.0 0.0 0.0 6.0 0.0 0.0 0.0 0.0 0.0 9.0 0.0 0.0 
0.0 0.0 0.0 37.0 0.0 50.0 0.0 24.0 0.0 30.0 22.0 0.0 0.0 0.0 0.0 0.0 0.0 0.0 0.0 0.0 0.0 0.0 55.0 0.0 
50.0 0.0 0.0 0.0 35.0 64.0 0.0 0.0 0.0 0.0 0.0 0.0 0.0 0.0 0.0 80.0 103.0 0.0 0.0 0.0 0.0 67.0 0.0 0.0 
0.0 43.0 0.0 0.0 0.0 0.0 0.0 0.0 0.0 0.0 0.0 0.0 23.0 0.0 41.0 0.0 0.0 0.0 9.0 0.0 67.0 0.0 86.0 0.0 
0.0 0.0 52.0 0.0 0.0 0.0 0.0 50.0 0.0 0.0 0.0 0.0 0.0 28.0 0.0 0.0 0.0 0.0 0.0 55.0 0.0 86.0 0.0 60.0 
0.0 0.0 0.0 0.0 0.0 0.0 0.0 0.0 36.0 37.0 0.0 0.0 0.0 0.0 0.0 0.0 75.0 37.0 0.0 0.0 0.0 0.0 60.0 0.0 
