q
108.0 353.0 230.0 128.0 2.0 1.0 317.0 100.0 292.0 163.0 6.0 126.0 200.0 101.0 158.0 267.0 93.0 164.0 118.0 36.0 350.0 386.0 359.0 398.0 
l
0.0 0.0 0.0 0.0 0.0 0.0 0.0 0.0 0.0 0.0 0.0 0.0 38.0 0.0 8.0 0.0 6.0 0.0 0.0 0.0 0.0 0.0 47.0 0.0 
0.0 0.0 44.0 46.0 0.0 0.0 0.0 59.0 0.0 0.0 0.0 0.0 0.0 0.0 0.0 0.0 0.0 0.0 0.0 0.0 50.0 0.0 0.0 136.0 
0.0 44.0 0.0 34.0 0.0 1.0 73.0 0.0 0.0 0.0 0.0 0.0 0.0 0.0 0.0 39.0 0.0 31.0 0.0 0.0 0.0 0.0 0.0 0.0 
0.0 46.0 34.0 0.0 0.0 0.0 0.0 10.0 0.0 0.0 0.0 0.0 0.0 0.0 0.0 0.0 0.0 15.0 19.0 0.0 0.0 0.0 0.0 0.0 
0.0 0.0 0.0 0.0 0.0 0.0 0.0 0.0 0.0 0.0 0.0 0.0 0.0 0.0 0.0 0.0 1.0 0.0 0.0 0.0 0.0 0.0 1.0 0.0 
0.0 0.0 1.0 0.0 0.0 0.0 0.0 0.0 0.0 0.0 0.0 0.0 0.0 0.0 0.0 0.0 0.0 0.0 0.0 0.0 0.0 0.0 0.0 0.0 
0.0 0.0 73.0 0.0 0.0 0.0 0.0 0.0 56.0 31.0 0.0 36.0 0.0 0.0 0.0 50.0 0.0 0.0 0.0 0.0 0.0 0.0 0.0 60.0 
0.0 59.0 0.0 10.0 0.0 0.0 0.0 0.0 0.0 0.0 0.0 0.0 0.0 0.0 0.0 0.0 0.0 0.0 16.0 8.0 0.0 0.0 0.0 0.0 
0.0 0.0 0.0 0.0 0.0 0.0 56.0 0.0 0.0 38.0 0.0 23.0 48.0 0.0 58.0 0.0 0.0 0.0 0.0 0.0 0.0 53.0 0.0 0.0 
0.0 0.0 0.0 0.0 0.0 0.0 31.0 0.0 38.0 0.0 3.0 0.0 0.0 14.0 0.0 41.0 0.0 0.0 0.0 0.0 0.0 31.0 0.0 0.0 
0.0 0.0 0.0 0.0 0.0 0.0 0.0 0.0 0.0 3.0 0.0 0.0 0.0 1.0 0.0 0.0 0.0 0.0 0.0 0.0 0.0 2.0 0.0 0.0 
0.0 0.0 0.0 0.0 0.0 0.0 36.0 0.0 23.0 0.0 0.0 0.0 24.0 0.0 0.0 0.0 0.0 0.0 0.0 0.0 0.0 0.0 0.0 39.0 
38.0 0.0 0.0 0.0 0.0 0.0 0.0 0.0 48.0 0.0 0.0 24.0 0.0 0.0 21.0 0.0 0.0 0.0 0.0 0.0 0.0 0.0 0.0 58.0 
0.0 0.0 0.0 0.0 0.0 0.0 0.0 0.0 0.0 14.0 1.0 0.0 0.0 0.0 0.0 35.0 0.0 0.0 0.0 0.0 0.0 48.0 0.0 0.0 
8.0 0.0 0.0 0.0 0.0 0.0 0.0 0.0 58.0 0.0 0.0 0.0 21.0 0.0 0.0 0.0 22.0 0.0 0.0 0.0 0.0 0.0 35.0 0.0 
0.0 0.0 39.0 0.0 0.0 0.0 50.0 0.0 0.0 41.0 0.0 0.0 0.0 35.0 0.0 0.0 0.0 48.0 0.0 0.0 45.0 0.0 0.0 0.0 
6.0 0.0 0.0 0.0 1.0 0.0 0.0 0.0 0.0 0.0 0.0 0.0 0.0 0.0 22.0 0.0 0.0 0.0 0.0 0.0 0.0 0.0 56.0 0.0 
0.0 0.0 31.0 15.0 0.0 0.0 0.0 0.0 0.0 0.0 0.0 0.0 0.0 0.0 0.0 48.0 0.0 0.0 22.0 0.0 39.0 0.0 0.0 0.0 
0.0 0.0 0.0 19.0 0.0 0.0 0.0 16.0 0.0 0.0 0.0 0.0 0.0 0.0 0.0 0.0 0.0 22.0 0.0 0.0 52.0 0.0 0.0 0.0 
0.0 0.0 0.0 0.0 0.0 0.0 0.0 8.0 0.0 0.0 0.0 0.0 0.0 0.0 0.0 0.0 0.0 0.0 0.0 0.0 25.0 0.0 0.0 0.0 
0.0 50.0 0.0 0.0 0.0 0.0 0.0 0.0 0.0 0.0 0.0 0.0 0.0 0.0 0.0 45.0 0.0 39.0 52.0 25.0 0.0 121.0 0.0 0.0 
0.0 0.0 0.0 0.0 0.0 0.0 0.0 0.0 53.0 31.0 2.0 0.0 0.0 48.0 0.0 0.0 0.0 0.0 0.0 0.0 121.0 0.0 111.0 0.0 
47.0 0.0 0.0 0.0 1.0 0.0 0.0 0.0 0.0 0.0 0.0 0.0 0.0 0.0 35.0 0.0 56.0 0.0 0.0 0.0 0.0 111.0 0.0 90.0 
0.0 136.0 0.0 0.0 0.0 0.0 60.0 0.0 0.0 0.0 0.0 39.0 58.0 0.0 0.0 0.0 0.0 0.0 0.0 0.0 0.0 0.0 90.0 0.0 
