q
402.0 138.0 124.0 90.0 93.0 18.0 209.0 272.0 344.0 163.0 381.0 102.0 201.0 258.0 563.0 84.0 109.0 379.0 105.0 401.0 162.0 
l
0.0 0.0 0.0 0.0 0.0 0.0 82.0 0.0 0.0 0.0 0.0 31.0 81.0 0.0 77.0 0.0 0.0 71.0 0.0 0.0 40.0 
0.0 0.0 0.0 16.0 0.0 0.0 0.0 31.0 49.0 23.0 0.0 0.0 0.0 0.0 0.0 0.0 12.0 0.0 0.0 0.0 0.0 
0.0 0.0 0.0 0.0 9.0 0.0 0.0 0.0 0.0 0.0 65.0 0.0 29.0 0.0 0.0 0.0 0.0 0.0 17.0 0.0 0.0 
0.0 16.0 0.0 0.0 0.0 0.0 0.0 45.0 0.0 24.0 0.0 0.0 0.0 0.0 0.0 0.0 0.0 0.0 0.0 0.0 0.0 
0.0 0.0 9.0 0.0 0.0 0.0 0.0 0.0 0.0 0.0 40.0 0.0 0.0 28.0 0.0 0.0 0.0 0.0 9.0 0.0 0.0 
0.0 0.0 0.0 0.0 0.0 0.0 13.0 0.0 0.0 0.0 0.0 0.0 0.0 0.0 0.0 1.0 0.0 0.0 0.0 0.0 0.0 
82.0 0.0 0.0 0.0 0.0 13.0 0.0 0.0 0.0 0.0 0.0 0.0 0.0 57.0 0.0 40.0 0.0 0.0 0.0 0.0 0.0 
0.0 31.0 0.0 45.0 0.0 0.0 0.0 0.0 21.0 0.0 0.0 0.0 0.0 0.0 132.0 0.0 24.0 0.0 0.0 0.0 0.0 
0.0 49.0 0.0 0.0 0.0 0.0 0.0 21.0 0.0 22.0 0.0 0.0 0.0 0.0 98.0 0.0 64.0 69.0 0.0 0.0 0.0 
0.0 23.0 0.0 24.0 0.0 0.0 0.0 0.0 22.0 0.0 0.0 0.0 0.0 0.0 0.0 0.0 0.0 85.0 0.0 0.0 0.0 
0.0 0.0 65.0 0.0 40.0 0.0 0.0 0.0 0.0 0.0 0.0 0.0 35.0 36.0 133.0 0.0 0.0 0.0 0.0 56.0 0.0 
31.0 0.0 0.0 0.0 0.0 0.0 0.0 0.0 0.0 0.0 0.0 0.0 0.0 0.0 0.0 0.0 0.0 32.0 0.0 32.0 0.0 
81.0 0.0 29.0 0.0 0.0 0.0 0.0 0.0 0.0 0.0 35.0 0.0 0.0 15.0 0.0 0.0 0.0 0.0 35.0 0.0 0.0 
0.0 0.0 0.0 0.0 28.0 0.0 57.0 0.0 0.0 0.0 36.0 0.0 15.0 0.0 0.0 0.0 0.0 0.0 39.0 72.0 0.0 
77.0 0.0 0.0 0.0 0.0 0.0 0.0 132.0 98.0 0.0 133.0 0.0 0.0 0.0 0.0 0.0 0.0 28.0 0.0 71.0 0.0 
0.0 0.0 0.0 0.0 0.0 1.0 40.0 0.0 0.0 0.0 0.0 0.0 0.0 0.0 0.0 0.0 0.0 0.0 0.0 0.0 33.0 
0.0 12.0 0.0 0.0 0.0 0.0 0.0 24.0 64.0 0.0 0.0 0.0 0.0 0.0 0.0 0.0 0.0 0.0 0.0 0.0 0.0 
71.0 0.0 0.0 0.0 0.0 0.0 0.0 0.0 69.0 85.0 0.0 32.0 0.0 0.0 28.0 0.0 0.0 0.0 0.0 74.0 0.0 
0.0 0.0 17.0 0.0 9.0 0.0 0.0 0.0 0.0 0.0 0.0 0.0 35.0 39.0 0.0 0.0 0.0 0.0 0.0 0.0 0.0 
0.0 0.0 0.0 0.0 0.0 0.0 0.0 0.0 0.0 0.0 56.0 32.0 0.0 72.0 71.0 0.0 0.0 74.0 0.0 0.0 74.0 
40.0 0.0 0.0 0.0 0.0 0.0 0.0 0.0 0.0 0.0 0.0 0.0 0.0 0.0 0.0 33.0 0.0 0.0 0.0 74.0 0.0 
