q
120.0 57.0 436.0 141.0 142.0 221.0 1.0 242.0 158.0 230.0 103.0 79.0 1.0 176.0 132.0 108.0 98.0 218.0 4.0 109.0 322.0 257.0 258.0 465.0 
l
0.0 0.0 0.0 0.0 20.0 0.0 0.0 38.0 0.0 0.0 0.0 0.0 0.0 0.0 16.0 0.0 0.0 0.0 1.0 0.0 39.0 0.0 0.0 0.0 
0.0 0.0 0.0 0.0 0.0 0.0 0.0 0.0 0.0 16.0 0.0 0.0 0.0 0.0 0.0 0.0 9.0 0.0 0.0 0.0 0.0 0.0 0.0 30.0 
0.0 0.0 0.0 0.0 0.0 65.0 0.0 0.0 0.0 0.0 49.0 0.0 0.0 0.0 0.0 54.0 0.0 0.0 0.0 53.0 91.0 0.0 0.0 94.0 
0.0 0.0 0.0 0.0 31.0 0.0 0.0 0.0 0.0 36.0 0.0 0.0 0.0 0.0 0.0 0.0 23.0 0.0 0.0 0.0 0.0 47.0 0.0 0.0 
20.0 0.0 0.0 31.0 0.0 0.0 0.0 0.0 0.0 33.0 0.0 0.0 0.0 0.0 0.0 0.0 0.0 0.0 1.0 0.0 51.0 0.0 0.0 0.0 
0.0 0.0 65.0 0.0 0.0 0.0 0.0 0.0 37.0 0.0 14.0 0.0 0.0 30.0 0.0 24.0 0.0 44.0 0.0 0.0 0.0 0.0 0.0 0.0 
0.0 0.0 0.0 0.0 0.0 0.0 0.0 0.0 0.0 0.0 0.0 0.0 0.0 0.0 0.0 0.0 0.0 0.0 0.0 0.0 0.0 1.0 0.0 0.0 
38.0 0.0 0.0 0.0 0.0 0.0 0.0 0.0 0.0 38.0 0.0 0.0 0.0 0.0 43.0 0.0 0.0 0.0 0.0 27.0 0.0 0.0 0.0 81.0 
0.0 0.0 0.0 0.0 0.0 37.0 0.0 0.0 0.0 0.0 0.0 10.0 0.0 33.0 0.0 0.0 0.0 30.0 0.0 0.0 0.0 0.0 42.0 0.0 
0.0 16.0 0.0 36.0 33.0 0.0 0.0 38.0 0.0 0.0 0.0 0.0 0.0 0.0 0.0 0.0 30.0 0.0 0.0 0.0 0.0 0.0 0.0 67.0 
0.0 0.0 49.0 0.0 0.0 14.0 0.0 0.0 0.0 0.0 0.0 0.0 0.0 0.0 0.0 0.0 0.0 33.0 0.0 0.0 0.0 0.0 0.0 0.0 
0.0 0.0 0.0 0.0 0.0 0.0 0.0 0.0 10.0 0.0 0.0 0.0 0.0 0.0 0.0 0.0 0.0 16.0 0.0 0.0 0.0 0.0 47.0 0.0 
0.0 0.0 0.0 0.0 0.0 0.0 0.0 0.0 0.0 0.0 0.0 0.0 0.0 0.0 0.0 0.0 0.0 0.0 0.0 0.0 0.0 0.0 1.0 0.0 
0.0 0.0 0.0 0.0 0.0 30.0 0.0 0.0 33.0 0.0 0.0 0.0 0.0 0.0 0.0 23.0 0.0 0.0 0.0 0.0 0.0 0.0 0.0 81.0 
16.0 0.0 0.0 0.0 0.0 0.0 0.0 43.0 0.0 0.0 0.0 0.0 0.0 0.0 0.0 0.0 0.0 0.0 0.0 19.0 46.0 0.0 0.0 0.0 
0.0 0.0 54.0 0.0 0.0 24.0 0.0 0.0 0.0 0.0 0.0 0.0 0.0 23.0 0.0 0.0 0.0 0.0 0.0 0.0 0.0 0.0 0.0 0.0 
0.0 9.0 0.0 23.0 0.0 0.0 0.0 0.0 0.0 30.0 0.0 0.0 0.0 0.0 0.0 0.0 0.0 0.0 0.0 0.0 0.0 0.0 31.0 0.0 
0.0 0.0 0.0 0.0 0.0 44.0 0.0 0.0 30.0 0.0 33.0 16.0 0.0 0.0 0.0 0.0 0.0 0.0 0.0 0.0 0.0 78.0 0.0 0.0 
1.0 0.0 0.0 0.0 1.0 0.0 0.0 0.0 0.0 0.0 0.0 0.0 0.0 0.0 0.0 0.0 0.0 0.0 0.0 0.0 2.0 0.0 0.0 0.0 
0.0 0.0 53.0 0.0 0.0 0.0 0.0 27.0 0.0 0.0 0.0 0.0 0.0 0.0 19.0 0.0 0.0 0.0 0.0 0.0 0.0 0.0 0.0 0.0 
39.0 0.0 91.0 0.0 51.0 0.0 0.0 0.0 0.0 0.0 0.0 0.0 0.0 0.0 46.0 0.0 0.0 0.0 2.0 0.0 0.0 79.0 0.0 0.0 
0.0 0.0 0.0 47.0 0.0 0.0 1.0 0.0 0.0 0.0 0.0 0.0 0.0 0.0 0.0 0.0 0.0 78.0 0.0 0.0 79.0 0.0 41.0 0.0 
0.0 0.0 0.0 0.0 0.0 0.0 0.0 0.0 42.0 0.0 0.0 47.0 1.0 0.0 0.0 0.0 31.0 0.0 0.0 0.0 0.0 41.0 0.0 87.0 
0.0 30.0 94.0 0.0 0.0 0.0 0.0 81.0 0.0 67.0 0.0 0.0 0.0 81.0 0.0 0.0 0.0 0.0 0.0 0.0 0.0 0.0 87.0 0.0 
