q
79.0 368.0 169.0 272.0 373.0 228.0 107.0 38.0 251.0 116.0 211.0 73.0 2.0 100.0 2.0 150.0 103.0 2.0 74.0 269.0 339.0 463.0 248.0 247.0 
l
0.0 0.0 0.0 0.0 0.0 0.0 0.0 6.0 0.0 0.0 19.0 0.0 0.0 0.0 2.0 0.0 0.0 0.0 0.0 0.0 0.0 47.0 0.0 0.0 
0.0 0.0 45.0 0.0 0.0 46.0 0.0 0.0 0.0 0.0 0.0 0.0 0.0 37.0 0.0 0.0 0.0 0.0 0.0 36.0 68.0 0.0 0.0 111.0 
0.0 45.0 0.0 0.0 43.0 0.0 0.0 0.0 0.0 0.0 0.0 0.0 0.0 0.0 0.0 0.0 38.0 0.0 0.0 37.0 0.0 0.0 0.0 0.0 
0.0 0.0 0.0 0.0 75.0 0.0 0.0 0.0 0.0 52.0 34.0 19.0 0.0 0.0 0.0 0.0 33.0 0.0 0.0 0.0 0.0 0.0 0.0 46.0 
0.0 0.0 43.0 75.0 0.0 0.0 0.0 0.0 54.0 0.0 55.0 0.0 0.0 0.0 0.0 0.0 0.0 0.0 0.0 82.0 0.0 53.0 0.0 0.0 
0.0 46.0 0.0 0.0 0.0 0.0 41.0 0.0 50.0 0.0 0.0 0.0 0.0 16.0 0.0 26.0 0.0 0.0 0.0 32.0 0.0 0.0 0.0 0.0 
0.0 0.0 0.0 0.0 0.0 41.0 0.0 0.0 0.0 0.0 0.0 0.0 0.0 0.0 0.0 16.0 0.0 0.0 6.0 0.0 37.0 0.0 0.0 0.0 
6.0 0.0 0.0 0.0 0.0 0.0 0.0 0.0 0.0 0.0 13.0 2.0 0.0 0.0 0.0 0.0 0.0 0.0 0.0 0.0 0.0 0.0 16.0 0.0 
0.0 0.0 0.0 0.0 54.0 50.0 0.0 0.0 0.0 0.0 0.0 0.0 0.0 0.0 0.0 46.0 0.0 0.0 0.0 31.0 0.0 64.0 0.0 0.0 
0.0 0.0 0.0 52.0 0.0 0.0 0.0 0.0 0.0 0.0 0.0 5.0 0.0 0.0 0.0 0.0 0.0 0.0 0.0 0.0 0.0 0.0 50.0 0.0 
19.0 0.0 0.0 34.0 55.0 0.0 0.0 13.0 0.0 0.0 0.0 28.0 0.0 0.0 0.0 0.0 0.0 0.0 0.0 0.0 0.0 57.0 0.0 0.0 
0.0 0.0 0.0 19.0 0.0 0.0 0.0 2.0 0.0 5.0 28.0 0.0 0.0 0.0 0.0 0.0 0.0 0.0 0.0 0.0 0.0 0.0 19.0 0.0 
0.0 0.0 0.0 0.0 0.0 0.0 0.0 0.0 0.0 0.0 0.0 0.0 0.0 0.0 0.0 0.0 0.0 1.0 0.0 0.0 0.0 0.0 0.0 1.0 
0.0 37.0 0.0 0.0 0.0 16.0 0.0 0.0 0.0 0.0 0.0 0.0 0.0 0.0 0.0 0.0 0.0 0.0 0.0 36.0 0.0 0.0 0.0 0.0 
2.0 0.0 0.0 0.0 0.0 0.0 0.0 0.0 0.0 0.0 0.0 0.0 0.0 0.0 0.0 0.0 0.0 0.0 0.0 0.0 0.0 0.0 0.0 0.0 
0.0 0.0 0.0 0.0 0.0 26.0 16.0 0.0 46.0 0.0 0.0 0.0 0.0 0.0 0.0 0.0 0.0 0.0 14.0 0.0 39.0 0.0 0.0 0.0 
0.0 0.0 38.0 33.0 0.0 0.0 0.0 0.0 0.0 0.0 0.0 0.0 0.0 0.0 0.0 0.0 0.0 0.0 0.0 0.0 0.0 0.0 0.0 29.0 
0.0 0.0 0.0 0.0 0.0 0.0 0.0 0.0 0.0 0.0 0.0 0.0 1.0 0.0 0.0 0.0 0.0 0.0 0.0 0.0 1.0 0.0 0.0 0.0 
0.0 0.0 0.0 0.0 0.0 0.0 6.0 0.0 0.0 0.0 0.0 0.0 0.0 0.0 0.0 14.0 0.0 0.0 0.0 0.0 49.0 0.0 0.0 0.0 
0.0 36.0 37.0 0.0 82.0 32.0 0.0 0.0 31.0 0.0 0.0 0.0 0.0 36.0 0.0 0.0 0.0 0.0 0.0 0.0 0.0 0.0 0.0 0.0 
0.0 68.0 0.0 0.0 0.0 0.0 37.0 0.0 0.0 0.0 0.0 0.0 0.0 0.0 0.0 39.0 0.0 1.0 49.0 0.0 0.0 116.0 0.0 0.0 
47.0 0.0 0.0 0.0 53.0 0.0 0.0 0.0 64.0 0.0 57.0 0.0 0.0 0.0 0.0 0.0 0.0 0.0 0.0 0.0 116.0 0.0 96.0 0.0 
0.0 0.0 0.0 0.0 0.0 0.0 0.0 16.0 0.0 50.0 0.0 19.0 0.0 0.0 0.0 0.0 0.0 0.0 0.0 0.0 0.0 96.0 0.0 52.0 
0.0 111.0 0.0 46.0 0.0 0.0 0.0 0.0 0.0 0.0 0.0 0.0 1.0 0.0 0.0 0.0 29.0 0.0 0.0 0.0 0.0 0.0 52.0 0.0 
