q
124.0 168.0 114.0 231.0 6.0 180.0 128.0 243.0 3.0 223.0 196.0 205.0 29.0 402.0 191.0 104.0 166.0 1.0 109.0 152.0 313.0 450.0 348.0 366.0 
l
0.0 0.0 0.0 0.0 0.0 0.0 0.0 24.0 0.0 0.0 0.0 0.0 0.0 0.0 22.0 0.0 0.0 0.0 0.0 0.0 0.0 67.0 0.0 0.0 
0.0 0.0 0.0 41.0 1.0 0.0 0.0 0.0 0.0 0.0 0.0 0.0 0.0 0.0 0.0 0.0 30.0 0.0 18.0 0.0 0.0 0.0 72.0 0.0 
0.0 0.0 0.0 0.0 0.0 17.0 0.0 0.0 0.0 0.0 0.0 0.0 0.0 67.0 0.0 0.0 0.0 0.0 0.0 22.0 0.0 0.0 0.0 0.0 
0.0 41.0 0.0 0.0 0.0 35.0 0.0 0.0 0.0 0.0 0.0 0.0 11.0 57.0 0.0 0.0 40.0 0.0 40.0 0.0 0.0 0.0 0.0 0.0 
0.0 1.0 0.0 0.0 0.0 0.0 0.0 0.0 0.0 0.0 0.0 0.0 0.0 0.0 0.0 0.0 0.0 0.0 2.0 0.0 0.0 0.0 3.0 0.0 
0.0 0.0 17.0 35.0 0.0 0.0 0.0 0.0 0.0 0.0 0.0 49.0 4.0 44.0 0.0 0.0 0.0 0.0 0.0 26.0 0.0 0.0 0.0 0.0 
0.0 0.0 0.0 0.0 0.0 0.0 0.0 0.0 0.0 23.0 41.0 0.0 0.0 0.0 0.0 0.0 0.0 0.0 0.0 0.0 0.0 0.0 0.0 61.0 
24.0 0.0 0.0 0.0 0.0 0.0 0.0 0.0 0.0 42.0 38.0 0.0 0.0 0.0 30.0 32.0 0.0 0.0 0.0 0.0 0.0 62.0 0.0 0.0 
0.0 0.0 0.0 0.0 0.0 0.0 0.0 0.0 0.0 0.0 0.0 1.0 0.0 0.0 0.0 0.0 0.0 0.0 0.0 2.0 0.0 0.0 0.0 0.0 
0.0 0.0 0.0 0.0 0.0 0.0 23.0 42.0 0.0 0.0 31.0 0.0 0.0 0.0 50.0 0.0 0.0 0.0 0.0 0.0 0.0 0.0 0.0 65.0 
0.0 0.0 0.0 0.0 0.0 0.0 41.0 38.0 0.0 31.0 0.0 0.0 0.0 0.0 0.0 21.0 0.0 0.0 0.0 0.0 0.0 0.0 60.0 0.0 
0.0 0.0 0.0 0.0 0.0 49.0 0.0 0.0 1.0 0.0 0.0 0.0 0.0 0.0 0.0 0.0 32.0 0.0 0.0 34.0 0.0 79.0 0.0 0.0 
0.0 0.0 0.0 11.0 0.0 4.0 0.0 0.0 0.0 0.0 0.0 0.0 0.0 12.0 0.0 0.0 0.0 0.0 0.0 0.0 0.0 0.0 0.0 0.0 
0.0 0.0 67.0 57.0 0.0 44.0 0.0 0.0 0.0 0.0 0.0 0.0 12.0 0.0 0.0 0.0 0.0 0.0 0.0 0.0 86.0 0.0 0.0 118.0 
22.0 0.0 0.0 0.0 0.0 0.0 0.0 30.0 0.0 50.0 0.0 0.0 0.0 0.0 0.0 0.0 0.0 0.0 0.0 0.0 73.0 0.0 0.0 0.0 
0.0 0.0 0.0 0.0 0.0 0.0 0.0 32.0 0.0 0.0 21.0 0.0 0.0 0.0 0.0 0.0 0.0 0.0 0.0 0.0 0.0 0.0 45.0 0.0 
0.0 30.0 0.0 40.0 0.0 0.0 0.0 0.0 0.0 0.0 0.0 32.0 0.0 0.0 0.0 0.0 0.0 0.0 0.0 0.0 0.0 57.0 0.0 0.0 
0.0 0.0 0.0 0.0 0.0 0.0 0.0 0.0 0.0 0.0 0.0 0.0 0.0 0.0 0.0 0.0 0.0 0.0 0.0 0.0 1.0 0.0 0.0 0.0 
0.0 18.0 0.0 40.0 2.0 0.0 0.0 0.0 0.0 0.0 0.0 0.0 0.0 0.0 0.0 0.0 0.0 0.0 0.0 0.0 0.0 0.0 0.0 44.0 
0.0 0.0 22.0 0.0 0.0 26.0 0.0 0.0 2.0 0.0 0.0 34.0 0.0 0.0 0.0 0.0 0.0 0.0 0.0 0.0 63.0 0.0 0.0 0.0 
0.0 0.0 0.0 0.0 0.0 0.0 0.0 0.0 0.0 0.0 0.0 0.0 0.0 86.0 73.0 0.0 0.0 1.0 0.0 63.0 0.0 74.0 0.0 0.0 
67.0 0.0 0.0 0.0 0.0 0.0 0.0 62.0 0.0 0.0 0.0 79.0 0.0 0.0 0.0 0.0 57.0 0.0 0.0 0.0 74.0 0.0 86.0 0.0 
0.0 72.0 0.0 0.0 3.0 0.0 0.0 0.0 0.0 0.0 60.0 0.0 0.0 0.0 0.0 45.0 0.0 0.0 0.0 0.0 0.0 86.0 0.0 64.0 
0.0 0.0 0.0 0.0 0.0 0.0 61.0 0.0 0.0 65.0 0.0 0.0 0.0 118.0 0.0 0.0 0.0 0.0 44.0 0.0 0.0 0.0 64.0 0.0 
