q
155.0 3.0 445.0 233.0 261.0 152.0 1.0 26.0 123.0 181.0 9.0 300.0 116.0 134.0 187.0 238.0 82.0 86.0 90.0 117.0 269.0 524.0 365.0 333.0 
l
0.0 0.0 0.0 21.0 0.0 0.0 0.0 0.0 0.0 28.0 0.0 0.0 0.0 0.0 28.0 0.0 9.0 0.0 0.0 0.0 0.0 0.0 0.0 59.0 
0.0 0.0 0.0 0.0 0.0 0.0 0.0 0.0 0.0 0.0 0.0 0.0 0.0 0.0 1.0 0.0 0.0 0.0 0.0 0.0 2.0 0.0 0.0 0.0 
0.0 0.0 0.0 0.0 0.0 0.0 0.0 0.0 0.0 0.0 0.0 74.0 0.0 63.0 79.0 0.0 0.0 42.0 0.0 0.0 65.0 0.0 0.0 101.0 
21.0 0.0 0.0 0.0 0.0 0.0 0.0 0.0 0.0 23.0 3.0 0.0 0.0 0.0 44.0 0.0 0.0 0.0 34.0 0.0 0.0 97.0 0.0 0.0 
0.0 0.0 0.0 0.0 0.0 34.0 0.0 0.0 0.0 0.0 0.0 50.0 0.0 45.0 0.0 30.0 0.0 0.0 0.0 33.0 0.0 0.0 57.0 0.0 
0.0 0.0 0.0 0.0 34.0 0.0 0.0 0.0 0.0 0.0 0.0 0.0 27.0 0.0 0.0 30.0 0.0 0.0 0.0 14.0 0.0 0.0 38.0 0.0 
0.0 0.0 0.0 0.0 0.0 0.0 0.0 0.0 0.0 0.0 0.0 0.0 0.0 0.0 0.0 0.0 0.0 0.0 0.0 0.0 0.0 0.0 1.0 0.0 
0.0 0.0 0.0 0.0 0.0 0.0 0.0 0.0 0.0 15.0 0.0 0.0 0.0 0.0 0.0 0.0 1.0 0.0 0.0 0.0 0.0 0.0 0.0 10.0 
0.0 0.0 0.0 0.0 0.0 0.0 0.0 0.0 0.0 0.0 0.0 49.0 0.0 0.0 0.0 0.0 0.0 12.0 0.0 0.0 56.0 0.0 0.0 0.0 
28.0 0.0 0.0 23.0 0.0 0.0 0.0 15.0 0.0 0.0 0.0 0.0 0.0 0.0 0.0 0.0 29.0 0.0 0.0 0.0 0.0 81.0 0.0 0.0 
0.0 0.0 0.0 3.0 0.0 0.0 0.0 0.0 0.0 0.0 0.0 0.0 0.0 0.0 0.0 0.0 0.0 0.0 1.0 0.0 5.0 0.0 0.0 0.0 
0.0 0.0 74.0 0.0 50.0 0.0 0.0 0.0 49.0 0.0 0.0 0.0 0.0 17.0 0.0 63.0 0.0 28.0 0.0 0.0 0.0 0.0 0.0 0.0 
0.0 0.0 0.0 0.0 0.0 27.0 0.0 0.0 0.0 0.0 0.0 0.0 0.0 0.0 0.0 23.0 0.0 0.0 0.0 0.0 0.0 55.0 0.0 0.0 
0.0 0.0 63.0 0.0 45.0 0.0 0.0 0.0 0.0 0.0 0.0 17.0 0.0 0.0 0.0 0.0 0.0 0.0 0.0 0.0 0.0 0.0 0.0 0.0 
28.0 1.0 79.0 44.0 0.0 0.0 0.0 0.0 0.0 0.0 0.0 0.0 0.0 0.0 0.0 0.0 0.0 0.0 22.0 0.0 0.0 0.0 0.0 0.0 
0.0 0.0 0.0 0.0 30.0 30.0 0.0 0.0 0.0 0.0 0.0 63.0 23.0 0.0 0.0 0.0 0.0 0.0 0.0 0.0 0.0 80.0 0.0 0.0 
9.0 0.0 0.0 0.0 0.0 0.0 0.0 1.0 0.0 29.0 0.0 0.0 0.0 0.0 0.0 0.0 0.0 0.0 0.0 0.0 0.0 0.0 0.0 42.0 
0.0 0.0 42.0 0.0 0.0 0.0 0.0 0.0 12.0 0.0 0.0 28.0 0.0 0.0 0.0 0.0 0.0 0.0 0.0 0.0 0.0 0.0 0.0 0.0 
0.0 0.0 0.0 34.0 0.0 0.0 0.0 0.0 0.0 0.0 1.0 0.0 0.0 0.0 22.0 0.0 0.0 0.0 0.0 0.0 26.0 0.0 0.0 0.0 
0.0 0.0 0.0 0.0 33.0 14.0 0.0 0.0 0.0 0.0 0.0 0.0 0.0 0.0 0.0 0.0 0.0 0.0 0.0 0.0 0.0 0.0 62.0 0.0 
0.0 2.0 65.0 0.0 0.0 0.0 0.0 0.0 56.0 0.0 5.0 0.0 0.0 0.0 0.0 0.0 0.0 0.0 26.0 0.0 0.0 103.0 0.0 0.0 
0.0 0.0 0.0 97.0 0.0 0.0 0.0 0.0 0.0 81.0 0.0 0.0 55.0 0.0 0.0 80.0 0.0 0.0 0.0 0.0 103.0 0.0 90.0 0.0 
0.0 0.0 0.0 0.0 57.0 38.0 1.0 0.0 0.0 0.0 0.0 0.0 0.0 0.0 0.0 0.0 0.0 0.0 0.0 62.0 0.0 90.0 0.0 101.0 
59.0 0.0 101.0 0.0 0.0 0.0 0.0 10.0 0.0 0.0 0.0 0.0 0.0 0.0 0.0 0.0 42.0 0.0 0.0 0.0 0.0 0.0 101.0 0.0 
