q
108.0 171.0 249.0 91.0 227.0 75.0 81.0 150.0 94.0 105.0 4.0 139.0 95.0 70.0 184.0 108.0 388.0 10.0 210.0 108.0 309.0 360.0 424.0 454.0 
l
0.0 0.0 0.0 4.0 0.0 0.0 0.0 23.0 0.0 0.0 0.0 0.0 0.0 0.0 0.0 0.0 0.0 0.0 0.0 15.0 0.0 62.0 0.0 0.0 
0.0 0.0 40.0 0.0 0.0 9.0 24.0 0.0 0.0 0.0 2.0 0.0 0.0 25.0 0.0 0.0 0.0 0.0 0.0 0.0 0.0 0.0 63.0 0.0 
0.0 40.0 0.0 0.0 56.0 22.0 0.0 0.0 0.0 0.0 0.0 0.0 36.0 0.0 32.0 0.0 0.0 0.0 0.0 0.0 0.0 0.0 59.0 0.0 
4.0 0.0 0.0 0.0 0.0 0.0 0.0 15.0 15.0 0.0 0.0 0.0 0.0 0.0 0.0 0.0 0.0 0.0 0.0 0.0 0.0 49.0 0.0 0.0 
0.0 0.0 56.0 0.0 0.0 0.0 0.0 0.0 0.0 0.0 0.0 27.0 0.0 0.0 38.0 0.0 0.0 0.0 31.0 0.0 0.0 0.0 0.0 71.0 
0.0 9.0 22.0 0.0 0.0 0.0 0.0 0.0 0.0 0.0 0.0 0.0 0.0 0.0 0.0 0.0 0.0 0.0 0.0 0.0 0.0 0.0 40.0 0.0 
0.0 24.0 0.0 0.0 0.0 0.0 0.0 0.0 0.0 0.0 0.0 0.0 0.0 5.0 0.0 0.0 0.0 0.0 0.0 0.0 48.0 0.0 0.0 0.0 
23.0 0.0 0.0 15.0 0.0 0.0 0.0 0.0 9.0 0.0 0.0 0.0 0.0 0.0 0.0 0.0 0.0 0.0 0.0 23.0 0.0 0.0 0.0 69.0 
0.0 0.0 0.0 15.0 0.0 0.0 0.0 9.0 0.0 0.0 0.0 0.0 0.0 0.0 0.0 0.0 0.0 0.0 0.0 0.0 0.0 0.0 0.0 61.0 
0.0 0.0 0.0 0.0 0.0 0.0 0.0 0.0 0.0 0.0 0.0 0.0 0.0 0.0 0.0 6.0 62.0 4.0 25.0 0.0 0.0 0.0 0.0 0.0 
0.0 2.0 0.0 0.0 0.0 0.0 0.0 0.0 0.0 0.0 0.0 0.0 0.0 0.0 0.0 0.0 0.0 0.0 0.0 0.0 0.0 2.0 0.0 0.0 
0.0 0.0 0.0 0.0 27.0 0.0 0.0 0.0 0.0 0.0 0.0 0.0 0.0 0.0 0.0 28.0 0.0 0.0 25.0 0.0 0.0 0.0 0.0 57.0 
0.0 0.0 36.0 0.0 0.0 0.0 0.0 0.0 0.0 0.0 0.0 0.0 0.0 9.0 15.0 0.0 0.0 0.0 0.0 0.0 30.0 0.0 0.0 0.0 
0.0 25.0 0.0 0.0 0.0 0.0 5.0 0.0 0.0 0.0 0.0 0.0 9.0 0.0 0.0 0.0 0.0 0.0 0.0 0.0 28.0 0.0 0.0 0.0 
0.0 0.0 32.0 0.0 38.0 0.0 0.0 0.0 0.0 0.0 0.0 0.0 15.0 0.0 0.0 0.0 0.0 0.0 43.0 0.0 48.0 0.0 0.0 0.0 
0.0 0.0 0.0 0.0 0.0 0.0 0.0 0.0 0.0 6.0 0.0 28.0 0.0 0.0 0.0 0.0 40.0 4.0 25.0 0.0 0.0 0.0 0.0 0.0 
0.0 0.0 0.0 0.0 0.0 0.0 0.0 0.0 0.0 62.0 0.0 0.0 0.0 0.0 0.0 40.0 0.0 0.0 48.0 0.0 62.0 74.0 0.0 84.0 
0.0 0.0 0.0 0.0 0.0 0.0 0.0 0.0 0.0 4.0 0.0 0.0 0.0 0.0 0.0 4.0 0.0 0.0 0.0 0.0 0.0 0.0 0.0 0.0 
0.0 0.0 0.0 0.0 31.0 0.0 0.0 0.0 0.0 25.0 0.0 25.0 0.0 0.0 43.0 25.0 48.0 0.0 0.0 0.0 0.0 0.0 0.0 0.0 
15.0 0.0 0.0 0.0 0.0 0.0 0.0 23.0 0.0 0.0 0.0 0.0 0.0 0.0 0.0 0.0 0.0 0.0 0.0 0.0 0.0 0.0 63.0 0.0 
0.0 0.0 0.0 0.0 0.0 0.0 48.0 0.0 0.0 0.0 0.0 0.0 30.0 28.0 48.0 0.0 62.0 0.0 0.0 0.0 0.0 76.0 0.0 0.0 
62.0 0.0 0.0 49.0 0.0 0.0 0.0 0.0 0.0 0.0 2.0 0.0 0.0 0.0 0.0 0.0 74.0 0.0 0.0 0.0 76.0 0.0 79.0 0.0 
0.0 63.0 59.0 0.0 0.0 40.0 0.0 0.0 0.0 0.0 0.0 0.0 0.0 0.0 0.0 0.0 0.0 0.0 0.0 63.0 0.0 79.0 0.0 95.0 
0.0 0.0 0.0 0.0 71.0 0.0 0.0 69.0 61.0 0.0 0.0 57.0 0.0 0.0 0.0 0.0 84.0 0.0 0.0 0.0 0.0 0.0 95.0 0.0 
