q
1.0 299.0 239.0 328.0 125.0 508.0 4.0 393.0 154.0 146.0 129.0 215.0 108.0 134.0 102.0 215.0 115.0 448.0 120.0 291.0 249.0 0.0 471.0 
l
0.0 0.0 0.0 0.0 0.0 0.0 0.0 0.0 0.0 0.0 0.0 0.0 0.0 0.0 0.0 0.0 0.0 0.0 0.0 0.0 1.0 0.0 0.0 
0.0 0.0 0.0 0.0 0.0 0.0 0.0 27.0 0.0 0.0 0.0 28.0 0.0 0.0 53.0 0.0 0.0 0.0 39.0 0.0 77.0 0.0 67.0 
0.0 0.0 0.0 79.0 0.0 0.0 1.0 0.0 0.0 32.0 0.0 0.0 33.0 0.0 0.0 40.0 0.0 0.0 0.0 40.0 0.0 0.0 0.0 
0.0 0.0 79.0 0.0 27.0 0.0 2.0 0.0 0.0 0.0 0.0 0.0 0.0 0.0 0.0 0.0 0.0 0.0 0.0 42.0 42.0 0.0 113.0 
0.0 0.0 0.0 27.0 0.0 0.0 0.0 0.0 0.0 0.0 0.0 0.0 0.0 0.0 0.0 0.0 0.0 0.0 0.0 49.0 42.0 0.0 0.0 
0.0 0.0 0.0 0.0 0.0 0.0 0.0 148.0 57.0 0.0 56.0 0.0 0.0 0.0 0.0 0.0 0.0 78.0 0.0 77.0 73.0 0.0 0.0 
0.0 0.0 1.0 2.0 0.0 0.0 0.0 0.0 0.0 0.0 0.0 0.0 1.0 0.0 0.0 0.0 0.0 0.0 0.0 0.0 0.0 0.0 0.0 
0.0 27.0 0.0 0.0 0.0 148.0 0.0 0.0 0.0 0.0 0.0 39.0 0.0 0.0 0.0 0.0 54.0 0.0 51.0 0.0 0.0 0.0 53.0 
0.0 0.0 0.0 0.0 0.0 57.0 0.0 0.0 0.0 0.0 13.0 0.0 0.0 20.0 0.0 25.0 0.0 34.0 0.0 0.0 0.0 0.0 0.0 
0.0 0.0 32.0 0.0 0.0 0.0 0.0 0.0 0.0 0.0 0.0 0.0 11.0 7.0 0.0 30.0 0.0 59.0 0.0 0.0 0.0 0.0 0.0 
0.0 0.0 0.0 0.0 0.0 56.0 0.0 0.0 13.0 0.0 0.0 0.0 0.0 0.0 0.0 33.0 0.0 0.0 0.0 20.0 0.0 0.0 0.0 
0.0 28.0 0.0 0.0 0.0 0.0 0.0 39.0 0.0 0.0 0.0 0.0 0.0 0.0 30.0 0.0 26.0 0.0 0.0 0.0 0.0 0.0 82.0 
0.0 0.0 33.0 0.0 0.0 0.0 1.0 0.0 0.0 11.0 0.0 0.0 0.0 0.0 0.0 0.0 0.0 59.0 0.0 0.0 0.0 0.0 0.0 
0.0 0.0 0.0 0.0 0.0 0.0 0.0 0.0 20.0 7.0 0.0 0.0 0.0 0.0 0.0 35.0 0.0 63.0 0.0 0.0 0.0 0.0 0.0 
0.0 53.0 0.0 0.0 0.0 0.0 0.0 0.0 0.0 0.0 0.0 30.0 0.0 0.0 0.0 0.0 8.0 0.0 10.0 0.0 0.0 0.0 0.0 
0.0 0.0 40.0 0.0 0.0 0.0 0.0 0.0 25.0 30.0 33.0 0.0 0.0 35.0 0.0 0.0 0.0 0.0 0.0 46.0 0.0 0.0 0.0 
0.0 0.0 0.0 0.0 0.0 0.0 0.0 54.0 0.0 0.0 0.0 26.0 0.0 0.0 8.0 0.0 0.0 0.0 16.0 0.0 0.0 0.0 0.0 
0.0 0.0 0.0 0.0 0.0 78.0 0.0 0.0 34.0 59.0 0.0 0.0 59.0 63.0 0.0 0.0 0.0 0.0 0.0 0.0 0.0 0.0 127.0 
0.0 39.0 0.0 0.0 0.0 0.0 0.0 51.0 0.0 0.0 0.0 0.0 0.0 0.0 10.0 0.0 16.0 0.0 0.0 0.0 0.0 0.0 0.0 
0.0 0.0 40.0 42.0 49.0 77.0 0.0 0.0 0.0 0.0 20.0 0.0 0.0 0.0 0.0 46.0 0.0 0.0 0.0 0.0 0.0 0.0 0.0 
1.0 77.0 0.0 42.0 42.0 73.0 0.0 0.0 0.0 0.0 0.0 0.0 0.0 0.0 0.0 0.0 0.0 0.0 0.0 0.0 0.0 0.0 0.0 
0.0 0.0 0.0 0.0 0.0 0.0 0.0 0.0 0.0 0.0 0.0 0.0 0.0 0.0 0.0 0.0 0.0 0.0 0.0 0.0 0.0 0.0 0.0 
0.0 67.0 0.0 113.0 0.0 0.0 0.0 53.0 0.0 0.0 0.0 82.0 0.0 0.0 0.0 0.0 0.0 127.0 0.0 0.0 0.0 0.0 0.0 
