q
2.0 205.0 1.0 333.0 171.0 23.0 503.0 139.0 124.0 220.0 177.0 2.0 128.0 217.0 153.0 346.0 108.0 152.0 128.0 358.0 462.0 402.0 375.0 331.0 
l
0.0 0.0 0.0 0.0 0.0 0.0 0.0 0.0 0.0 0.0 0.0 0.0 0.0 0.0 0.0 0.0 0.0 1.0 0.0 0.0 0.0 0.0 1.0 0.0 
0.0 0.0 0.0 0.0 0.0 6.0 0.0 0.0 0.0 0.0 27.0 1.0 0.0 38.0 0.0 0.0 0.0 0.0 0.0 54.0 0.0 0.0 69.0 0.0 
0.0 0.0 0.0 0.0 0.0 0.0 0.0 0.0 0.0 0.0 0.0 0.0 0.0 0.0 0.0 0.0 0.0 0.0 0.0 0.0 1.0 0.0 0.0 0.0 
0.0 0.0 0.0 0.0 0.0 0.0 0.0 0.0 44.0 0.0 0.0 0.0 0.0 0.0 54.0 0.0 38.0 49.0 0.0 0.0 133.0 0.0 0.0 0.0 
0.0 0.0 0.0 0.0 0.0 0.0 0.0 20.0 0.0 35.0 0.0 0.0 0.0 0.0 0.0 47.0 0.0 0.0 0.0 0.0 57.0 0.0 0.0 0.0 
0.0 6.0 0.0 0.0 0.0 0.0 0.0 0.0 0.0 0.0 8.0 0.0 0.0 0.0 0.0 0.0 0.0 0.0 0.0 0.0 0.0 0.0 0.0 5.0 
0.0 0.0 0.0 0.0 0.0 0.0 0.0 0.0 0.0 0.0 0.0 0.0 70.0 0.0 0.0 59.0 0.0 0.0 62.0 65.0 115.0 0.0 0.0 108.0 
0.0 0.0 0.0 0.0 20.0 0.0 0.0 0.0 0.0 0.0 0.0 0.0 13.0 0.0 0.0 38.0 0.0 0.0 0.0 0.0 60.0 0.0 0.0 0.0 
0.0 0.0 0.0 44.0 0.0 0.0 0.0 0.0 0.0 0.0 0.0 0.0 0.0 0.0 0.0 0.0 0.0 12.0 0.0 0.0 0.0 0.0 60.0 0.0 
0.0 0.0 0.0 0.0 35.0 0.0 0.0 0.0 0.0 0.0 0.0 0.0 0.0 38.0 0.0 59.0 0.0 0.0 0.0 0.0 0.0 76.0 0.0 0.0 
0.0 27.0 0.0 0.0 0.0 8.0 0.0 0.0 0.0 0.0 0.0 0.0 0.0 0.0 0.0 0.0 0.0 0.0 27.0 44.0 0.0 0.0 0.0 61.0 
0.0 1.0 0.0 0.0 0.0 0.0 0.0 0.0 0.0 0.0 0.0 0.0 0.0 0.0 0.0 0.0 0.0 0.0 0.0 0.0 0.0 1.0 0.0 0.0 
0.0 0.0 0.0 0.0 0.0 0.0 70.0 13.0 0.0 0.0 0.0 0.0 0.0 0.0 0.0 39.0 0.0 0.0 0.0 0.0 0.0 0.0 0.0 0.0 
0.0 38.0 0.0 0.0 0.0 0.0 0.0 0.0 0.0 38.0 0.0 0.0 0.0 0.0 0.0 0.0 0.0 0.0 0.0 64.0 0.0 63.0 0.0 0.0 
0.0 0.0 0.0 54.0 0.0 0.0 0.0 0.0 0.0 0.0 0.0 0.0 0.0 0.0 0.0 0.0 0.0 28.0 0.0 0.0 0.0 0.0 0.0 64.0 
0.0 0.0 0.0 0.0 47.0 0.0 59.0 38.0 0.0 59.0 0.0 0.0 39.0 0.0 0.0 0.0 0.0 0.0 0.0 84.0 0.0 0.0 0.0 0.0 
0.0 0.0 0.0 38.0 0.0 0.0 0.0 0.0 0.0 0.0 0.0 0.0 0.0 0.0 0.0 0.0 0.0 0.0 0.0 0.0 0.0 67.0 0.0 0.0 
1.0 0.0 0.0 49.0 0.0 0.0 0.0 0.0 12.0 0.0 0.0 0.0 0.0 0.0 28.0 0.0 0.0 0.0 0.0 0.0 0.0 0.0 56.0 0.0 
0.0 0.0 0.0 0.0 0.0 0.0 62.0 0.0 0.0 0.0 27.0 0.0 0.0 0.0 0.0 0.0 0.0 0.0 0.0 35.0 0.0 0.0 0.0 0.0 
0.0 54.0 0.0 0.0 0.0 0.0 65.0 0.0 0.0 0.0 44.0 0.0 0.0 64.0 0.0 84.0 0.0 0.0 35.0 0.0 0.0 0.0 0.0 0.0 
0.0 0.0 1.0 133.0 57.0 0.0 115.0 60.0 0.0 0.0 0.0 0.0 0.0 0.0 0.0 0.0 0.0 0.0 0.0 0.0 0.0 73.0 0.0 0.0 
0.0 0.0 0.0 0.0 0.0 0.0 0.0 0.0 0.0 76.0 0.0 1.0 0.0 63.0 0.0 0.0 67.0 0.0 0.0 0.0 73.0 0.0 102.0 0.0 
1.0 69.0 0.0 0.0 0.0 0.0 0.0 0.0 60.0 0.0 0.0 0.0 0.0 0.0 0.0 0.0 0.0 56.0 0.0 0.0 0.0 102.0 0.0 71.0 
0.0 0.0 0.0 0.0 0.0 5.0 108.0 0.0 0.0 0.0 61.0 0.0 0.0 0.0 64.0 0.0 0.0 0.0 0.0 0.0 0.0 0.0 71.0 0.0 
