q
117.0 1.0 172.0 111.0 400.0 143.0 457.0 9.0 203.0 208.0 90.0 147.0 200.0 172.0 11.0 60.0 272.0 196.0 166.0 428.0 402.0 434.0 358.0 415.0 
l
0.0 0.0 0.0 0.0 0.0 0.0 0.0 3.0 0.0 0.0 0.0 0.0 19.0 0.0 0.0 0.0 51.0 0.0 0.0 0.0 0.0 0.0 0.0 41.0 
0.0 0.0 0.0 0.0 0.0 0.0 0.0 0.0 0.0 0.0 0.0 0.0 0.0 0.0 0.0 0.0 0.0 0.0 0.0 0.0 0.0 1.0 0.0 0.0 
0.0 0.0 0.0 0.0 0.0 0.0 0.0 0.0 0.0 0.0 17.0 0.0 0.0 50.0 4.0 0.0 0.0 0.0 0.0 0.0 0.0 89.0 0.0 0.0 
0.0 0.0 0.0 0.0 52.0 0.0 0.0 0.0 0.0 0.0 0.0 8.0 0.0 0.0 0.0 0.0 0.0 0.0 0.0 0.0 0.0 48.0 0.0 0.0 
0.0 0.0 0.0 52.0 0.0 0.0 103.0 0.0 0.0 50.0 0.0 36.0 0.0 0.0 0.0 0.0 0.0 73.0 0.0 0.0 0.0 0.0 69.0 0.0 
0.0 0.0 0.0 0.0 0.0 0.0 0.0 0.0 49.0 0.0 0.0 0.0 0.0 0.0 0.0 0.0 0.0 0.0 0.0 87.0 0.0 0.0 0.0 0.0 
0.0 0.0 0.0 0.0 103.0 0.0 0.0 0.0 66.0 38.0 0.0 0.0 0.0 0.0 0.0 0.0 109.0 0.0 60.0 64.0 0.0 0.0 0.0 0.0 
3.0 0.0 0.0 0.0 0.0 0.0 0.0 0.0 0.0 0.0 0.0 0.0 0.0 0.0 0.0 0.0 1.0 0.0 0.0 5.0 0.0 0.0 0.0 0.0 
0.0 0.0 0.0 0.0 0.0 49.0 66.0 0.0 0.0 0.0 0.0 0.0 0.0 0.0 0.0 12.0 0.0 0.0 25.0 0.0 43.0 0.0 0.0 0.0 
0.0 0.0 0.0 0.0 50.0 0.0 38.0 0.0 0.0 0.0 0.0 40.0 0.0 0.0 0.0 0.0 0.0 0.0 28.0 0.0 45.0 0.0 0.0 0.0 
0.0 0.0 17.0 0.0 0.0 0.0 0.0 0.0 0.0 0.0 0.0 0.0 0.0 18.0 0.0 0.0 0.0 0.0 0.0 0.0 0.0 0.0 50.0 0.0 
0.0 0.0 0.0 8.0 36.0 0.0 0.0 0.0 0.0 40.0 0.0 0.0 0.0 0.0 0.0 0.0 0.0 0.0 0.0 0.0 0.0 55.0 0.0 0.0 
19.0 0.0 0.0 0.0 0.0 0.0 0.0 0.0 0.0 0.0 0.0 0.0 0.0 0.0 0.0 0.0 53.0 61.0 0.0 0.0 0.0 0.0 0.0 53.0 
0.0 0.0 50.0 0.0 0.0 0.0 0.0 0.0 0.0 0.0 18.0 0.0 0.0 0.0 0.0 0.0 0.0 0.0 0.0 0.0 0.0 0.0 0.0 97.0 
0.0 0.0 4.0 0.0 0.0 0.0 0.0 0.0 0.0 0.0 0.0 0.0 0.0 0.0 0.0 0.0 0.0 0.0 0.0 0.0 0.0 0.0 7.0 0.0 
0.0 0.0 0.0 0.0 0.0 0.0 0.0 0.0 12.0 0.0 0.0 0.0 0.0 0.0 0.0 0.0 0.0 0.0 13.0 0.0 32.0 0.0 0.0 0.0 
51.0 0.0 0.0 0.0 0.0 0.0 109.0 1.0 0.0 0.0 0.0 0.0 53.0 0.0 0.0 0.0 0.0 0.0 0.0 45.0 0.0 0.0 0.0 0.0 
0.0 0.0 0.0 0.0 73.0 0.0 0.0 0.0 0.0 0.0 0.0 0.0 61.0 0.0 0.0 0.0 0.0 0.0 0.0 0.0 0.0 0.0 50.0 0.0 
0.0 0.0 0.0 0.0 0.0 0.0 60.0 0.0 25.0 28.0 0.0 0.0 0.0 0.0 0.0 13.0 0.0 0.0 0.0 0.0 34.0 0.0 0.0 0.0 
0.0 0.0 0.0 0.0 0.0 87.0 64.0 5.0 0.0 0.0 0.0 0.0 0.0 0.0 0.0 0.0 45.0 0.0 0.0 0.0 90.0 0.0 0.0 113.0 
0.0 0.0 0.0 0.0 0.0 0.0 0.0 0.0 43.0 45.0 0.0 0.0 0.0 0.0 0.0 32.0 0.0 0.0 34.0 90.0 0.0 137.0 0.0 0.0 
0.0 1.0 89.0 48.0 0.0 0.0 0.0 0.0 0.0 0.0 0.0 55.0 0.0 0.0 0.0 0.0 0.0 0.0 0.0 0.0 137.0 0.0 76.0 0.0 
0.0 0.0 0.0 0.0 69.0 0.0 0.0 0.0 0.0 0.0 50.0 0.0 0.0 0.0 7.0 0.0 0.0 50.0 0.0 0.0 0.0 76.0 0.0 89.0 
41.0 0.0 0.0 0.0 0.0 0.0 0.0 0.0 0.0 0.0 0.0 0.0 53.0 97.0 0.0 0.0 0.0 0.0 0.0 113.0 0.0 0.0 89.0 0.0 
