q
33.0 378.0 1.0 109.0 125.0 28.0 224.0 195.0 145.0 201.0 497.0 162.0 112.0 277.0 265.0 115.0 3.0 161.0 96.0 169.0 371.0 412.0 196.0 409.0 
l
0.0 0.0 0.0 0.0 0.0 3.0 0.0 0.0 0.0 0.0 0.0 0.0 0.0 0.0 0.0 0.0 0.0 0.0 0.0 6.0 0.0 0.0 0.0 21.0 
0.0 0.0 0.0 0.0 0.0 0.0 58.0 42.0 0.0 81.0 0.0 0.0 0.0 75.0 0.0 0.0 0.0 0.0 0.0 34.0 0.0 0.0 0.0 71.0 
0.0 0.0 0.0 0.0 0.0 0.0 0.0 0.0 0.0 0.0 0.0 0.0 0.0 0.0 0.0 0.0 0.0 0.0 0.0 0.0 1.0 0.0 0.0 0.0 
0.0 0.0 0.0 0.0 0.0 0.0 34.0 0.0 0.0 0.0 0.0 0.0 0.0 19.0 0.0 0.0 0.0 0.0 0.0 0.0 46.0 0.0 0.0 0.0 
0.0 0.0 0.0 0.0 0.0 0.0 0.0 0.0 26.0 0.0 0.0 0.0 0.0 0.0 33.0 0.0 0.0 0.0 0.0 0.0 0.0 0.0 0.0 61.0 
3.0 0.0 0.0 0.0 0.0 0.0 0.0 0.0 0.0 0.0 0.0 0.0 0.0 0.0 0.0 3.0 0.0 0.0 0.0 11.0 0.0 0.0 9.0 0.0 
0.0 58.0 0.0 34.0 0.0 0.0 0.0 29.0 0.0 0.0 0.0 0.0 0.0 50.0 0.0 0.0 0.0 0.0 0.0 0.0 0.0 46.0 0.0 0.0 
0.0 42.0 0.0 0.0 0.0 0.0 29.0 0.0 0.0 0.0 0.0 0.0 0.0 0.0 0.0 22.0 0.0 0.0 0.0 26.0 0.0 69.0 0.0 0.0 
0.0 0.0 0.0 0.0 26.0 0.0 0.0 0.0 0.0 0.0 0.0 0.0 0.0 0.0 39.0 0.0 1.0 31.0 0.0 0.0 0.0 0.0 41.0 0.0 
0.0 81.0 0.0 0.0 0.0 0.0 0.0 0.0 0.0 0.0 57.0 22.0 0.0 0.0 0.0 0.0 0.0 0.0 28.0 0.0 0.0 0.0 0.0 0.0 
0.0 0.0 0.0 0.0 0.0 0.0 0.0 0.0 0.0 57.0 0.0 58.0 0.0 0.0 99.0 0.0 0.0 0.0 50.0 0.0 98.0 0.0 0.0 104.0 
0.0 0.0 0.0 0.0 0.0 0.0 0.0 0.0 0.0 22.0 58.0 0.0 0.0 56.0 0.0 0.0 0.0 0.0 16.0 0.0 0.0 0.0 0.0 0.0 
0.0 0.0 0.0 0.0 0.0 0.0 0.0 0.0 0.0 0.0 0.0 0.0 0.0 0.0 35.0 0.0 0.0 16.0 0.0 0.0 50.0 0.0 0.0 0.0 
0.0 75.0 0.0 19.0 0.0 0.0 50.0 0.0 0.0 0.0 0.0 56.0 0.0 0.0 0.0 0.0 0.0 0.0 0.0 0.0 65.0 0.0 0.0 0.0 
0.0 0.0 0.0 0.0 33.0 0.0 0.0 0.0 39.0 0.0 99.0 0.0 35.0 0.0 0.0 0.0 0.0 39.0 0.0 0.0 0.0 0.0 0.0 0.0 
0.0 0.0 0.0 0.0 0.0 3.0 0.0 22.0 0.0 0.0 0.0 0.0 0.0 0.0 0.0 0.0 0.0 0.0 0.0 23.0 0.0 61.0 0.0 0.0 
0.0 0.0 0.0 0.0 0.0 0.0 0.0 0.0 1.0 0.0 0.0 0.0 0.0 0.0 0.0 0.0 0.0 0.0 0.0 0.0 0.0 0.0 2.0 0.0 
0.0 0.0 0.0 0.0 0.0 0.0 0.0 0.0 31.0 0.0 0.0 0.0 16.0 0.0 39.0 0.0 0.0 0.0 0.0 0.0 0.0 66.0 0.0 0.0 
0.0 0.0 0.0 0.0 0.0 0.0 0.0 0.0 0.0 28.0 50.0 16.0 0.0 0.0 0.0 0.0 0.0 0.0 0.0 0.0 0.0 0.0 0.0 0.0 
6.0 34.0 0.0 0.0 0.0 11.0 0.0 26.0 0.0 0.0 0.0 0.0 0.0 0.0 0.0 23.0 0.0 0.0 0.0 0.0 0.0 0.0 0.0 58.0 
0.0 0.0 1.0 46.0 0.0 0.0 0.0 0.0 0.0 0.0 98.0 0.0 50.0 65.0 0.0 0.0 0.0 0.0 0.0 0.0 0.0 89.0 0.0 0.0 
0.0 0.0 0.0 0.0 0.0 0.0 46.0 69.0 0.0 0.0 0.0 0.0 0.0 0.0 0.0 61.0 0.0 66.0 0.0 0.0 89.0 0.0 65.0 0.0 
0.0 0.0 0.0 0.0 0.0 9.0 0.0 0.0 41.0 0.0 0.0 0.0 0.0 0.0 0.0 0.0 2.0 0.0 0.0 0.0 0.0 65.0 0.0 67.0 
21.0 71.0 0.0 0.0 61.0 0.0 0.0 0.0 0.0 0.0 104.0 0.0 0.0 0.0 0.0 0.0 0.0 0.0 0.0 58.0 0.0 0.0 67.0 0.0 
