q
23.0 141.0 217.0 425.0 237.0 87.0 199.0 188.0 475.0 11.0 26.0 146.0 120.0 1.0 167.0 151.0 106.0 124.0 293.0 168.0 551.0 306.0 345.0 627.0 
l
0.0 0.0 7.0 0.0 0.0 0.0 0.0 0.0 13.0 0.0 0.0 2.0 0.0 0.0 0.0 0.0 1.0 0.0 0.0 0.0 0.0 0.0 0.0 0.0 
0.0 0.0 0.0 45.0 0.0 0.0 0.0 20.0 0.0 0.0 0.0 0.0 0.0 0.0 0.0 9.0 0.0 0.0 0.0 0.0 60.0 0.0 0.0 0.0 
7.0 0.0 0.0 0.0 35.0 0.0 30.0 0.0 51.0 0.0 0.0 29.0 0.0 0.0 0.0 0.0 0.0 0.0 56.0 0.0 0.0 0.0 0.0 0.0 
0.0 45.0 0.0 0.0 0.0 0.0 0.0 52.0 0.0 0.0 0.0 0.0 0.0 0.0 51.0 43.0 0.0 0.0 0.0 52.0 0.0 0.0 0.0 167.0 
0.0 0.0 35.0 0.0 0.0 0.0 0.0 0.0 0.0 0.0 0.0 44.0 20.0 0.0 0.0 0.0 0.0 0.0 26.0 0.0 0.0 0.0 0.0 100.0 
0.0 0.0 0.0 0.0 0.0 0.0 0.0 0.0 0.0 0.0 1.0 0.0 0.0 0.0 16.0 0.0 0.0 0.0 0.0 16.0 0.0 47.0 0.0 0.0 
0.0 0.0 30.0 0.0 0.0 0.0 0.0 0.0 0.0 0.0 0.0 0.0 0.0 0.0 0.0 0.0 0.0 0.0 62.0 0.0 97.0 0.0 0.0 0.0 
0.0 20.0 0.0 52.0 0.0 0.0 0.0 0.0 0.0 0.0 0.0 0.0 0.0 0.0 0.0 0.0 0.0 41.0 0.0 0.0 65.0 0.0 0.0 0.0 
13.0 0.0 51.0 0.0 0.0 0.0 0.0 0.0 0.0 0.0 0.0 51.0 0.0 0.0 0.0 0.0 88.0 0.0 0.0 0.0 138.0 0.0 0.0 118.0 
0.0 0.0 0.0 0.0 0.0 0.0 0.0 0.0 0.0 0.0 0.0 0.0 1.0 0.0 0.0 0.0 0.0 0.0 6.0 0.0 0.0 0.0 4.0 0.0 
0.0 0.0 0.0 0.0 0.0 1.0 0.0 0.0 0.0 0.0 0.0 0.0 0.0 0.0 0.0 0.0 0.0 0.0 0.0 8.0 0.0 15.0 0.0 0.0 
2.0 0.0 29.0 0.0 44.0 0.0 0.0 0.0 51.0 0.0 0.0 0.0 0.0 0.0 0.0 0.0 13.0 0.0 0.0 0.0 0.0 0.0 0.0 0.0 
0.0 0.0 0.0 0.0 20.0 0.0 0.0 0.0 0.0 1.0 0.0 0.0 0.0 0.0 0.0 0.0 0.0 0.0 33.0 0.0 0.0 0.0 0.0 63.0 
0.0 0.0 0.0 0.0 0.0 0.0 0.0 0.0 0.0 0.0 0.0 0.0 0.0 0.0 0.0 0.0 0.0 0.0 0.0 0.0 0.0 0.0 1.0 0.0 
0.0 0.0 0.0 51.0 0.0 16.0 0.0 0.0 0.0 0.0 0.0 0.0 0.0 0.0 0.0 33.0 0.0 0.0 0.0 21.0 0.0 38.0 0.0 0.0 
0.0 9.0 0.0 43.0 0.0 0.0 0.0 0.0 0.0 0.0 0.0 0.0 0.0 0.0 33.0 0.0 0.0 0.0 0.0 0.0 59.0 0.0 0.0 0.0 
1.0 0.0 0.0 0.0 0.0 0.0 0.0 0.0 88.0 0.0 0.0 13.0 0.0 0.0 0.0 0.0 0.0 0.0 0.0 0.0 0.0 0.0 0.0 0.0 
0.0 0.0 0.0 0.0 0.0 0.0 0.0 41.0 0.0 0.0 0.0 0.0 0.0 0.0 0.0 0.0 0.0 0.0 0.0 0.0 0.0 0.0 0.0 73.0 
0.0 0.0 56.0 0.0 26.0 0.0 62.0 0.0 0.0 6.0 0.0 0.0 33.0 0.0 0.0 0.0 0.0 0.0 0.0 0.0 0.0 0.0 96.0 0.0 
0.0 0.0 0.0 52.0 0.0 16.0 0.0 0.0 0.0 0.0 8.0 0.0 0.0 0.0 21.0 0.0 0.0 0.0 0.0 0.0 0.0 0.0 62.0 0.0 
0.0 60.0 0.0 0.0 0.0 0.0 97.0 65.0 138.0 0.0 0.0 0.0 0.0 0.0 0.0 59.0 0.0 0.0 0.0 0.0 0.0 112.0 0.0 0.0 
0.0 0.0 0.0 0.0 0.0 47.0 0.0 0.0 0.0 0.0 15.0 0.0 0.0 0.0 38.0 0.0 0.0 0.0 0.0 0.0 112.0 0.0 78.0 0.0 
0.0 0.0 0.0 0.0 0.0 0.0 0.0 0.0 0.0 4.0 0.0 0.0 0.0 1.0 0.0 0.0 0.0 0.0 96.0 62.0 0.0 78.0 0.0 80.0 
0.0 0.0 0.0 167.0 100.0 0.0 0.0 0.0 118.0 0.0 0.0 0.0 63.0 0.0 0.0 0.0 0.0 73.0 0.0 0.0 0.0 0.0 80.0 0.0 
