q
240.0 165.0 224.0 133.0 128.0 59.0 382.0 142.0 190.0 71.0 121.0 118.0 13.0 3.0 133.0 200.0 242.0 206.0 108.0 510.0 488.0 520.0 214.0 330.0 
l
0.0 0.0 0.0 0.0 32.0 23.0 0.0 0.0 36.0 0.0 0.0 0.0 0.0 0.0 47.0 0.0 0.0 34.0 0.0 0.0 0.0 62.0 0.0 0.0 
0.0 0.0 0.0 0.0 0.0 0.0 43.0 0.0 0.0 0.0 0.0 10.0 0.0 0.0 0.0 0.0 40.0 0.0 0.0 0.0 66.0 0.0 0.0 0.0 
0.0 0.0 0.0 0.0 0.0 0.0 69.0 0.0 0.0 13.0 34.0 0.0 8.0 0.0 0.0 0.0 43.0 0.0 0.0 0.0 0.0 0.0 0.0 45.0 
0.0 0.0 0.0 0.0 0.0 0.0 0.0 0.0 24.0 0.0 0.0 0.0 0.0 0.0 0.0 20.0 0.0 0.0 19.0 0.0 0.0 63.0 0.0 0.0 
32.0 0.0 0.0 0.0 0.0 0.0 0.0 0.0 0.0 0.0 0.0 0.0 0.0 0.0 16.0 0.0 0.0 16.0 0.0 58.0 0.0 0.0 0.0 0.0 
23.0 0.0 0.0 0.0 0.0 0.0 0.0 0.0 0.0 0.0 0.0 0.0 0.0 1.0 9.0 0.0 0.0 0.0 0.0 0.0 0.0 0.0 21.0 0.0 
0.0 43.0 69.0 0.0 0.0 0.0 0.0 0.0 0.0 32.0 0.0 49.0 0.0 0.0 0.0 0.0 49.0 0.0 0.0 0.0 0.0 118.0 0.0 0.0 
0.0 0.0 0.0 0.0 0.0 0.0 0.0 0.0 0.0 0.0 26.0 0.0 0.0 0.0 0.0 0.0 32.0 0.0 0.0 76.0 0.0 0.0 0.0 0.0 
36.0 0.0 0.0 24.0 0.0 0.0 0.0 0.0 0.0 0.0 0.0 0.0 0.0 0.0 0.0 27.0 0.0 32.0 0.0 0.0 0.0 64.0 0.0 0.0 
0.0 0.0 13.0 0.0 0.0 0.0 32.0 0.0 0.0 0.0 0.0 0.0 0.0 0.0 0.0 0.0 0.0 0.0 0.0 0.0 0.0 0.0 19.0 0.0 
0.0 0.0 34.0 0.0 0.0 0.0 0.0 26.0 0.0 0.0 0.0 0.0 0.0 0.0 0.0 0.0 0.0 0.0 0.0 0.0 0.0 0.0 0.0 52.0 
0.0 10.0 0.0 0.0 0.0 0.0 49.0 0.0 0.0 0.0 0.0 0.0 0.0 0.0 0.0 0.0 0.0 0.0 0.0 0.0 54.0 0.0 0.0 0.0 
0.0 0.0 8.0 0.0 0.0 0.0 0.0 0.0 0.0 0.0 0.0 0.0 0.0 0.0 0.0 0.0 0.0 0.0 0.0 0.0 0.0 0.0 5.0 0.0 
0.0 0.0 0.0 0.0 0.0 1.0 0.0 0.0 0.0 0.0 0.0 0.0 0.0 0.0 1.0 0.0 0.0 0.0 0.0 0.0 0.0 0.0 0.0 1.0 
47.0 0.0 0.0 0.0 16.0 9.0 0.0 0.0 0.0 0.0 0.0 0.0 0.0 1.0 0.0 0.0 0.0 0.0 0.0 0.0 0.0 0.0 0.0 54.0 
0.0 0.0 0.0 20.0 0.0 0.0 0.0 0.0 27.0 0.0 0.0 0.0 0.0 0.0 0.0 0.0 0.0 46.0 23.0 0.0 73.0 0.0 0.0 0.0 
0.0 40.0 43.0 0.0 0.0 0.0 49.0 32.0 0.0 0.0 0.0 0.0 0.0 0.0 0.0 0.0 0.0 0.0 0.0 62.0 0.0 0.0 0.0 0.0 
34.0 0.0 0.0 0.0 16.0 0.0 0.0 0.0 32.0 0.0 0.0 0.0 0.0 0.0 0.0 46.0 0.0 0.0 0.0 74.0 0.0 0.0 0.0 0.0 
0.0 0.0 0.0 19.0 0.0 0.0 0.0 0.0 0.0 0.0 0.0 0.0 0.0 0.0 0.0 23.0 0.0 0.0 0.0 0.0 61.0 0.0 0.0 0.0 
0.0 0.0 0.0 0.0 58.0 0.0 0.0 76.0 0.0 0.0 0.0 0.0 0.0 0.0 0.0 0.0 62.0 74.0 0.0 0.0 116.0 0.0 0.0 102.0 
0.0 66.0 0.0 0.0 0.0 0.0 0.0 0.0 0.0 0.0 0.0 54.0 0.0 0.0 0.0 73.0 0.0 0.0 61.0 116.0 0.0 93.0 0.0 0.0 
62.0 0.0 0.0 63.0 0.0 0.0 118.0 0.0 64.0 0.0 0.0 0.0 0.0 0.0 0.0 0.0 0.0 0.0 0.0 0.0 93.0 0.0 95.0 0.0 
0.0 0.0 0.0 0.0 0.0 21.0 0.0 0.0 0.0 19.0 0.0 0.0 5.0 0.0 0.0 0.0 0.0 0.0 0.0 0.0 0.0 95.0 0.0 63.0 
0.0 0.0 45.0 0.0 0.0 0.0 0.0 0.0 0.0 0.0 52.0 0.0 0.0 1.0 54.0 0.0 0.0 0.0 0.0 102.0 0.0 0.0 63.0 0.0 
