q
1.0 133.0 41.0 262.0 96.0 102.0 121.0 529.0 150.0 138.0 358.0 295.0 378.0 64.0 259.0 166.0 1.0 105.0 117.0 104.0 456.0 472.0 319.0 413.0 
l
0.0 0.0 0.0 0.0 0.0 0.0 0.0 0.0 0.0 0.0 0.0 0.0 0.0 0.0 0.0 0.0 0.0 0.0 0.0 0.0 0.0 0.0 1.0 0.0 
0.0 0.0 0.0 0.0 0.0 0.0 0.0 0.0 0.0 0.0 67.0 0.0 0.0 0.0 0.0 9.0 0.0 0.0 0.0 0.0 0.0 48.0 0.0 0.0 
0.0 0.0 0.0 0.0 0.0 0.0 0.0 0.0 0.0 0.0 0.0 13.0 0.0 0.0 7.0 0.0 0.0 0.0 0.0 0.0 0.0 18.0 0.0 0.0 
0.0 0.0 0.0 0.0 0.0 44.0 0.0 0.0 0.0 0.0 47.0 0.0 57.0 0.0 0.0 0.0 0.0 0.0 36.0 0.0 0.0 0.0 61.0 0.0 
0.0 0.0 0.0 0.0 0.0 0.0 0.0 0.0 0.0 9.0 0.0 34.0 0.0 0.0 0.0 0.0 0.0 0.0 0.0 0.0 50.0 0.0 0.0 0.0 
0.0 0.0 0.0 44.0 0.0 0.0 0.0 0.0 0.0 0.0 0.0 0.0 0.0 0.0 0.0 0.0 0.0 0.0 4.0 0.0 0.0 0.0 0.0 50.0 
0.0 0.0 0.0 0.0 0.0 0.0 0.0 53.0 13.0 0.0 0.0 0.0 40.0 0.0 0.0 0.0 0.0 8.0 0.0 0.0 0.0 0.0 0.0 0.0 
0.0 0.0 0.0 0.0 0.0 0.0 53.0 0.0 54.0 0.0 0.0 0.0 75.0 0.0 0.0 0.0 0.0 53.0 0.0 0.0 152.0 0.0 0.0 109.0 
0.0 0.0 0.0 0.0 0.0 0.0 13.0 54.0 0.0 0.0 0.0 0.0 47.0 0.0 0.0 0.0 0.0 0.0 30.0 0.0 0.0 0.0 0.0 0.0 
0.0 0.0 0.0 0.0 9.0 0.0 0.0 0.0 0.0 0.0 0.0 35.0 0.0 0.0 33.0 0.0 0.0 0.0 0.0 0.0 49.0 0.0 0.0 0.0 
0.0 67.0 0.0 47.0 0.0 0.0 0.0 0.0 0.0 0.0 0.0 0.0 105.0 20.0 0.0 61.0 0.0 0.0 0.0 0.0 0.0 0.0 40.0 0.0 
0.0 0.0 13.0 0.0 34.0 0.0 0.0 0.0 0.0 35.0 0.0 0.0 0.0 0.0 73.0 0.0 0.0 0.0 0.0 0.0 0.0 0.0 0.0 123.0 
0.0 0.0 0.0 57.0 0.0 0.0 40.0 75.0 47.0 0.0 105.0 0.0 0.0 0.0 0.0 0.0 0.0 36.0 0.0 0.0 0.0 0.0 0.0 0.0 
0.0 0.0 0.0 0.0 0.0 0.0 0.0 0.0 0.0 0.0 20.0 0.0 0.0 0.0 0.0 15.0 0.0 0.0 0.0 0.0 0.0 0.0 24.0 0.0 
0.0 0.0 7.0 0.0 0.0 0.0 0.0 0.0 0.0 33.0 0.0 73.0 0.0 0.0 0.0 0.0 0.0 0.0 0.0 42.0 0.0 90.0 0.0 0.0 
0.0 9.0 0.0 0.0 0.0 0.0 0.0 0.0 0.0 0.0 61.0 0.0 0.0 15.0 0.0 0.0 0.0 0.0 0.0 0.0 0.0 67.0 0.0 0.0 
0.0 0.0 0.0 0.0 0.0 0.0 0.0 0.0 0.0 0.0 0.0 0.0 0.0 0.0 0.0 0.0 0.0 0.0 0.0 0.0 1.0 0.0 0.0 0.0 
0.0 0.0 0.0 0.0 0.0 0.0 8.0 53.0 0.0 0.0 0.0 0.0 36.0 0.0 0.0 0.0 0.0 0.0 0.0 0.0 0.0 0.0 0.0 0.0 
0.0 0.0 0.0 36.0 0.0 4.0 0.0 0.0 30.0 0.0 0.0 0.0 0.0 0.0 0.0 0.0 0.0 0.0 0.0 0.0 0.0 0.0 0.0 43.0 
0.0 0.0 0.0 0.0 0.0 0.0 0.0 0.0 0.0 0.0 0.0 0.0 0.0 0.0 42.0 0.0 0.0 0.0 0.0 0.0 61.0 0.0 0.0 0.0 
0.0 0.0 0.0 0.0 50.0 0.0 0.0 152.0 0.0 49.0 0.0 0.0 0.0 0.0 0.0 0.0 1.0 0.0 0.0 61.0 0.0 120.0 0.0 0.0 
0.0 48.0 18.0 0.0 0.0 0.0 0.0 0.0 0.0 0.0 0.0 0.0 0.0 0.0 90.0 67.0 0.0 0.0 0.0 0.0 120.0 0.0 103.0 0.0 
1.0 0.0 0.0 61.0 0.0 0.0 0.0 0.0 0.0 0.0 40.0 0.0 0.0 24.0 0.0 0.0 0.0 0.0 0.0 0.0 0.0 103.0 0.0 71.0 
0.0 0.0 0.0 0.0 0.0 50.0 0.0 109.0 0.0 0.0 0.0 123.0 0.0 0.0 0.0 0.0 0.0 0.0 43.0 0.0 0.0 0.0 71.0 0.0 
