q
122.0 131.0 88.0 267.0 130.0 85.0 105.0 240.0 3.0 284.0 371.0 662.0 155.0 165.0 183.0 186.0 176.0 40.0 426.0 20.0 443.0 465.0 527.0 496.0 
l
0.0 0.0 0.0 35.0 0.0 0.0 0.0 0.0 0.0 0.0 0.0 0.0 0.0 0.0 0.0 0.0 17.0 0.0 0.0 0.0 0.0 0.0 0.0 63.0 
0.0 0.0 0.0 0.0 0.0 0.0 0.0 30.0 0.0 20.0 0.0 76.0 0.0 0.0 0.0 0.0 0.0 0.0 0.0 0.0 0.0 0.0 0.0 0.0 
0.0 0.0 0.0 0.0 0.0 4.0 0.0 0.0 0.0 34.0 0.0 0.0 0.0 0.0 0.0 0.0 0.0 0.0 0.0 0.0 43.0 0.0 0.0 0.0 
35.0 0.0 0.0 0.0 0.0 0.0 0.0 0.0 0.0 0.0 80.0 0.0 0.0 0.0 0.0 0.0 19.0 7.0 49.0 0.0 0.0 0.0 0.0 59.0 
0.0 0.0 0.0 0.0 0.0 0.0 0.0 22.0 0.0 0.0 0.0 0.0 0.0 0.0 31.0 0.0 0.0 0.0 0.0 0.0 0.0 0.0 69.0 0.0 
0.0 0.0 4.0 0.0 0.0 0.0 0.0 0.0 0.0 26.0 0.0 0.0 0.0 0.0 8.0 0.0 0.0 0.0 0.0 0.0 44.0 0.0 0.0 0.0 
0.0 0.0 0.0 0.0 0.0 0.0 0.0 0.0 0.0 0.0 37.0 0.0 0.0 0.0 0.0 12.0 0.0 0.0 0.0 1.0 0.0 49.0 0.0 0.0 
0.0 30.0 0.0 0.0 22.0 0.0 0.0 0.0 0.0 47.0 0.0 0.0 0.0 0.0 31.0 0.0 0.0 0.0 0.0 0.0 0.0 0.0 102.0 0.0 
0.0 0.0 0.0 0.0 0.0 0.0 0.0 0.0 0.0 0.0 0.0 0.0 0.0 0.0 1.0 0.0 0.0 0.0 0.0 0.0 2.0 0.0 0.0 0.0 
0.0 20.0 34.0 0.0 0.0 26.0 0.0 47.0 0.0 0.0 0.0 109.0 0.0 0.0 38.0 0.0 0.0 0.0 0.0 0.0 0.0 0.0 0.0 0.0 
0.0 0.0 0.0 80.0 0.0 0.0 37.0 0.0 0.0 0.0 0.0 0.0 63.0 0.0 0.0 25.0 0.0 0.0 65.0 0.0 0.0 83.0 0.0 0.0 
0.0 76.0 0.0 0.0 0.0 0.0 0.0 0.0 0.0 109.0 0.0 0.0 0.0 75.0 0.0 0.0 0.0 0.0 124.0 0.0 130.0 0.0 0.0 122.0 
0.0 0.0 0.0 0.0 0.0 0.0 0.0 0.0 0.0 0.0 63.0 0.0 0.0 0.0 0.0 0.0 0.0 11.0 0.0 0.0 0.0 0.0 67.0 0.0 
0.0 0.0 0.0 0.0 0.0 0.0 0.0 0.0 0.0 0.0 0.0 75.0 0.0 0.0 0.0 0.0 33.0 0.0 44.0 0.0 0.0 0.0 0.0 0.0 
0.0 0.0 0.0 0.0 31.0 8.0 0.0 31.0 1.0 38.0 0.0 0.0 0.0 0.0 0.0 0.0 0.0 0.0 0.0 0.0 67.0 0.0 0.0 0.0 
0.0 0.0 0.0 0.0 0.0 0.0 12.0 0.0 0.0 0.0 25.0 0.0 0.0 0.0 0.0 0.0 0.0 0.0 82.0 6.0 0.0 54.0 0.0 0.0 
17.0 0.0 0.0 19.0 0.0 0.0 0.0 0.0 0.0 0.0 0.0 0.0 0.0 33.0 0.0 0.0 0.0 0.0 42.0 0.0 0.0 0.0 0.0 58.0 
0.0 0.0 0.0 7.0 0.0 0.0 0.0 0.0 0.0 0.0 0.0 0.0 11.0 0.0 0.0 0.0 0.0 0.0 0.0 0.0 0.0 0.0 0.0 19.0 
0.0 0.0 0.0 49.0 0.0 0.0 0.0 0.0 0.0 0.0 65.0 124.0 0.0 44.0 0.0 82.0 42.0 0.0 0.0 0.0 0.0 0.0 0.0 0.0 
0.0 0.0 0.0 0.0 0.0 0.0 1.0 0.0 0.0 0.0 0.0 0.0 0.0 0.0 0.0 6.0 0.0 0.0 0.0 0.0 0.0 12.0 0.0 0.0 
0.0 0.0 43.0 0.0 0.0 44.0 0.0 0.0 2.0 0.0 0.0 130.0 0.0 0.0 67.0 0.0 0.0 0.0 0.0 0.0 0.0 136.0 0.0 0.0 
0.0 0.0 0.0 0.0 0.0 0.0 49.0 0.0 0.0 0.0 83.0 0.0 0.0 0.0 0.0 54.0 0.0 0.0 0.0 12.0 136.0 0.0 114.0 0.0 
0.0 0.0 0.0 0.0 69.0 0.0 0.0 102.0 0.0 0.0 0.0 0.0 67.0 0.0 0.0 0.0 0.0 0.0 0.0 0.0 0.0 114.0 0.0 150.0 
63.0 0.0 0.0 59.0 0.0 0.0 0.0 0.0 0.0 0.0 0.0 122.0 0.0 0.0 0.0 0.0 58.0 19.0 0.0 0.0 0.0 0.0 150.0 0.0 
