q
381.0 255.0 179.0 115.0 145.0 205.0 246.0 134.0 158.0 22.0 645.0 132.0 132.0 2.0 188.0 4.0 217.0 144.0 10.0 177.0 362.0 376.0 519.0 530.0 
l
0.0 0.0 0.0 0.0 0.0 29.0 0.0 45.0 43.0 0.0 128.0 0.0 0.0 0.0 63.0 0.0 57.0 0.0 0.0 0.0 0.0 0.0 0.0 0.0 
0.0 0.0 0.0 34.0 39.0 0.0 48.0 0.0 0.0 5.0 0.0 0.0 0.0 0.0 0.0 0.0 0.0 0.0 0.0 44.0 71.0 0.0 0.0 0.0 
0.0 0.0 0.0 0.0 0.0 0.0 57.0 0.0 0.0 0.0 0.0 0.0 0.0 0.0 0.0 0.0 0.0 23.0 0.0 0.0 0.0 0.0 91.0 0.0 
0.0 34.0 0.0 0.0 5.0 0.0 0.0 0.0 0.0 0.0 71.0 0.0 0.0 0.0 0.0 0.0 0.0 0.0 0.0 0.0 0.0 0.0 0.0 0.0 
0.0 39.0 0.0 5.0 0.0 0.0 0.0 0.0 0.0 7.0 83.0 0.0 0.0 1.0 0.0 0.0 0.0 0.0 0.0 0.0 0.0 0.0 0.0 0.0 
29.0 0.0 0.0 0.0 0.0 0.0 0.0 0.0 0.0 0.0 96.0 0.0 47.0 0.0 0.0 0.0 27.0 0.0 0.0 0.0 0.0 0.0 0.0 0.0 
0.0 48.0 57.0 0.0 0.0 0.0 0.0 0.0 0.0 0.0 0.0 0.0 0.0 0.0 0.0 0.0 0.0 35.0 0.0 29.0 64.0 0.0 0.0 0.0 
45.0 0.0 0.0 0.0 0.0 0.0 0.0 0.0 13.0 0.0 0.0 0.0 0.0 0.0 16.0 0.0 0.0 0.0 0.0 0.0 0.0 0.0 52.0 0.0 
43.0 0.0 0.0 0.0 0.0 0.0 0.0 13.0 0.0 0.0 0.0 0.0 0.0 0.0 0.0 0.0 35.0 0.0 0.0 0.0 0.0 0.0 58.0 0.0 
0.0 5.0 0.0 0.0 7.0 0.0 0.0 0.0 0.0 0.0 0.0 0.0 0.0 0.0 0.0 0.0 0.0 0.0 0.0 0.0 9.0 0.0 0.0 0.0 
128.0 0.0 0.0 71.0 83.0 96.0 0.0 0.0 0.0 0.0 0.0 0.0 0.0 0.0 0.0 0.0 0.0 0.0 0.0 0.0 82.0 0.0 0.0 150.0 
0.0 0.0 0.0 0.0 0.0 0.0 0.0 0.0 0.0 0.0 0.0 0.0 0.0 0.0 33.0 0.0 0.0 0.0 0.0 0.0 0.0 0.0 0.0 86.0 
0.0 0.0 0.0 0.0 0.0 47.0 0.0 0.0 0.0 0.0 0.0 0.0 0.0 0.0 0.0 0.0 18.0 0.0 1.0 0.0 0.0 59.0 0.0 0.0 
0.0 0.0 0.0 0.0 1.0 0.0 0.0 0.0 0.0 0.0 0.0 0.0 0.0 0.0 0.0 0.0 0.0 0.0 0.0 0.0 1.0 0.0 0.0 0.0 
63.0 0.0 0.0 0.0 0.0 0.0 0.0 16.0 0.0 0.0 0.0 33.0 0.0 0.0 0.0 2.0 0.0 0.0 0.0 0.0 0.0 0.0 64.0 0.0 
0.0 0.0 0.0 0.0 0.0 0.0 0.0 0.0 0.0 0.0 0.0 0.0 0.0 0.0 2.0 0.0 0.0 0.0 0.0 0.0 0.0 0.0 0.0 2.0 
57.0 0.0 0.0 0.0 0.0 27.0 0.0 0.0 35.0 0.0 0.0 0.0 18.0 0.0 0.0 0.0 0.0 0.0 6.0 0.0 0.0 62.0 0.0 0.0 
0.0 0.0 23.0 0.0 0.0 0.0 35.0 0.0 0.0 0.0 0.0 0.0 0.0 0.0 0.0 0.0 0.0 0.0 0.0 15.0 0.0 0.0 0.0 61.0 
0.0 0.0 0.0 0.0 0.0 0.0 0.0 0.0 0.0 0.0 0.0 0.0 1.0 0.0 0.0 0.0 6.0 0.0 0.0 0.0 0.0 3.0 0.0 0.0 
0.0 44.0 0.0 0.0 0.0 0.0 29.0 0.0 0.0 0.0 0.0 0.0 0.0 0.0 0.0 0.0 0.0 15.0 0.0 0.0 0.0 0.0 0.0 75.0 
0.0 71.0 0.0 0.0 0.0 0.0 64.0 0.0 0.0 9.0 82.0 0.0 0.0 1.0 0.0 0.0 0.0 0.0 0.0 0.0 0.0 113.0 0.0 0.0 
0.0 0.0 0.0 0.0 0.0 0.0 0.0 0.0 0.0 0.0 0.0 0.0 59.0 0.0 0.0 0.0 62.0 0.0 3.0 0.0 113.0 0.0 117.0 0.0 
0.0 0.0 91.0 0.0 0.0 0.0 0.0 52.0 58.0 0.0 0.0 0.0 0.0 0.0 64.0 0.0 0.0 0.0 0.0 0.0 0.0 117.0 0.0 121.0 
0.0 0.0 0.0 0.0 0.0 0.0 0.0 0.0 0.0 0.0 150.0 86.0 0.0 0.0 0.0 2.0 0.0 61.0 0.0 75.0 0.0 0.0 121.0 0.0 
