q
240.0 142.0 3.0 108.0 499.0 227.0 252.0 367.0 136.0 297.0 53.0 147.0 359.0 215.0 54.0 156.0 464.0 110.0 1.0 151.0 579.0 465.0 311.0 366.0 
l
0.0 39.0 0.0 0.0 0.0 34.0 0.0 55.0 32.0 0.0 0.0 0.0 0.0 0.0 0.0 0.0 0.0 0.0 0.0 0.0 0.0 0.0 63.0 0.0 
39.0 0.0 0.0 0.0 0.0 0.0 0.0 41.0 0.0 0.0 0.0 0.0 0.0 0.0 0.0 0.0 0.0 0.0 0.0 0.0 0.0 0.0 0.0 55.0 
0.0 0.0 0.0 0.0 0.0 0.0 0.0 0.0 0.0 0.0 0.0 0.0 0.0 0.0 1.0 0.0 0.0 0.0 0.0 0.0 0.0 0.0 2.0 0.0 
0.0 0.0 0.0 0.0 52.0 0.0 0.0 0.0 0.0 0.0 0.0 0.0 36.0 0.0 0.0 12.0 0.0 0.0 0.0 0.0 0.0 0.0 0.0 0.0 
0.0 0.0 0.0 52.0 0.0 0.0 0.0 0.0 0.0 71.0 0.0 0.0 42.0 0.0 0.0 59.0 0.0 0.0 0.0 0.0 122.0 0.0 0.0 127.0 
34.0 0.0 0.0 0.0 0.0 0.0 0.0 40.0 28.0 0.0 0.0 0.0 0.0 0.0 0.0 0.0 63.0 0.0 0.0 0.0 0.0 57.0 0.0 0.0 
0.0 0.0 0.0 0.0 0.0 0.0 0.0 0.0 0.0 49.0 0.0 0.0 0.0 0.0 0.0 0.0 96.0 0.0 0.0 32.0 67.0 0.0 0.0 0.0 
55.0 41.0 0.0 0.0 0.0 40.0 0.0 0.0 0.0 0.0 0.0 0.0 0.0 71.0 0.0 0.0 89.0 0.0 0.0 0.0 0.0 0.0 0.0 55.0 
32.0 0.0 0.0 0.0 0.0 28.0 0.0 0.0 0.0 0.0 0.0 0.0 0.0 0.0 0.0 0.0 0.0 0.0 0.0 0.0 0.0 72.0 0.0 0.0 
0.0 0.0 0.0 0.0 71.0 0.0 49.0 0.0 0.0 0.0 0.0 0.0 72.0 0.0 0.0 0.0 0.0 46.0 0.0 44.0 0.0 0.0 0.0 0.0 
0.0 0.0 0.0 0.0 0.0 0.0 0.0 0.0 0.0 0.0 0.0 22.0 0.0 0.0 0.0 0.0 0.0 0.0 0.0 0.0 0.0 0.0 28.0 0.0 
0.0 0.0 0.0 0.0 0.0 0.0 0.0 0.0 0.0 0.0 22.0 0.0 0.0 0.0 18.0 0.0 0.0 0.0 0.0 0.0 100.0 0.0 0.0 0.0 
0.0 0.0 0.0 36.0 42.0 0.0 0.0 0.0 0.0 72.0 0.0 0.0 0.0 51.0 0.0 32.0 107.0 0.0 0.0 0.0 0.0 0.0 0.0 0.0 
0.0 0.0 0.0 0.0 0.0 0.0 0.0 71.0 0.0 0.0 0.0 0.0 51.0 0.0 0.0 46.0 0.0 0.0 0.0 0.0 0.0 0.0 0.0 36.0 
0.0 0.0 1.0 0.0 0.0 0.0 0.0 0.0 0.0 0.0 0.0 18.0 0.0 0.0 0.0 0.0 0.0 0.0 0.0 0.0 0.0 0.0 33.0 0.0 
0.0 0.0 0.0 12.0 59.0 0.0 0.0 0.0 0.0 0.0 0.0 0.0 32.0 46.0 0.0 0.0 0.0 0.0 0.0 0.0 0.0 0.0 0.0 0.0 
0.0 0.0 0.0 0.0 0.0 63.0 96.0 89.0 0.0 0.0 0.0 0.0 107.0 0.0 0.0 0.0 0.0 0.0 0.0 0.0 0.0 89.0 0.0 0.0 
0.0 0.0 0.0 0.0 0.0 0.0 0.0 0.0 0.0 46.0 0.0 0.0 0.0 0.0 0.0 0.0 0.0 0.0 0.0 6.0 55.0 0.0 0.0 0.0 
0.0 0.0 0.0 0.0 0.0 0.0 0.0 0.0 0.0 0.0 0.0 0.0 0.0 0.0 0.0 0.0 0.0 0.0 0.0 0.0 0.0 1.0 0.0 0.0 
0.0 0.0 0.0 0.0 0.0 0.0 32.0 0.0 0.0 44.0 0.0 0.0 0.0 0.0 0.0 0.0 0.0 6.0 0.0 0.0 62.0 0.0 0.0 0.0 
0.0 0.0 0.0 0.0 122.0 0.0 67.0 0.0 0.0 0.0 0.0 100.0 0.0 0.0 0.0 0.0 0.0 55.0 0.0 62.0 0.0 143.0 0.0 0.0 
0.0 0.0 0.0 0.0 0.0 57.0 0.0 0.0 72.0 0.0 0.0 0.0 0.0 0.0 0.0 0.0 89.0 0.0 1.0 0.0 143.0 0.0 87.0 0.0 
63.0 0.0 2.0 0.0 0.0 0.0 0.0 0.0 0.0 0.0 28.0 0.0 0.0 0.0 33.0 0.0 0.0 0.0 0.0 0.0 0.0 87.0 0.0 80.0 
0.0 55.0 0.0 0.0 127.0 0.0 0.0 55.0 0.0 0.0 0.0 0.0 0.0 36.0 0.0 0.0 0.0 0.0 0.0 0.0 0.0 0.0 80.0 0.0 
