q
129.0 313.0 1.0 212.0 131.0 192.0 504.0 174.0 462.0 195.0 6.0 4.0 291.0 135.0 252.0 16.0 133.0 177.0 136.0 315.0 386.0 429.0 522.0 557.0 
l
0.0 0.0 0.0 0.0 0.0 0.0 0.0 0.0 0.0 0.0 0.0 2.0 0.0 0.0 0.0 0.0 0.0 25.0 0.0 39.0 56.0 0.0 0.0 0.0 
0.0 0.0 0.0 0.0 0.0 0.0 92.0 48.0 55.0 0.0 0.0 0.0 0.0 48.0 29.0 0.0 28.0 0.0 0.0 0.0 0.0 0.0 0.0 0.0 
0.0 0.0 0.0 0.0 0.0 0.0 0.0 0.0 0.0 0.0 0.0 0.0 0.0 0.0 0.0 0.0 0.0 0.0 0.0 0.0 1.0 0.0 0.0 0.0 
0.0 0.0 0.0 0.0 11.0 31.0 0.0 0.0 0.0 66.0 0.0 0.0 0.0 0.0 0.0 0.0 0.0 0.0 0.0 0.0 0.0 0.0 0.0 92.0 
0.0 0.0 0.0 11.0 0.0 29.0 0.0 0.0 0.0 0.0 0.0 0.0 0.0 0.0 0.0 0.0 0.0 0.0 0.0 0.0 0.0 0.0 0.0 82.0 
0.0 0.0 0.0 31.0 29.0 0.0 0.0 0.0 0.0 28.0 0.0 0.0 0.0 0.0 0.0 1.0 0.0 0.0 0.0 0.0 0.0 0.0 94.0 0.0 
0.0 92.0 0.0 0.0 0.0 0.0 0.0 39.0 0.0 0.0 0.0 0.0 85.0 0.0 73.0 0.0 0.0 0.0 0.0 82.0 0.0 0.0 108.0 0.0 
0.0 48.0 0.0 0.0 0.0 0.0 39.0 0.0 0.0 0.0 0.0 0.0 0.0 0.0 0.0 0.0 0.0 0.0 0.0 33.0 44.0 0.0 0.0 0.0 
0.0 55.0 0.0 0.0 0.0 0.0 0.0 0.0 0.0 0.0 3.0 0.0 0.0 68.0 0.0 0.0 45.0 0.0 0.0 0.0 129.0 0.0 0.0 140.0 
0.0 0.0 0.0 66.0 0.0 28.0 0.0 0.0 0.0 0.0 0.0 0.0 0.0 0.0 0.0 3.0 0.0 0.0 0.0 0.0 0.0 88.0 0.0 0.0 
0.0 0.0 0.0 0.0 0.0 0.0 0.0 0.0 3.0 0.0 0.0 0.0 0.0 0.0 0.0 0.0 3.0 0.0 0.0 0.0 0.0 0.0 0.0 0.0 
2.0 0.0 0.0 0.0 0.0 0.0 0.0 0.0 0.0 0.0 0.0 0.0 0.0 0.0 0.0 0.0 0.0 0.0 0.0 0.0 0.0 2.0 0.0 0.0 
0.0 0.0 0.0 0.0 0.0 0.0 85.0 0.0 0.0 0.0 0.0 0.0 0.0 0.0 0.0 0.0 0.0 29.0 55.0 53.0 0.0 58.0 0.0 0.0 
0.0 48.0 0.0 0.0 0.0 0.0 0.0 0.0 68.0 0.0 0.0 0.0 0.0 0.0 0.0 0.0 10.0 0.0 0.0 0.0 0.0 0.0 0.0 0.0 
0.0 29.0 0.0 0.0 0.0 0.0 73.0 0.0 0.0 0.0 0.0 0.0 0.0 0.0 0.0 0.0 42.0 0.0 0.0 0.0 0.0 0.0 0.0 97.0 
0.0 0.0 0.0 0.0 0.0 1.0 0.0 0.0 0.0 3.0 0.0 0.0 0.0 0.0 0.0 0.0 0.0 0.0 0.0 0.0 0.0 0.0 10.0 0.0 
0.0 28.0 0.0 0.0 0.0 0.0 0.0 0.0 45.0 0.0 3.0 0.0 0.0 10.0 42.0 0.0 0.0 0.0 0.0 0.0 0.0 0.0 0.0 0.0 
25.0 0.0 0.0 0.0 0.0 0.0 0.0 0.0 0.0 0.0 0.0 0.0 29.0 0.0 0.0 0.0 0.0 0.0 0.0 43.0 0.0 75.0 0.0 0.0 
0.0 0.0 0.0 0.0 0.0 0.0 0.0 0.0 0.0 0.0 0.0 0.0 55.0 0.0 0.0 0.0 0.0 0.0 0.0 0.0 0.0 0.0 73.0 0.0 
39.0 0.0 0.0 0.0 0.0 0.0 82.0 33.0 0.0 0.0 0.0 0.0 53.0 0.0 0.0 0.0 0.0 43.0 0.0 0.0 49.0 0.0 0.0 0.0 
56.0 0.0 1.0 0.0 0.0 0.0 0.0 44.0 129.0 0.0 0.0 0.0 0.0 0.0 0.0 0.0 0.0 0.0 0.0 49.0 0.0 89.0 0.0 0.0 
0.0 0.0 0.0 0.0 0.0 0.0 0.0 0.0 0.0 88.0 0.0 2.0 58.0 0.0 0.0 0.0 0.0 75.0 0.0 0.0 89.0 0.0 97.0 0.0 
0.0 0.0 0.0 0.0 0.0 94.0 108.0 0.0 0.0 0.0 0.0 0.0 0.0 0.0 0.0 10.0 0.0 0.0 73.0 0.0 0.0 97.0 0.0 120.0 
0.0 0.0 0.0 92.0 82.0 0.0 0.0 0.0 140.0 0.0 0.0 0.0 0.0 0.0 97.0 0.0 0.0 0.0 0.0 0.0 0.0 0.0 120.0 0.0 
