q
110.0 157.0 147.0 303.0 26.0 271.0 135.0 167.0 363.0 238.0 62.0 308.0 121.0 132.0 115.0 629.0 247.0 16.0 226.0 70.0 612.0 496.0 405.0 340.0 
l
0.0 21.0 0.0 29.0 0.0 0.0 0.0 0.0 0.0 0.0 0.0 0.0 0.0 0.0 0.0 0.0 0.0 0.0 0.0 5.0 50.0 0.0 0.0 0.0 
21.0 0.0 0.0 37.0 0.0 0.0 0.0 0.0 0.0 0.0 0.0 0.0 13.0 0.0 0.0 0.0 0.0 0.0 0.0 15.0 0.0 62.0 0.0 0.0 
0.0 0.0 0.0 0.0 0.0 55.0 0.0 0.0 0.0 33.0 0.0 0.0 0.0 0.0 0.0 0.0 0.0 0.0 0.0 0.0 0.0 0.0 0.0 54.0 
29.0 37.0 0.0 0.0 0.0 0.0 0.0 56.0 0.0 0.0 0.0 0.0 24.0 0.0 0.0 0.0 51.0 0.0 0.0 0.0 86.0 0.0 0.0 0.0 
0.0 0.0 0.0 0.0 0.0 0.0 0.0 0.0 0.0 0.0 1.0 0.0 0.0 0.0 0.0 0.0 0.0 0.0 13.0 0.0 0.0 0.0 11.0 0.0 
0.0 0.0 55.0 0.0 0.0 0.0 24.0 0.0 45.0 42.0 0.0 0.0 0.0 0.0 0.0 94.0 0.0 0.0 0.0 0.0 0.0 0.0 0.0 0.0 
0.0 0.0 0.0 0.0 0.0 24.0 0.0 0.0 35.0 0.0 0.0 0.0 0.0 0.0 0.0 67.0 0.0 0.0 0.0 0.0 0.0 0.0 0.0 0.0 
0.0 0.0 0.0 56.0 0.0 0.0 0.0 0.0 0.0 0.0 0.0 30.0 0.0 0.0 0.0 71.0 0.0 0.0 0.0 0.0 0.0 0.0 0.0 0.0 
0.0 0.0 0.0 0.0 0.0 45.0 35.0 0.0 0.0 54.0 0.0 0.0 0.0 55.0 0.0 0.0 0.0 0.0 0.0 0.0 156.0 0.0 0.0 0.0 
0.0 0.0 33.0 0.0 0.0 42.0 0.0 0.0 54.0 0.0 0.0 0.0 0.0 15.0 0.0 0.0 0.0 5.0 0.0 0.0 0.0 0.0 80.0 0.0 
0.0 0.0 0.0 0.0 1.0 0.0 0.0 0.0 0.0 0.0 0.0 0.0 0.0 0.0 2.0 0.0 0.0 0.0 26.0 0.0 0.0 0.0 0.0 33.0 
0.0 0.0 0.0 0.0 0.0 0.0 0.0 30.0 0.0 0.0 0.0 0.0 0.0 0.0 38.0 122.0 67.0 0.0 41.0 0.0 0.0 0.0 0.0 0.0 
0.0 13.0 0.0 24.0 0.0 0.0 0.0 0.0 0.0 0.0 0.0 0.0 0.0 0.0 0.0 0.0 28.0 0.0 0.0 0.0 0.0 51.0 0.0 0.0 
0.0 0.0 0.0 0.0 0.0 0.0 0.0 0.0 55.0 15.0 0.0 0.0 0.0 0.0 0.0 0.0 0.0 1.0 0.0 0.0 0.0 0.0 55.0 0.0 
0.0 0.0 0.0 0.0 0.0 0.0 0.0 0.0 0.0 0.0 2.0 38.0 0.0 0.0 0.0 0.0 0.0 0.0 29.0 0.0 0.0 0.0 0.0 42.0 
0.0 0.0 0.0 0.0 0.0 94.0 67.0 71.0 0.0 0.0 0.0 122.0 0.0 0.0 0.0 0.0 0.0 0.0 0.0 0.0 142.0 0.0 0.0 102.0 
0.0 0.0 0.0 51.0 0.0 0.0 0.0 0.0 0.0 0.0 0.0 67.0 28.0 0.0 0.0 0.0 0.0 0.0 34.0 0.0 0.0 48.0 0.0 0.0 
0.0 0.0 0.0 0.0 0.0 0.0 0.0 0.0 0.0 5.0 0.0 0.0 0.0 1.0 0.0 0.0 0.0 0.0 0.0 0.0 0.0 0.0 9.0 0.0 
0.0 0.0 0.0 0.0 13.0 0.0 0.0 0.0 0.0 0.0 26.0 41.0 0.0 0.0 29.0 0.0 34.0 0.0 0.0 0.0 0.0 73.0 0.0 0.0 
5.0 15.0 0.0 0.0 0.0 0.0 0.0 0.0 0.0 0.0 0.0 0.0 0.0 0.0 0.0 0.0 0.0 0.0 0.0 0.0 47.0 0.0 0.0 0.0 
50.0 0.0 0.0 86.0 0.0 0.0 0.0 0.0 156.0 0.0 0.0 0.0 0.0 0.0 0.0 142.0 0.0 0.0 0.0 47.0 0.0 101.0 0.0 0.0 
0.0 62.0 0.0 0.0 0.0 0.0 0.0 0.0 0.0 0.0 0.0 0.0 51.0 0.0 0.0 0.0 48.0 0.0 73.0 0.0 101.0 0.0 131.0 0.0 
0.0 0.0 0.0 0.0 11.0 0.0 0.0 0.0 0.0 80.0 0.0 0.0 0.0 55.0 0.0 0.0 0.0 9.0 0.0 0.0 0.0 131.0 0.0 92.0 
0.0 0.0 54.0 0.0 0.0 0.0 0.0 0.0 0.0 0.0 33.0 0.0 0.0 0.0 42.0 102.0 0.0 0.0 0.0 0.0 0.0 0.0 92.0 0.0 
