q
120.0 103.0 171.0 386.0 254.0 255.0 503.0 126.0 259.0 30.0 139.0 4.0 403.0 219.0 549.0 352.0 148.0 315.0 564.0 280.0 336.0 0.0 0.0 0.0 248.0 
l
0.0 0.0 0.0 0.0 0.0 0.0 79.0 6.0 0.0 0.0 0.0 0.0 0.0 24.0 0.0 0.0 0.0 0.0 0.0 0.0 0.0 0.0 0.0 0.0 0.0 
0.0 0.0 0.0 0.0 22.0 0.0 0.0 0.0 38.0 2.0 0.0 0.0 0.0 0.0 0.0 0.0 0.0 39.0 0.0 0.0 0.0 0.0 0.0 0.0 0.0 
0.0 0.0 0.0 0.0 0.0 0.0 0.0 0.0 0.0 0.0 15.0 0.0 44.0 0.0 0.0 0.0 0.0 0.0 74.0 28.0 0.0 0.0 0.0 0.0 0.0 
0.0 0.0 0.0 0.0 46.0 0.0 0.0 0.0 0.0 0.0 0.0 0.0 50.0 0.0 83.0 0.0 61.0 71.0 0.0 56.0 0.0 0.0 0.0 0.0 0.0 
0.0 22.0 0.0 46.0 0.0 0.0 0.0 0.0 35.0 19.0 0.0 0.0 0.0 0.0 81.0 0.0 0.0 38.0 0.0 0.0 0.0 0.0 0.0 0.0 0.0 
0.0 0.0 0.0 0.0 0.0 0.0 0.0 0.0 0.0 0.0 0.0 0.0 80.0 0.0 0.0 0.0 37.0 60.0 0.0 0.0 63.0 0.0 0.0 0.0 0.0 
79.0 0.0 0.0 0.0 0.0 0.0 0.0 52.0 0.0 0.0 0.0 0.0 0.0 47.0 114.0 64.0 0.0 0.0 118.0 0.0 0.0 0.0 0.0 0.0 0.0 
6.0 0.0 0.0 0.0 0.0 0.0 52.0 0.0 0.0 0.0 0.0 1.0 0.0 18.0 0.0 37.0 0.0 0.0 0.0 0.0 0.0 0.0 0.0 0.0 0.0 
0.0 38.0 0.0 0.0 35.0 0.0 0.0 0.0 0.0 0.0 0.0 0.0 0.0 0.0 92.0 85.0 0.0 0.0 0.0 0.0 0.0 0.0 0.0 0.0 0.0 
0.0 2.0 0.0 0.0 19.0 0.0 0.0 0.0 0.0 0.0 0.0 0.0 0.0 0.0 0.0 0.0 0.0 7.0 0.0 0.0 0.0 0.0 0.0 0.0 0.0 
0.0 0.0 15.0 0.0 0.0 0.0 0.0 0.0 0.0 0.0 0.0 0.0 56.0 0.0 0.0 0.0 0.0 0.0 0.0 53.0 0.0 0.0 0.0 0.0 0.0 
0.0 0.0 0.0 0.0 0.0 0.0 0.0 1.0 0.0 0.0 0.0 0.0 0.0 2.0 0.0 1.0 0.0 0.0 0.0 0.0 0.0 0.0 0.0 0.0 0.0 
0.0 0.0 44.0 50.0 0.0 80.0 0.0 0.0 0.0 0.0 56.0 0.0 0.0 0.0 0.0 0.0 39.0 0.0 110.0 0.0 0.0 0.0 0.0 0.0 0.0 
24.0 0.0 0.0 0.0 0.0 0.0 47.0 18.0 0.0 0.0 0.0 2.0 0.0 0.0 0.0 51.0 0.0 0.0 0.0 0.0 0.0 0.0 0.0 0.0 62.0 
0.0 0.0 0.0 83.0 81.0 0.0 114.0 0.0 92.0 0.0 0.0 0.0 0.0 0.0 0.0 0.0 0.0 0.0 84.0 72.0 0.0 0.0 0.0 0.0 0.0 
0.0 0.0 0.0 0.0 0.0 0.0 64.0 37.0 85.0 0.0 0.0 1.0 0.0 51.0 0.0 0.0 0.0 0.0 0.0 0.0 100.0 0.0 0.0 0.0 0.0 
0.0 0.0 0.0 61.0 0.0 37.0 0.0 0.0 0.0 0.0 0.0 0.0 39.0 0.0 0.0 0.0 0.0 0.0 0.0 0.0 0.0 0.0 0.0 0.0 0.0 
0.0 39.0 0.0 71.0 38.0 60.0 0.0 0.0 0.0 7.0 0.0 0.0 0.0 0.0 0.0 0.0 0.0 0.0 0.0 0.0 81.0 0.0 0.0 0.0 0.0 
0.0 0.0 74.0 0.0 0.0 0.0 118.0 0.0 0.0 0.0 0.0 0.0 110.0 0.0 84.0 0.0 0.0 0.0 0.0 56.0 0.0 0.0 0.0 0.0 92.0 
0.0 0.0 28.0 56.0 0.0 0.0 0.0 0.0 0.0 0.0 53.0 0.0 0.0 0.0 72.0 0.0 0.0 0.0 56.0 0.0 0.0 0.0 0.0 0.0 0.0 
0.0 0.0 0.0 0.0 0.0 63.0 0.0 0.0 0.0 0.0 0.0 0.0 0.0 0.0 0.0 100.0 0.0 81.0 0.0 0.0 0.0 0.0 0.0 0.0 74.0 
0.0 0.0 0.0 0.0 0.0 0.0 0.0 0.0 0.0 0.0 0.0 0.0 0.0 0.0 0.0 0.0 0.0 0.0 0.0 0.0 0.0 0.0 0.0 0.0 0.0 
0.0 0.0 0.0 0.0 0.0 0.0 0.0 0.0 0.0 0.0 0.0 0.0 0.0 0.0 0.0 0.0 0.0 0.0 0.0 0.0 0.0 0.0 0.0 0.0 0.0 
0.0 0.0 0.0 0.0 0.0 0.0 0.0 0.0 0.0 0.0 0.0 0.0 0.0 0.0 0.0 0.0 0.0 0.0 0.0 0.0 0.0 0.0 0.0 0.0 0.0 
0.0 0.0 0.0 0.0 0.0 0.0 0.0 0.0 0.0 0.0 0.0 0.0 0.0 62.0 0.0 0.0 0.0 0.0 92.0 0.0 74.0 0.0 0.0 0.0 0.0 
