q
175.0 166.0 147.0 1.0 51.0 292.0 167.0 7.0 79.0 319.0 1.0 391.0 129.0 161.0 131.0 130.0 353.0 340.0 195.0 488.0 504.0 328.0 577.0 422.0 
l
0.0 0.0 0.0 0.0 0.0 0.0 0.0 0.0 0.0 0.0 0.0 0.0 0.0 28.0 0.0 0.0 45.0 45.0 0.0 0.0 0.0 0.0 50.0 0.0 
0.0 0.0 0.0 0.0 0.0 33.0 0.0 1.0 0.0 0.0 0.0 0.0 0.0 14.0 23.0 0.0 0.0 0.0 0.0 0.0 0.0 0.0 82.0 0.0 
0.0 0.0 0.0 0.0 3.0 0.0 0.0 0.0 0.0 43.0 0.0 0.0 22.0 0.0 0.0 0.0 0.0 0.0 0.0 72.0 0.0 0.0 0.0 0.0 
0.0 0.0 0.0 0.0 0.0 0.0 0.0 0.0 0.0 0.0 0.0 0.0 0.0 0.0 0.0 0.0 0.0 0.0 0.0 0.0 0.0 1.0 0.0 0.0 
0.0 0.0 3.0 0.0 0.0 0.0 0.0 0.0 0.0 10.0 0.0 0.0 0.0 0.0 0.0 7.0 0.0 0.0 9.0 22.0 0.0 0.0 0.0 0.0 
0.0 33.0 0.0 0.0 0.0 0.0 0.0 0.0 24.0 0.0 0.0 0.0 0.0 42.0 34.0 0.0 97.0 0.0 0.0 0.0 0.0 47.0 0.0 0.0 
0.0 0.0 0.0 0.0 0.0 0.0 0.0 0.0 0.0 0.0 0.0 45.0 0.0 0.0 0.0 0.0 40.0 34.0 0.0 0.0 39.0 0.0 0.0 0.0 
0.0 1.0 0.0 0.0 0.0 0.0 0.0 0.0 0.0 0.0 0.0 0.0 0.0 0.0 0.0 0.0 0.0 0.0 0.0 0.0 0.0 5.0 0.0 0.0 
0.0 0.0 0.0 0.0 0.0 24.0 0.0 0.0 0.0 0.0 0.0 0.0 0.0 0.0 0.0 0.0 17.0 0.0 0.0 0.0 32.0 0.0 0.0 0.0 
0.0 0.0 43.0 0.0 10.0 0.0 0.0 0.0 0.0 0.0 0.0 97.0 43.0 0.0 0.0 0.0 0.0 0.0 36.0 0.0 0.0 0.0 0.0 71.0 
0.0 0.0 0.0 0.0 0.0 0.0 0.0 0.0 0.0 0.0 0.0 0.0 0.0 0.0 0.0 0.0 0.0 0.0 0.0 0.0 0.0 0.0 0.0 1.0 
0.0 0.0 0.0 0.0 0.0 0.0 45.0 0.0 0.0 97.0 0.0 0.0 0.0 0.0 0.0 0.0 0.0 101.0 67.0 0.0 56.0 0.0 0.0 0.0 
0.0 0.0 22.0 0.0 0.0 0.0 0.0 0.0 0.0 43.0 0.0 0.0 0.0 0.0 0.0 0.0 0.0 0.0 0.0 0.0 0.0 0.0 0.0 60.0 
28.0 14.0 0.0 0.0 0.0 42.0 0.0 0.0 0.0 0.0 0.0 0.0 0.0 0.0 0.0 0.0 0.0 0.0 0.0 0.0 0.0 0.0 66.0 0.0 
0.0 23.0 0.0 0.0 0.0 34.0 0.0 0.0 0.0 0.0 0.0 0.0 0.0 0.0 0.0 0.0 0.0 0.0 0.0 0.0 0.0 67.0 0.0 0.0 
0.0 0.0 0.0 0.0 7.0 0.0 0.0 0.0 0.0 0.0 0.0 0.0 0.0 0.0 0.0 0.0 0.0 0.0 28.0 87.0 0.0 0.0 0.0 0.0 
45.0 0.0 0.0 0.0 0.0 97.0 40.0 0.0 17.0 0.0 0.0 0.0 0.0 0.0 0.0 0.0 0.0 57.0 0.0 0.0 80.0 0.0 0.0 0.0 
45.0 0.0 0.0 0.0 0.0 0.0 34.0 0.0 0.0 0.0 0.0 101.0 0.0 0.0 0.0 0.0 57.0 0.0 0.0 0.0 0.0 0.0 93.0 0.0 
0.0 0.0 0.0 0.0 9.0 0.0 0.0 0.0 0.0 36.0 0.0 67.0 0.0 0.0 0.0 28.0 0.0 0.0 0.0 44.0 0.0 0.0 0.0 0.0 
0.0 0.0 72.0 0.0 22.0 0.0 0.0 0.0 0.0 0.0 0.0 0.0 0.0 0.0 0.0 87.0 0.0 0.0 44.0 0.0 152.0 0.0 0.0 92.0 
0.0 0.0 0.0 0.0 0.0 0.0 39.0 0.0 32.0 0.0 0.0 56.0 0.0 0.0 0.0 0.0 80.0 0.0 0.0 152.0 0.0 119.0 0.0 0.0 
0.0 0.0 0.0 1.0 0.0 47.0 0.0 5.0 0.0 0.0 0.0 0.0 0.0 0.0 67.0 0.0 0.0 0.0 0.0 0.0 119.0 0.0 70.0 0.0 
50.0 82.0 0.0 0.0 0.0 0.0 0.0 0.0 0.0 0.0 0.0 0.0 0.0 66.0 0.0 0.0 0.0 93.0 0.0 0.0 0.0 70.0 0.0 178.0 
0.0 0.0 0.0 0.0 0.0 0.0 0.0 0.0 0.0 71.0 1.0 0.0 60.0 0.0 0.0 0.0 0.0 0.0 0.0 92.0 0.0 0.0 178.0 0.0 
