q
156.0 294.0 146.0 682.0 2.0 247.0 141.0 382.0 223.0 228.0 391.0 222.0 222.0 125.0 156.0 169.0 263.0 1.0 71.0 160.0 574.0 532.0 483.0 530.0 
l
0.0 0.0 0.0 0.0 0.0 0.0 0.0 53.0 0.0 0.0 0.0 0.0 0.0 0.0 37.0 0.0 0.0 0.0 0.0 0.0 0.0 58.0 0.0 0.0 
0.0 0.0 0.0 106.0 0.0 0.0 0.0 62.0 34.0 0.0 0.0 0.0 45.0 0.0 0.0 0.0 0.0 0.0 0.0 26.0 0.0 0.0 0.0 0.0 
0.0 0.0 0.0 0.0 1.0 0.0 0.0 0.0 0.0 0.0 51.0 7.0 0.0 0.0 0.0 23.0 0.0 0.0 0.0 0.0 0.0 0.0 59.0 0.0 
0.0 106.0 0.0 0.0 0.0 88.0 0.0 0.0 0.0 0.0 113.0 0.0 0.0 0.0 0.0 0.0 0.0 0.0 0.0 67.0 119.0 0.0 0.0 141.0 
0.0 0.0 1.0 0.0 0.0 0.0 0.0 0.0 0.0 0.0 0.0 0.0 0.0 0.0 0.0 0.0 0.0 0.0 0.0 0.0 0.0 0.0 0.0 1.0 
0.0 0.0 0.0 88.0 0.0 0.0 46.0 0.0 0.0 0.0 50.0 0.0 0.0 0.0 0.0 0.0 34.0 0.0 14.0 0.0 0.0 0.0 0.0 0.0 
0.0 0.0 0.0 0.0 0.0 46.0 0.0 0.0 0.0 0.0 0.0 0.0 0.0 0.0 0.0 0.0 0.0 0.0 5.0 0.0 82.0 0.0 0.0 0.0 
53.0 62.0 0.0 0.0 0.0 0.0 0.0 0.0 50.0 62.0 0.0 0.0 53.0 0.0 0.0 0.0 0.0 0.0 0.0 0.0 0.0 88.0 0.0 0.0 
0.0 34.0 0.0 0.0 0.0 0.0 0.0 50.0 0.0 0.0 0.0 0.0 0.0 33.0 0.0 0.0 0.0 0.0 0.0 29.0 0.0 65.0 0.0 0.0 
0.0 0.0 0.0 0.0 0.0 0.0 0.0 62.0 0.0 0.0 0.0 0.0 27.0 0.0 40.0 0.0 0.0 0.0 0.0 0.0 0.0 0.0 0.0 84.0 
0.0 0.0 51.0 113.0 0.0 50.0 0.0 0.0 0.0 0.0 0.0 58.0 0.0 0.0 0.0 56.0 52.0 0.0 0.0 0.0 0.0 0.0 0.0 0.0 
0.0 0.0 7.0 0.0 0.0 0.0 0.0 0.0 0.0 0.0 58.0 0.0 0.0 0.0 0.0 0.0 57.0 0.0 0.0 0.0 0.0 0.0 90.0 0.0 
0.0 45.0 0.0 0.0 0.0 0.0 0.0 53.0 0.0 27.0 0.0 0.0 0.0 0.0 0.0 0.0 0.0 0.0 0.0 0.0 0.0 0.0 0.0 83.0 
0.0 0.0 0.0 0.0 0.0 0.0 0.0 0.0 33.0 0.0 0.0 0.0 0.0 0.0 0.0 0.0 0.0 0.0 0.0 24.0 61.0 0.0 0.0 0.0 
37.0 0.0 0.0 0.0 0.0 0.0 0.0 0.0 0.0 40.0 0.0 0.0 0.0 0.0 0.0 0.0 0.0 0.0 0.0 0.0 0.0 0.0 65.0 0.0 
0.0 0.0 23.0 0.0 0.0 0.0 0.0 0.0 0.0 0.0 56.0 0.0 0.0 0.0 0.0 0.0 0.0 0.0 0.0 0.0 0.0 0.0 0.0 81.0 
0.0 0.0 0.0 0.0 0.0 34.0 0.0 0.0 0.0 0.0 52.0 57.0 0.0 0.0 0.0 0.0 0.0 0.0 15.0 0.0 93.0 0.0 0.0 0.0 
0.0 0.0 0.0 0.0 0.0 0.0 0.0 0.0 0.0 0.0 0.0 0.0 0.0 0.0 0.0 0.0 0.0 0.0 0.0 0.0 0.0 1.0 0.0 0.0 
0.0 0.0 0.0 0.0 0.0 14.0 5.0 0.0 0.0 0.0 0.0 0.0 0.0 0.0 0.0 0.0 15.0 0.0 0.0 0.0 34.0 0.0 0.0 0.0 
0.0 26.0 0.0 67.0 0.0 0.0 0.0 0.0 29.0 0.0 0.0 0.0 0.0 24.0 0.0 0.0 0.0 0.0 0.0 0.0 0.0 0.0 0.0 0.0 
0.0 0.0 0.0 119.0 0.0 0.0 82.0 0.0 0.0 0.0 0.0 0.0 0.0 61.0 0.0 0.0 93.0 0.0 34.0 0.0 0.0 154.0 0.0 0.0 
58.0 0.0 0.0 0.0 0.0 0.0 0.0 88.0 65.0 0.0 0.0 0.0 0.0 0.0 0.0 0.0 0.0 1.0 0.0 0.0 154.0 0.0 132.0 0.0 
0.0 0.0 59.0 0.0 0.0 0.0 0.0 0.0 0.0 0.0 0.0 90.0 0.0 0.0 65.0 0.0 0.0 0.0 0.0 0.0 0.0 132.0 0.0 103.0 
0.0 0.0 0.0 141.0 1.0 0.0 0.0 0.0 0.0 84.0 0.0 0.0 83.0 0.0 0.0 81.0 0.0 0.0 0.0 0.0 0.0 0.0 103.0 0.0 
