q
190.0 842.0 158.0 1.0 228.0 123.0 294.0 519.0 2.0 315.0 146.0 441.0 345.0 306.0 134.0 151.0 150.0 1.0 149.0 3.0 489.0 465.0 376.0 482.0 
l
0.0 0.0 0.0 0.0 0.0 0.0 0.0 0.0 0.0 50.0 0.0 49.0 0.0 37.0 0.0 0.0 0.0 0.0 0.0 0.0 0.0 46.0 0.0 0.0 
0.0 0.0 0.0 0.0 0.0 0.0 0.0 184.0 0.0 0.0 0.0 86.0 112.0 0.0 0.0 75.0 0.0 0.0 0.0 0.0 163.0 0.0 0.0 190.0 
0.0 0.0 0.0 0.0 0.0 0.0 38.0 0.0 0.0 47.0 0.0 0.0 0.0 0.0 0.0 0.0 0.0 0.0 0.0 0.0 0.0 0.0 65.0 0.0 
0.0 0.0 0.0 0.0 0.0 0.0 0.0 0.0 0.0 0.0 0.0 0.0 0.0 0.0 0.0 0.0 0.0 0.0 0.0 0.0 0.0 0.0 0.0 1.0 
0.0 0.0 0.0 0.0 0.0 0.0 0.0 66.0 0.0 0.0 39.0 0.0 0.0 44.0 0.0 0.0 0.0 0.0 0.0 0.0 0.0 72.0 0.0 0.0 
0.0 0.0 0.0 0.0 0.0 0.0 35.0 0.0 0.0 0.0 0.0 0.0 0.0 0.0 0.0 0.0 13.0 0.0 0.0 0.0 0.0 0.0 0.0 71.0 
0.0 0.0 38.0 0.0 0.0 35.0 0.0 0.0 0.0 59.0 0.0 0.0 66.0 0.0 0.0 0.0 25.0 0.0 0.0 0.0 0.0 0.0 0.0 58.0 
0.0 184.0 0.0 0.0 66.0 0.0 0.0 0.0 0.0 0.0 49.0 0.0 0.0 77.0 63.0 0.0 0.0 0.0 62.0 0.0 0.0 0.0 0.0 0.0 
0.0 0.0 0.0 0.0 0.0 0.0 0.0 0.0 0.0 1.0 0.0 0.0 0.0 0.0 0.0 0.0 0.0 0.0 0.0 0.0 0.0 0.0 1.0 0.0 
50.0 0.0 47.0 0.0 0.0 0.0 59.0 0.0 1.0 0.0 0.0 94.0 0.0 0.0 0.0 0.0 0.0 0.0 0.0 0.0 0.0 0.0 50.0 0.0 
0.0 0.0 0.0 0.0 39.0 0.0 0.0 49.0 0.0 0.0 0.0 0.0 0.0 0.0 0.0 0.0 0.0 0.0 11.0 0.0 42.0 0.0 0.0 0.0 
49.0 86.0 0.0 0.0 0.0 0.0 0.0 0.0 0.0 94.0 0.0 0.0 67.0 89.0 0.0 40.0 0.0 0.0 0.0 0.0 0.0 0.0 0.0 0.0 
0.0 112.0 0.0 0.0 0.0 0.0 66.0 0.0 0.0 0.0 0.0 67.0 0.0 0.0 0.0 30.0 56.0 0.0 0.0 0.0 0.0 0.0 0.0 0.0 
37.0 0.0 0.0 0.0 44.0 0.0 0.0 77.0 0.0 0.0 0.0 89.0 0.0 0.0 0.0 0.0 0.0 0.0 0.0 1.0 0.0 44.0 0.0 0.0 
0.0 0.0 0.0 0.0 0.0 0.0 0.0 63.0 0.0 0.0 0.0 0.0 0.0 0.0 0.0 0.0 0.0 0.0 5.0 0.0 64.0 0.0 0.0 0.0 
0.0 75.0 0.0 0.0 0.0 0.0 0.0 0.0 0.0 0.0 0.0 40.0 30.0 0.0 0.0 0.0 0.0 0.0 0.0 0.0 0.0 0.0 0.0 0.0 
0.0 0.0 0.0 0.0 0.0 13.0 25.0 0.0 0.0 0.0 0.0 0.0 56.0 0.0 0.0 0.0 0.0 0.0 0.0 0.0 0.0 0.0 0.0 49.0 
0.0 0.0 0.0 0.0 0.0 0.0 0.0 0.0 0.0 0.0 0.0 0.0 0.0 0.0 0.0 0.0 0.0 0.0 0.0 0.0 1.0 0.0 0.0 0.0 
0.0 0.0 0.0 0.0 0.0 0.0 0.0 62.0 0.0 0.0 11.0 0.0 0.0 0.0 5.0 0.0 0.0 0.0 0.0 0.0 65.0 0.0 0.0 0.0 
0.0 0.0 0.0 0.0 0.0 0.0 0.0 0.0 0.0 0.0 0.0 0.0 0.0 1.0 0.0 0.0 0.0 0.0 0.0 0.0 0.0 1.0 0.0 0.0 
0.0 163.0 0.0 0.0 0.0 0.0 0.0 0.0 0.0 0.0 42.0 0.0 0.0 0.0 64.0 0.0 0.0 1.0 65.0 0.0 0.0 134.0 0.0 0.0 
46.0 0.0 0.0 0.0 72.0 0.0 0.0 0.0 0.0 0.0 0.0 0.0 0.0 44.0 0.0 0.0 0.0 0.0 0.0 1.0 134.0 0.0 147.0 0.0 
0.0 0.0 65.0 0.0 0.0 0.0 0.0 0.0 1.0 50.0 0.0 0.0 0.0 0.0 0.0 0.0 0.0 0.0 0.0 0.0 0.0 147.0 0.0 96.0 
0.0 190.0 0.0 1.0 0.0 71.0 58.0 0.0 0.0 0.0 0.0 0.0 0.0 0.0 0.0 0.0 49.0 0.0 0.0 0.0 0.0 0.0 96.0 0.0 
