q
181.0 274.0 252.0 314.0 17.0 161.0 443.0 506.0 136.0 151.0 302.0 165.0 3.0 362.0 172.0 120.0 63.0 2.0 527.0 129.0 440.0 380.0 486.0 734.0 
l
0.0 0.0 0.0 0.0 6.0 0.0 49.0 0.0 13.0 0.0 43.0 17.0 0.0 44.0 0.0 0.0 0.0 0.0 0.0 0.0 0.0 0.0 0.0 0.0 
0.0 0.0 0.0 55.0 0.0 43.0 0.0 0.0 0.0 29.0 0.0 0.0 0.0 0.0 0.0 0.0 14.0 0.0 72.0 0.0 0.0 0.0 44.0 0.0 
0.0 0.0 0.0 91.0 0.0 0.0 0.0 62.0 0.0 0.0 0.0 0.0 0.0 0.0 37.0 0.0 0.0 0.0 0.0 0.0 52.0 0.0 0.0 0.0 
0.0 55.0 91.0 0.0 0.0 32.0 0.0 0.0 0.0 0.0 0.0 0.0 1.0 0.0 0.0 0.0 0.0 0.0 81.0 0.0 0.0 41.0 0.0 0.0 
6.0 0.0 0.0 0.0 0.0 0.0 9.0 0.0 0.0 0.0 0.0 1.0 0.0 0.0 0.0 0.0 0.0 0.0 0.0 0.0 0.0 0.0 0.0 0.0 
0.0 43.0 0.0 32.0 0.0 0.0 0.0 0.0 0.0 0.0 0.0 0.0 0.0 0.0 0.0 0.0 9.0 0.0 0.0 0.0 0.0 69.0 0.0 0.0 
49.0 0.0 0.0 0.0 9.0 0.0 0.0 0.0 64.0 0.0 0.0 53.0 0.0 0.0 0.0 0.0 0.0 0.0 0.0 0.0 102.0 0.0 0.0 143.0 
0.0 0.0 62.0 0.0 0.0 0.0 0.0 0.0 0.0 0.0 66.0 0.0 0.0 85.0 47.0 0.0 0.0 0.0 127.0 0.0 0.0 0.0 0.0 100.0 
13.0 0.0 0.0 0.0 0.0 0.0 64.0 0.0 0.0 0.0 0.0 0.0 0.0 47.0 0.0 0.0 0.0 0.0 0.0 0.0 0.0 0.0 0.0 0.0 
0.0 29.0 0.0 0.0 0.0 0.0 0.0 0.0 0.0 0.0 0.0 0.0 0.0 0.0 0.0 8.0 0.0 0.0 57.0 0.0 0.0 0.0 51.0 0.0 
43.0 0.0 0.0 0.0 0.0 0.0 0.0 66.0 0.0 0.0 0.0 54.0 0.0 44.0 0.0 0.0 0.0 0.0 0.0 0.0 0.0 0.0 0.0 84.0 
17.0 0.0 0.0 0.0 1.0 0.0 53.0 0.0 0.0 0.0 54.0 0.0 0.0 0.0 0.0 0.0 0.0 0.0 0.0 30.0 0.0 0.0 0.0 0.0 
0.0 0.0 0.0 1.0 0.0 0.0 0.0 0.0 0.0 0.0 0.0 0.0 0.0 0.0 0.0 0.0 0.0 1.0 0.0 0.0 0.0 1.0 0.0 0.0 
44.0 0.0 0.0 0.0 0.0 0.0 0.0 85.0 47.0 0.0 44.0 0.0 0.0 0.0 41.0 0.0 0.0 0.0 0.0 0.0 75.0 0.0 0.0 0.0 
0.0 0.0 37.0 0.0 0.0 0.0 0.0 47.0 0.0 0.0 0.0 0.0 0.0 41.0 0.0 0.0 0.0 0.0 0.0 0.0 39.0 0.0 0.0 0.0 
0.0 0.0 0.0 0.0 0.0 0.0 0.0 0.0 0.0 8.0 0.0 0.0 0.0 0.0 0.0 0.0 0.0 0.0 61.0 0.0 0.0 0.0 47.0 0.0 
0.0 14.0 0.0 0.0 0.0 9.0 0.0 0.0 0.0 0.0 0.0 0.0 0.0 0.0 0.0 0.0 0.0 0.0 0.0 0.0 0.0 0.0 34.0 0.0 
0.0 0.0 0.0 0.0 0.0 0.0 0.0 0.0 0.0 0.0 0.0 0.0 1.0 0.0 0.0 0.0 0.0 0.0 0.0 0.0 1.0 0.0 0.0 0.0 
0.0 72.0 0.0 81.0 0.0 0.0 0.0 127.0 0.0 57.0 0.0 0.0 0.0 0.0 0.0 61.0 0.0 0.0 0.0 0.0 0.0 0.0 0.0 106.0 
0.0 0.0 0.0 0.0 0.0 0.0 0.0 0.0 0.0 0.0 0.0 30.0 0.0 0.0 0.0 0.0 0.0 0.0 0.0 0.0 0.0 0.0 0.0 92.0 
0.0 0.0 52.0 0.0 0.0 0.0 102.0 0.0 0.0 0.0 0.0 0.0 0.0 75.0 39.0 0.0 0.0 1.0 0.0 0.0 0.0 148.0 0.0 0.0 
0.0 0.0 0.0 41.0 0.0 69.0 0.0 0.0 0.0 0.0 0.0 0.0 1.0 0.0 0.0 0.0 0.0 0.0 0.0 0.0 148.0 0.0 98.0 0.0 
0.0 44.0 0.0 0.0 0.0 0.0 0.0 0.0 0.0 51.0 0.0 0.0 0.0 0.0 0.0 47.0 34.0 0.0 0.0 0.0 0.0 98.0 0.0 181.0 
0.0 0.0 0.0 0.0 0.0 0.0 143.0 100.0 0.0 0.0 84.0 0.0 0.0 0.0 0.0 0.0 0.0 0.0 106.0 92.0 0.0 0.0 181.0 0.0 
