q
225.0 50.0 346.0 262.0 203.0 621.0 146.0 343.0 17.0 309.0 155.0 303.0 319.0 161.0 172.0 110.0 5.0 176.0 443.0 2.0 644.0 568.0 437.0 383.0 
l
0.0 17.0 32.0 0.0 0.0 0.0 40.0 45.0 0.0 0.0 0.0 0.0 0.0 0.0 0.0 12.0 0.0 0.0 0.0 0.0 0.0 69.0 0.0 0.0 
17.0 0.0 0.0 0.0 0.0 0.0 0.0 0.0 0.0 0.0 0.0 0.0 0.0 0.0 0.0 3.0 0.0 0.0 0.0 0.0 0.0 26.0 0.0 0.0 
32.0 0.0 0.0 0.0 76.0 91.0 0.0 41.0 0.0 0.0 0.0 0.0 0.0 0.0 0.0 40.0 0.0 0.0 0.0 0.0 0.0 50.0 0.0 0.0 
0.0 0.0 0.0 0.0 0.0 91.0 0.0 43.0 0.0 0.0 63.0 0.0 0.0 0.0 0.0 0.0 0.0 0.0 0.0 0.0 0.0 0.0 0.0 50.0 
0.0 0.0 76.0 0.0 0.0 0.0 0.0 0.0 0.0 0.0 0.0 47.0 0.0 0.0 0.0 0.0 0.0 0.0 0.0 0.0 63.0 0.0 0.0 0.0 
0.0 0.0 91.0 91.0 0.0 0.0 0.0 98.0 0.0 0.0 0.0 105.0 134.0 0.0 0.0 0.0 0.0 0.0 0.0 0.0 0.0 0.0 0.0 70.0 
40.0 0.0 0.0 0.0 0.0 0.0 0.0 46.0 0.0 0.0 0.0 0.0 0.0 0.0 0.0 0.0 0.0 0.0 0.0 0.0 0.0 0.0 53.0 0.0 
45.0 0.0 41.0 43.0 0.0 98.0 46.0 0.0 0.0 0.0 0.0 0.0 0.0 0.0 0.0 0.0 0.0 0.0 0.0 0.0 0.0 0.0 51.0 0.0 
0.0 0.0 0.0 0.0 0.0 0.0 0.0 0.0 0.0 0.0 0.0 0.0 0.0 0.0 4.0 0.0 0.0 0.0 12.0 0.0 0.0 0.0 0.0 0.0 
0.0 0.0 0.0 0.0 0.0 0.0 0.0 0.0 0.0 0.0 0.0 50.0 50.0 40.0 36.0 0.0 0.0 35.0 0.0 0.0 86.0 0.0 0.0 0.0 
0.0 0.0 0.0 63.0 0.0 0.0 0.0 0.0 0.0 0.0 0.0 0.0 0.0 0.0 0.0 0.0 1.0 0.0 0.0 0.0 0.0 0.0 81.0 0.0 
0.0 0.0 0.0 0.0 47.0 105.0 0.0 0.0 0.0 50.0 0.0 0.0 26.0 0.0 0.0 0.0 0.0 0.0 0.0 0.0 59.0 0.0 0.0 0.0 
0.0 0.0 0.0 0.0 0.0 134.0 0.0 0.0 0.0 50.0 0.0 26.0 0.0 0.0 48.0 0.0 0.0 0.0 47.0 0.0 0.0 0.0 0.0 0.0 
0.0 0.0 0.0 0.0 0.0 0.0 0.0 0.0 0.0 40.0 0.0 0.0 0.0 0.0 16.0 0.0 0.0 29.0 63.0 0.0 0.0 0.0 0.0 0.0 
0.0 0.0 0.0 0.0 0.0 0.0 0.0 0.0 4.0 36.0 0.0 0.0 48.0 16.0 0.0 0.0 0.0 0.0 59.0 0.0 0.0 0.0 0.0 0.0 
12.0 3.0 40.0 0.0 0.0 0.0 0.0 0.0 0.0 0.0 0.0 0.0 0.0 0.0 0.0 0.0 0.0 0.0 0.0 0.0 0.0 50.0 0.0 0.0 
0.0 0.0 0.0 0.0 0.0 0.0 0.0 0.0 0.0 0.0 1.0 0.0 0.0 0.0 0.0 0.0 0.0 0.0 0.0 1.0 0.0 0.0 1.0 0.0 
0.0 0.0 0.0 0.0 0.0 0.0 0.0 0.0 0.0 35.0 0.0 0.0 0.0 29.0 0.0 0.0 0.0 0.0 0.0 0.0 97.0 0.0 0.0 0.0 
0.0 0.0 0.0 0.0 0.0 0.0 0.0 0.0 12.0 0.0 0.0 0.0 47.0 63.0 59.0 0.0 0.0 0.0 0.0 0.0 94.0 0.0 0.0 142.0 
0.0 0.0 0.0 0.0 0.0 0.0 0.0 0.0 0.0 0.0 0.0 0.0 0.0 0.0 0.0 0.0 1.0 0.0 0.0 0.0 0.0 0.0 0.0 1.0 
0.0 0.0 0.0 0.0 63.0 0.0 0.0 0.0 0.0 86.0 0.0 59.0 0.0 0.0 0.0 0.0 0.0 97.0 94.0 0.0 0.0 211.0 0.0 0.0 
69.0 26.0 50.0 0.0 0.0 0.0 0.0 0.0 0.0 0.0 0.0 0.0 0.0 0.0 0.0 50.0 0.0 0.0 0.0 0.0 211.0 0.0 133.0 0.0 
0.0 0.0 0.0 0.0 0.0 0.0 53.0 51.0 0.0 0.0 81.0 0.0 0.0 0.0 0.0 0.0 1.0 0.0 0.0 0.0 0.0 133.0 0.0 97.0 
0.0 0.0 0.0 50.0 0.0 70.0 0.0 0.0 0.0 0.0 0.0 0.0 0.0 0.0 0.0 0.0 0.0 0.0 142.0 1.0 0.0 0.0 97.0 0.0 
