q
183.0 225.0 540.0 123.0 149.0 584.0 225.0 281.0 143.0 2.0 9.0 176.0 195.0 177.0 330.0 135.0 144.0 2.0 320.0 25.0 706.0 559.0 460.0 571.0 
l
0.0 0.0 0.0 0.0 0.0 0.0 61.0 0.0 0.0 0.0 0.0 0.0 0.0 0.0 61.0 0.0 0.0 0.0 0.0 0.0 0.0 0.0 46.0 0.0 
0.0 0.0 75.0 0.0 0.0 0.0 0.0 0.0 13.0 0.0 0.0 0.0 0.0 25.0 30.0 0.0 0.0 0.0 0.0 0.0 0.0 69.0 0.0 0.0 
0.0 75.0 0.0 0.0 56.0 118.0 0.0 0.0 66.0 0.0 0.0 0.0 0.0 0.0 100.0 0.0 0.0 0.0 99.0 0.0 0.0 0.0 0.0 0.0 
0.0 0.0 0.0 0.0 0.0 0.0 16.0 0.0 0.0 0.0 0.0 0.0 0.0 0.0 0.0 0.0 0.0 0.0 43.0 0.0 0.0 0.0 0.0 56.0 
0.0 0.0 56.0 0.0 0.0 61.0 0.0 0.0 0.0 0.0 0.0 0.0 0.0 0.0 0.0 0.0 0.0 0.0 22.0 3.0 0.0 0.0 0.0 0.0 
0.0 0.0 118.0 0.0 61.0 0.0 0.0 0.0 0.0 0.0 0.0 0.0 0.0 0.0 0.0 0.0 0.0 0.0 79.0 14.0 177.0 0.0 0.0 108.0 
61.0 0.0 0.0 16.0 0.0 0.0 0.0 0.0 0.0 0.0 0.0 0.0 0.0 0.0 0.0 0.0 0.0 0.0 59.0 0.0 0.0 0.0 0.0 70.0 
0.0 0.0 0.0 0.0 0.0 0.0 0.0 0.0 0.0 0.0 0.0 48.0 55.0 0.0 0.0 0.0 0.0 0.0 0.0 0.0 0.0 0.0 0.0 154.0 
0.0 13.0 66.0 0.0 0.0 0.0 0.0 0.0 0.0 0.0 0.0 0.0 0.0 0.0 0.0 0.0 0.0 0.0 0.0 0.0 0.0 60.0 0.0 0.0 
0.0 0.0 0.0 0.0 0.0 0.0 0.0 0.0 0.0 0.0 0.0 0.0 0.0 0.0 0.0 0.0 0.0 1.0 0.0 0.0 0.0 0.0 1.0 0.0 
0.0 0.0 0.0 0.0 0.0 0.0 0.0 0.0 0.0 0.0 0.0 1.0 0.0 0.0 0.0 0.0 0.0 0.0 0.0 0.0 8.0 0.0 0.0 0.0 
0.0 0.0 0.0 0.0 0.0 0.0 0.0 48.0 0.0 0.0 1.0 0.0 13.0 0.0 0.0 0.0 0.0 0.0 0.0 0.0 104.0 0.0 0.0 0.0 
0.0 0.0 0.0 0.0 0.0 0.0 0.0 55.0 0.0 0.0 0.0 13.0 0.0 0.0 0.0 0.0 30.0 0.0 0.0 0.0 85.0 0.0 0.0 0.0 
0.0 25.0 0.0 0.0 0.0 0.0 0.0 0.0 0.0 0.0 0.0 0.0 0.0 0.0 40.0 24.0 0.0 0.0 0.0 0.0 0.0 76.0 0.0 0.0 
61.0 30.0 100.0 0.0 0.0 0.0 0.0 0.0 0.0 0.0 0.0 0.0 0.0 40.0 0.0 38.0 0.0 0.0 0.0 0.0 0.0 0.0 48.0 0.0 
0.0 0.0 0.0 0.0 0.0 0.0 0.0 0.0 0.0 0.0 0.0 0.0 0.0 24.0 38.0 0.0 0.0 0.0 0.0 0.0 0.0 0.0 68.0 0.0 
0.0 0.0 0.0 0.0 0.0 0.0 0.0 0.0 0.0 0.0 0.0 0.0 30.0 0.0 0.0 0.0 0.0 0.0 0.0 0.0 100.0 0.0 0.0 0.0 
0.0 0.0 0.0 0.0 0.0 0.0 0.0 0.0 0.0 1.0 0.0 0.0 0.0 0.0 0.0 0.0 0.0 0.0 0.0 0.0 0.0 1.0 0.0 0.0 
0.0 0.0 99.0 43.0 22.0 79.0 59.0 0.0 0.0 0.0 0.0 0.0 0.0 0.0 0.0 0.0 0.0 0.0 0.0 4.0 0.0 0.0 0.0 0.0 
0.0 0.0 0.0 0.0 3.0 14.0 0.0 0.0 0.0 0.0 0.0 0.0 0.0 0.0 0.0 0.0 0.0 0.0 4.0 0.0 0.0 0.0 0.0 0.0 
0.0 0.0 0.0 0.0 0.0 177.0 0.0 0.0 0.0 0.0 8.0 104.0 85.0 0.0 0.0 0.0 100.0 0.0 0.0 0.0 0.0 191.0 0.0 0.0 
0.0 69.0 0.0 0.0 0.0 0.0 0.0 0.0 60.0 0.0 0.0 0.0 0.0 76.0 0.0 0.0 0.0 1.0 0.0 0.0 191.0 0.0 131.0 0.0 
46.0 0.0 0.0 0.0 0.0 0.0 0.0 0.0 0.0 1.0 0.0 0.0 0.0 0.0 48.0 68.0 0.0 0.0 0.0 0.0 0.0 131.0 0.0 144.0 
0.0 0.0 0.0 56.0 0.0 108.0 70.0 154.0 0.0 0.0 0.0 0.0 0.0 0.0 0.0 0.0 0.0 0.0 0.0 0.0 0.0 0.0 144.0 0.0 
