q
154.0 294.0 328.0 152.0 224.0 148.0 46.0 243.0 51.0 261.0 309.0 132.0 447.0 273.0 168.0 577.0 24.0 95.0 1.0 148.0 514.0 611.0 600.0 530.0 
l
0.0 0.0 0.0 0.0 0.0 27.0 0.0 0.0 0.0 0.0 0.0 0.0 50.0 0.0 0.0 56.0 2.0 0.0 0.0 13.0 0.0 0.0 0.0 0.0 
0.0 0.0 37.0 0.0 0.0 0.0 0.0 0.0 0.0 0.0 0.0 0.0 97.0 47.0 0.0 0.0 0.0 0.0 0.0 0.0 0.0 0.0 97.0 0.0 
0.0 37.0 0.0 0.0 0.0 0.0 0.0 0.0 0.0 0.0 73.0 0.0 92.0 50.0 0.0 0.0 0.0 0.0 0.0 0.0 58.0 0.0 0.0 0.0 
0.0 0.0 0.0 0.0 0.0 0.0 0.0 0.0 0.0 0.0 42.0 0.0 0.0 0.0 28.0 0.0 0.0 0.0 0.0 0.0 0.0 77.0 0.0 0.0 
0.0 0.0 0.0 0.0 0.0 0.0 0.0 66.0 0.0 33.0 0.0 13.0 0.0 0.0 0.0 0.0 0.0 0.0 0.0 0.0 0.0 0.0 0.0 98.0 
27.0 0.0 0.0 0.0 0.0 0.0 0.0 0.0 0.0 0.0 0.0 0.0 50.0 0.0 0.0 0.0 0.0 0.0 0.0 0.0 65.0 0.0 0.0 0.0 
0.0 0.0 0.0 0.0 0.0 0.0 0.0 0.0 0.0 10.0 0.0 2.0 0.0 0.0 0.0 0.0 0.0 0.0 0.0 0.0 0.0 0.0 0.0 31.0 
0.0 0.0 0.0 0.0 66.0 0.0 0.0 0.0 0.0 44.0 0.0 0.0 0.0 0.0 0.0 0.0 0.0 0.0 0.0 0.0 0.0 116.0 0.0 0.0 
0.0 0.0 0.0 0.0 0.0 0.0 0.0 0.0 0.0 0.0 0.0 0.0 0.0 14.0 0.0 0.0 0.0 2.0 0.0 0.0 0.0 0.0 31.0 0.0 
0.0 0.0 0.0 0.0 33.0 0.0 10.0 44.0 0.0 0.0 0.0 40.0 0.0 0.0 0.0 0.0 0.0 0.0 0.0 0.0 0.0 0.0 123.0 0.0 
0.0 0.0 73.0 42.0 0.0 0.0 0.0 0.0 0.0 0.0 0.0 0.0 0.0 48.0 48.0 0.0 0.0 17.0 0.0 0.0 0.0 70.0 0.0 0.0 
0.0 0.0 0.0 0.0 13.0 0.0 2.0 0.0 0.0 40.0 0.0 0.0 0.0 0.0 0.0 0.0 0.0 0.0 0.0 0.0 0.0 0.0 0.0 68.0 
50.0 97.0 92.0 0.0 0.0 50.0 0.0 0.0 0.0 0.0 0.0 0.0 0.0 0.0 0.0 80.0 0.0 0.0 0.0 47.0 0.0 0.0 0.0 0.0 
0.0 47.0 50.0 0.0 0.0 0.0 0.0 0.0 14.0 0.0 48.0 0.0 0.0 0.0 0.0 0.0 0.0 25.0 0.0 0.0 0.0 0.0 78.0 0.0 
0.0 0.0 0.0 28.0 0.0 0.0 0.0 0.0 0.0 0.0 48.0 0.0 0.0 0.0 0.0 0.0 0.0 0.0 0.0 0.0 84.0 0.0 0.0 0.0 
56.0 0.0 0.0 0.0 0.0 0.0 0.0 0.0 0.0 0.0 0.0 0.0 80.0 0.0 0.0 0.0 18.0 0.0 0.0 78.0 138.0 0.0 0.0 182.0 
2.0 0.0 0.0 0.0 0.0 0.0 0.0 0.0 0.0 0.0 0.0 0.0 0.0 0.0 0.0 18.0 0.0 0.0 0.0 4.0 0.0 0.0 0.0 0.0 
0.0 0.0 0.0 0.0 0.0 0.0 0.0 0.0 2.0 0.0 17.0 0.0 0.0 25.0 0.0 0.0 0.0 0.0 0.0 0.0 0.0 48.0 0.0 0.0 
0.0 0.0 0.0 0.0 0.0 0.0 0.0 0.0 0.0 0.0 0.0 0.0 0.0 0.0 0.0 0.0 0.0 0.0 0.0 0.0 1.0 0.0 0.0 0.0 
13.0 0.0 0.0 0.0 0.0 0.0 0.0 0.0 0.0 0.0 0.0 0.0 47.0 0.0 0.0 78.0 4.0 0.0 0.0 0.0 0.0 0.0 0.0 0.0 
0.0 0.0 58.0 0.0 0.0 65.0 0.0 0.0 0.0 0.0 0.0 0.0 0.0 0.0 84.0 138.0 0.0 0.0 1.0 0.0 0.0 145.0 0.0 0.0 
0.0 0.0 0.0 77.0 0.0 0.0 0.0 116.0 0.0 0.0 70.0 0.0 0.0 0.0 0.0 0.0 0.0 48.0 0.0 0.0 145.0 0.0 122.0 0.0 
0.0 97.0 0.0 0.0 0.0 0.0 0.0 0.0 31.0 123.0 0.0 0.0 0.0 78.0 0.0 0.0 0.0 0.0 0.0 0.0 0.0 122.0 0.0 114.0 
0.0 0.0 0.0 0.0 98.0 0.0 31.0 0.0 0.0 0.0 0.0 68.0 0.0 0.0 0.0 182.0 0.0 0.0 0.0 0.0 0.0 0.0 114.0 0.0 
