q
234.0 56.0 238.0 152.0 381.0 93.0 14.0 243.0 228.0 163.0 190.0 132.0 373.0 143.0 573.0 7.0 276.0 2.0 328.0 560.0 581.0 551.0 372.0 454.0 
l
0.0 0.0 0.0 47.0 67.0 0.0 0.0 28.0 0.0 0.0 0.0 0.0 0.0 0.0 0.0 0.0 0.0 0.0 0.0 0.0 0.0 0.0 0.0 82.0 
0.0 0.0 0.0 0.0 0.0 13.0 1.0 0.0 0.0 0.0 0.0 0.0 0.0 0.0 0.0 0.0 0.0 0.0 0.0 0.0 0.0 0.0 0.0 37.0 
0.0 0.0 0.0 0.0 0.0 0.0 0.0 0.0 0.0 34.0 0.0 0.0 36.0 0.0 46.0 0.0 31.0 0.0 0.0 81.0 0.0 0.0 0.0 0.0 
47.0 0.0 0.0 0.0 0.0 0.0 0.0 32.0 0.0 0.0 0.0 0.0 0.0 0.0 0.0 0.0 0.0 0.0 0.0 0.0 0.0 0.0 65.0 0.0 
67.0 0.0 0.0 0.0 0.0 0.0 0.0 54.0 0.0 0.0 0.0 0.0 0.0 0.0 0.0 0.0 0.0 0.0 46.0 137.0 0.0 0.0 0.0 56.0 
0.0 13.0 0.0 0.0 0.0 0.0 2.0 0.0 0.0 0.0 0.0 0.0 0.0 0.0 0.0 2.0 0.0 0.0 0.0 0.0 0.0 65.0 0.0 0.0 
0.0 1.0 0.0 0.0 0.0 2.0 0.0 0.0 0.0 0.0 0.0 0.0 0.0 0.0 0.0 0.0 0.0 0.0 0.0 0.0 0.0 0.0 11.0 0.0 
28.0 0.0 0.0 32.0 54.0 0.0 0.0 0.0 0.0 0.0 0.0 0.0 0.0 0.0 0.0 0.0 0.0 0.0 70.0 0.0 0.0 0.0 51.0 0.0 
0.0 0.0 0.0 0.0 0.0 0.0 0.0 0.0 0.0 0.0 0.0 0.0 67.0 0.0 0.0 0.0 0.0 1.0 44.0 44.0 0.0 64.0 0.0 0.0 
0.0 0.0 34.0 0.0 0.0 0.0 0.0 0.0 0.0 0.0 18.0 0.0 0.0 0.0 63.0 0.0 37.0 0.0 0.0 0.0 0.0 0.0 0.0 0.0 
0.0 0.0 0.0 0.0 0.0 0.0 0.0 0.0 0.0 18.0 0.0 31.0 0.0 0.0 84.0 0.0 39.0 0.0 0.0 0.0 0.0 0.0 0.0 0.0 
0.0 0.0 0.0 0.0 0.0 0.0 0.0 0.0 0.0 0.0 31.0 0.0 0.0 0.0 0.0 0.0 0.0 0.0 0.0 0.0 91.0 0.0 0.0 0.0 
0.0 0.0 36.0 0.0 0.0 0.0 0.0 0.0 67.0 0.0 0.0 0.0 0.0 46.0 0.0 0.0 49.0 0.0 0.0 101.0 62.0 0.0 0.0 0.0 
0.0 0.0 0.0 0.0 0.0 0.0 0.0 0.0 0.0 0.0 0.0 0.0 46.0 0.0 0.0 0.0 34.0 0.0 0.0 0.0 59.0 0.0 0.0 0.0 
0.0 0.0 46.0 0.0 0.0 0.0 0.0 0.0 0.0 63.0 84.0 0.0 0.0 0.0 0.0 0.0 0.0 0.0 0.0 85.0 92.0 0.0 0.0 169.0 
0.0 0.0 0.0 0.0 0.0 2.0 0.0 0.0 0.0 0.0 0.0 0.0 0.0 0.0 0.0 0.0 0.0 0.0 0.0 0.0 0.0 0.0 5.0 0.0 
0.0 0.0 31.0 0.0 0.0 0.0 0.0 0.0 0.0 37.0 39.0 0.0 49.0 34.0 0.0 0.0 0.0 0.0 0.0 0.0 70.0 0.0 0.0 0.0 
0.0 0.0 0.0 0.0 0.0 0.0 0.0 0.0 1.0 0.0 0.0 0.0 0.0 0.0 0.0 0.0 0.0 0.0 0.0 0.0 0.0 1.0 0.0 0.0 
0.0 0.0 0.0 0.0 46.0 0.0 0.0 70.0 44.0 0.0 0.0 0.0 0.0 0.0 0.0 0.0 0.0 0.0 0.0 82.0 0.0 75.0 0.0 0.0 
0.0 0.0 81.0 0.0 137.0 0.0 0.0 0.0 44.0 0.0 0.0 0.0 101.0 0.0 85.0 0.0 0.0 0.0 82.0 0.0 0.0 0.0 0.0 0.0 
0.0 0.0 0.0 0.0 0.0 0.0 0.0 0.0 0.0 0.0 0.0 91.0 62.0 59.0 92.0 0.0 70.0 0.0 0.0 0.0 0.0 182.0 0.0 0.0 
0.0 0.0 0.0 0.0 0.0 65.0 0.0 0.0 64.0 0.0 0.0 0.0 0.0 0.0 0.0 0.0 0.0 1.0 75.0 0.0 182.0 0.0 130.0 0.0 
0.0 0.0 0.0 65.0 0.0 0.0 11.0 51.0 0.0 0.0 0.0 0.0 0.0 0.0 0.0 5.0 0.0 0.0 0.0 0.0 0.0 130.0 0.0 92.0 
82.0 37.0 0.0 0.0 56.0 0.0 0.0 0.0 0.0 0.0 0.0 0.0 0.0 0.0 169.0 0.0 0.0 0.0 0.0 0.0 0.0 0.0 92.0 0.0 
