q
31.0 259.0 147.0 289.0 170.0 137.0 314.0 17.0 1.0 383.0 255.0 276.0 125.0 206.0 152.0 225.0 640.0 194.0 345.0 2.0 709.0 443.0 529.0 595.0 
l
0.0 10.0 0.0 0.0 1.0 0.0 0.0 0.0 0.0 0.0 0.0 0.0 0.0 0.0 0.0 0.0 0.0 0.0 0.0 0.0 0.0 0.0 0.0 19.0 
10.0 0.0 0.0 0.0 29.0 0.0 49.0 0.0 0.0 0.0 50.0 0.0 0.0 0.0 0.0 0.0 0.0 0.0 46.0 0.0 0.0 0.0 0.0 63.0 
0.0 0.0 0.0 0.0 0.0 0.0 0.0 0.0 0.0 0.0 0.0 0.0 0.0 38.0 0.0 26.0 0.0 0.0 0.0 0.0 0.0 74.0 0.0 0.0 
0.0 0.0 0.0 0.0 0.0 0.0 73.0 2.0 0.0 73.0 0.0 41.0 41.0 0.0 0.0 0.0 0.0 0.0 0.0 0.0 0.0 0.0 41.0 0.0 
1.0 29.0 0.0 0.0 0.0 0.0 0.0 0.0 0.0 0.0 0.0 0.0 0.0 0.0 0.0 0.0 0.0 49.0 0.0 0.0 0.0 0.0 0.0 79.0 
0.0 0.0 0.0 0.0 0.0 0.0 0.0 0.0 0.0 0.0 34.0 0.0 0.0 0.0 14.0 0.0 64.0 18.0 0.0 0.0 0.0 0.0 0.0 0.0 
0.0 49.0 0.0 73.0 0.0 0.0 0.0 0.0 0.0 51.0 0.0 0.0 0.0 0.0 0.0 0.0 0.0 0.0 53.0 0.0 0.0 0.0 0.0 78.0 
0.0 0.0 0.0 2.0 0.0 0.0 0.0 0.0 0.0 0.0 0.0 7.0 1.0 0.0 0.0 0.0 0.0 0.0 0.0 0.0 0.0 0.0 6.0 0.0 
0.0 0.0 0.0 0.0 0.0 0.0 0.0 0.0 0.0 0.0 0.0 0.0 0.0 0.0 0.0 0.0 0.0 0.0 0.0 0.0 0.0 1.0 0.0 0.0 
0.0 0.0 0.0 73.0 0.0 0.0 51.0 0.0 0.0 0.0 0.0 69.0 0.0 0.0 0.0 0.0 0.0 0.0 54.0 1.0 119.0 0.0 0.0 0.0 
0.0 50.0 0.0 0.0 0.0 34.0 0.0 0.0 0.0 0.0 0.0 0.0 0.0 0.0 0.0 0.0 48.0 31.0 77.0 0.0 0.0 0.0 0.0 0.0 
0.0 0.0 0.0 41.0 0.0 0.0 0.0 7.0 0.0 69.0 0.0 0.0 0.0 0.0 0.0 80.0 0.0 0.0 0.0 0.0 0.0 0.0 68.0 0.0 
0.0 0.0 0.0 41.0 0.0 0.0 0.0 1.0 0.0 0.0 0.0 0.0 0.0 0.0 0.0 0.0 0.0 0.0 0.0 0.0 0.0 0.0 74.0 0.0 
0.0 0.0 38.0 0.0 0.0 0.0 0.0 0.0 0.0 0.0 0.0 0.0 0.0 0.0 0.0 48.0 0.0 0.0 0.0 0.0 105.0 0.0 0.0 0.0 
0.0 0.0 0.0 0.0 0.0 14.0 0.0 0.0 0.0 0.0 0.0 0.0 0.0 0.0 0.0 0.0 108.0 23.0 0.0 0.0 0.0 0.0 0.0 0.0 
0.0 0.0 26.0 0.0 0.0 0.0 0.0 0.0 0.0 0.0 0.0 80.0 0.0 48.0 0.0 0.0 0.0 0.0 0.0 0.0 0.0 61.0 0.0 0.0 
0.0 0.0 0.0 0.0 0.0 64.0 0.0 0.0 0.0 0.0 48.0 0.0 0.0 0.0 108.0 0.0 0.0 65.0 0.0 0.0 191.0 0.0 0.0 136.0 
0.0 0.0 0.0 0.0 49.0 18.0 0.0 0.0 0.0 0.0 31.0 0.0 0.0 0.0 23.0 0.0 65.0 0.0 0.0 0.0 0.0 0.0 0.0 0.0 
0.0 46.0 0.0 0.0 0.0 0.0 53.0 0.0 0.0 54.0 77.0 0.0 0.0 0.0 0.0 0.0 0.0 0.0 0.0 0.0 102.0 0.0 0.0 0.0 
0.0 0.0 0.0 0.0 0.0 0.0 0.0 0.0 0.0 1.0 0.0 0.0 0.0 0.0 0.0 0.0 0.0 0.0 0.0 0.0 1.0 0.0 0.0 0.0 
0.0 0.0 0.0 0.0 0.0 0.0 0.0 0.0 0.0 119.0 0.0 0.0 0.0 105.0 0.0 0.0 191.0 0.0 102.0 1.0 0.0 159.0 0.0 0.0 
0.0 0.0 74.0 0.0 0.0 0.0 0.0 0.0 1.0 0.0 0.0 0.0 0.0 0.0 0.0 61.0 0.0 0.0 0.0 0.0 159.0 0.0 128.0 0.0 
0.0 0.0 0.0 41.0 0.0 0.0 0.0 6.0 0.0 0.0 0.0 68.0 74.0 0.0 0.0 0.0 0.0 0.0 0.0 0.0 0.0 128.0 0.0 192.0 
19.0 63.0 0.0 0.0 79.0 0.0 78.0 0.0 0.0 0.0 0.0 0.0 0.0 0.0 0.0 0.0 136.0 0.0 0.0 0.0 0.0 0.0 192.0 0.0 
