q
308.0 164.0 239.0 216.0 148.0 200.0 262.0 129.0 319.0 90.0 40.0 613.0 14.0 95.0 173.0 354.0 403.0 347.0 196.0 1.0 542.0 347.0 530.0 470.0 
l
0.0 0.0 0.0 56.0 0.0 67.0 0.0 0.0 0.0 0.0 9.0 0.0 0.0 25.0 0.0 0.0 0.0 0.0 0.0 0.0 134.0 0.0 0.0 0.0 
0.0 0.0 0.0 0.0 0.0 0.0 0.0 0.0 0.0 0.0 0.0 0.0 0.0 0.0 0.0 0.0 54.0 31.0 0.0 0.0 0.0 0.0 72.0 0.0 
0.0 0.0 0.0 0.0 0.0 0.0 0.0 0.0 0.0 28.0 0.0 0.0 0.0 0.0 25.0 54.0 0.0 46.0 0.0 0.0 0.0 0.0 76.0 0.0 
56.0 0.0 0.0 0.0 0.0 22.0 0.0 0.0 0.0 0.0 0.0 0.0 0.0 17.0 0.0 0.0 0.0 0.0 0.0 1.0 0.0 0.0 98.0 0.0 
0.0 0.0 0.0 0.0 0.0 0.0 0.0 0.0 46.0 0.0 0.0 61.0 0.0 0.0 0.0 35.0 0.0 0.0 0.0 0.0 0.0 0.0 0.0 0.0 
67.0 0.0 0.0 22.0 0.0 0.0 0.0 0.0 0.0 0.0 0.0 0.0 0.0 0.0 0.0 0.0 0.0 0.0 0.0 0.0 0.0 0.0 0.0 99.0 
0.0 0.0 0.0 0.0 0.0 0.0 0.0 40.0 49.0 0.0 0.0 80.0 5.0 0.0 0.0 0.0 46.0 0.0 29.0 0.0 0.0 0.0 0.0 0.0 
0.0 0.0 0.0 0.0 0.0 0.0 40.0 0.0 0.0 0.0 0.0 0.0 1.0 0.0 0.0 0.0 0.0 0.0 20.0 0.0 62.0 0.0 0.0 0.0 
0.0 0.0 0.0 0.0 46.0 0.0 49.0 0.0 0.0 0.0 0.0 56.0 0.0 0.0 0.0 41.0 64.0 54.0 0.0 0.0 0.0 0.0 0.0 0.0 
0.0 0.0 28.0 0.0 0.0 0.0 0.0 0.0 0.0 0.0 0.0 0.0 0.0 0.0 11.0 0.0 0.0 0.0 0.0 0.0 0.0 0.0 0.0 42.0 
9.0 0.0 0.0 0.0 0.0 0.0 0.0 0.0 0.0 0.0 0.0 0.0 0.0 0.0 0.0 0.0 0.0 0.0 0.0 0.0 0.0 25.0 0.0 0.0 
0.0 0.0 0.0 0.0 61.0 0.0 80.0 0.0 56.0 0.0 0.0 0.0 0.0 0.0 0.0 92.0 0.0 0.0 0.0 0.0 156.0 0.0 0.0 142.0 
0.0 0.0 0.0 0.0 0.0 0.0 5.0 1.0 0.0 0.0 0.0 0.0 0.0 0.0 0.0 0.0 0.0 0.0 0.0 0.0 8.0 0.0 0.0 0.0 
25.0 0.0 0.0 17.0 0.0 0.0 0.0 0.0 0.0 0.0 0.0 0.0 0.0 0.0 0.0 0.0 0.0 0.0 0.0 0.0 0.0 49.0 0.0 0.0 
0.0 0.0 25.0 0.0 0.0 0.0 0.0 0.0 0.0 11.0 0.0 0.0 0.0 0.0 0.0 60.0 0.0 0.0 0.0 0.0 0.0 0.0 0.0 69.0 
0.0 0.0 54.0 0.0 35.0 0.0 0.0 0.0 41.0 0.0 0.0 92.0 0.0 0.0 60.0 0.0 0.0 55.0 0.0 0.0 0.0 0.0 0.0 0.0 
0.0 54.0 0.0 0.0 0.0 0.0 46.0 0.0 64.0 0.0 0.0 0.0 0.0 0.0 0.0 0.0 0.0 70.0 66.0 0.0 0.0 78.0 0.0 0.0 
0.0 31.0 46.0 0.0 0.0 0.0 0.0 0.0 54.0 0.0 0.0 0.0 0.0 0.0 0.0 55.0 70.0 0.0 0.0 0.0 0.0 0.0 76.0 0.0 
0.0 0.0 0.0 0.0 0.0 0.0 29.0 20.0 0.0 0.0 0.0 0.0 0.0 0.0 0.0 0.0 66.0 0.0 0.0 0.0 65.0 0.0 0.0 0.0 
0.0 0.0 0.0 1.0 0.0 0.0 0.0 0.0 0.0 0.0 0.0 0.0 0.0 0.0 0.0 0.0 0.0 0.0 0.0 0.0 0.0 0.0 0.0 0.0 
134.0 0.0 0.0 0.0 0.0 0.0 0.0 62.0 0.0 0.0 0.0 156.0 8.0 0.0 0.0 0.0 0.0 0.0 65.0 0.0 0.0 95.0 0.0 0.0 
0.0 0.0 0.0 0.0 0.0 0.0 0.0 0.0 0.0 0.0 25.0 0.0 0.0 49.0 0.0 0.0 78.0 0.0 0.0 0.0 95.0 0.0 87.0 0.0 
0.0 72.0 76.0 98.0 0.0 0.0 0.0 0.0 0.0 0.0 0.0 0.0 0.0 0.0 0.0 0.0 0.0 76.0 0.0 0.0 0.0 87.0 0.0 93.0 
0.0 0.0 0.0 0.0 0.0 99.0 0.0 0.0 0.0 42.0 0.0 142.0 0.0 0.0 69.0 0.0 0.0 0.0 0.0 0.0 0.0 0.0 93.0 0.0 
