q
160.0 152.0 234.0 154.0 5.0 388.0 634.0 178.0 447.0 154.0 498.0 153.0 1.0 458.0 270.0 204.0 6.0 204.0 286.0 10.0 531.0 403.0 370.0 708.0 
l
0.0 0.0 0.0 0.0 1.0 0.0 0.0 0.0 0.0 0.0 0.0 16.0 0.0 54.0 0.0 30.0 0.0 0.0 0.0 0.0 0.0 0.0 52.0 0.0 
0.0 0.0 29.0 0.0 0.0 0.0 94.0 0.0 0.0 0.0 0.0 0.0 0.0 0.0 0.0 0.0 0.0 20.0 0.0 0.0 0.0 0.0 0.0 0.0 
0.0 29.0 0.0 0.0 0.0 40.0 42.0 0.0 0.0 14.0 71.0 0.0 0.0 0.0 0.0 0.0 0.0 24.0 0.0 0.0 0.0 0.0 0.0 0.0 
0.0 0.0 0.0 0.0 0.0 0.0 0.0 0.0 45.0 0.0 52.0 0.0 0.0 0.0 0.0 0.0 0.0 0.0 0.0 0.0 0.0 0.0 0.0 53.0 
1.0 0.0 0.0 0.0 0.0 0.0 0.0 0.0 0.0 0.0 0.0 0.0 0.0 0.0 0.0 1.0 1.0 0.0 0.0 0.0 0.0 0.0 2.0 0.0 
0.0 0.0 40.0 0.0 0.0 0.0 0.0 56.0 0.0 0.0 103.0 0.0 0.0 0.0 72.0 0.0 0.0 40.0 0.0 0.0 64.0 0.0 0.0 0.0 
0.0 94.0 42.0 0.0 0.0 0.0 0.0 0.0 0.0 71.0 0.0 0.0 0.0 0.0 0.0 0.0 0.0 75.0 0.0 0.0 138.0 0.0 0.0 191.0 
0.0 0.0 0.0 0.0 0.0 56.0 0.0 0.0 0.0 0.0 0.0 0.0 0.0 0.0 0.0 0.0 0.0 31.0 0.0 2.0 76.0 0.0 0.0 0.0 
0.0 0.0 0.0 45.0 0.0 0.0 0.0 0.0 0.0 0.0 90.0 0.0 0.0 87.0 67.0 0.0 0.0 0.0 74.0 0.0 0.0 0.0 0.0 67.0 
0.0 0.0 14.0 0.0 0.0 0.0 71.0 0.0 0.0 0.0 61.0 0.0 0.0 0.0 0.0 0.0 0.0 0.0 0.0 0.0 0.0 0.0 0.0 0.0 
0.0 0.0 71.0 52.0 0.0 103.0 0.0 0.0 90.0 61.0 0.0 0.0 0.0 0.0 0.0 0.0 0.0 0.0 0.0 0.0 0.0 0.0 0.0 103.0 
16.0 0.0 0.0 0.0 0.0 0.0 0.0 0.0 0.0 0.0 0.0 0.0 0.0 66.0 0.0 0.0 0.0 0.0 0.0 0.0 0.0 0.0 67.0 0.0 
0.0 0.0 0.0 0.0 0.0 0.0 0.0 0.0 0.0 0.0 0.0 0.0 0.0 0.0 0.0 0.0 0.0 0.0 0.0 0.0 0.0 1.0 0.0 0.0 
54.0 0.0 0.0 0.0 0.0 0.0 0.0 0.0 87.0 0.0 0.0 66.0 0.0 0.0 0.0 61.0 0.0 0.0 49.0 0.0 0.0 0.0 0.0 126.0 
0.0 0.0 0.0 0.0 0.0 72.0 0.0 0.0 67.0 0.0 0.0 0.0 0.0 0.0 0.0 0.0 0.0 0.0 59.0 0.0 62.0 0.0 0.0 0.0 
30.0 0.0 0.0 0.0 1.0 0.0 0.0 0.0 0.0 0.0 0.0 0.0 0.0 61.0 0.0 0.0 0.0 0.0 36.0 0.0 0.0 69.0 0.0 0.0 
0.0 0.0 0.0 0.0 1.0 0.0 0.0 0.0 0.0 0.0 0.0 0.0 0.0 0.0 0.0 0.0 0.0 0.0 0.0 0.0 0.0 4.0 0.0 0.0 
0.0 20.0 24.0 0.0 0.0 40.0 75.0 31.0 0.0 0.0 0.0 0.0 0.0 0.0 0.0 0.0 0.0 0.0 0.0 2.0 0.0 0.0 0.0 0.0 
0.0 0.0 0.0 0.0 0.0 0.0 0.0 0.0 74.0 0.0 0.0 0.0 0.0 49.0 59.0 36.0 0.0 0.0 0.0 0.0 0.0 56.0 0.0 0.0 
0.0 0.0 0.0 0.0 0.0 0.0 0.0 2.0 0.0 0.0 0.0 0.0 0.0 0.0 0.0 0.0 0.0 2.0 0.0 0.0 6.0 0.0 0.0 0.0 
0.0 0.0 0.0 0.0 0.0 64.0 138.0 76.0 0.0 0.0 0.0 0.0 0.0 0.0 62.0 0.0 0.0 0.0 0.0 6.0 0.0 158.0 0.0 0.0 
0.0 0.0 0.0 0.0 0.0 0.0 0.0 0.0 0.0 0.0 0.0 0.0 1.0 0.0 0.0 69.0 4.0 0.0 56.0 0.0 158.0 0.0 92.0 0.0 
52.0 0.0 0.0 0.0 2.0 0.0 0.0 0.0 0.0 0.0 0.0 67.0 0.0 0.0 0.0 0.0 0.0 0.0 0.0 0.0 0.0 92.0 0.0 140.0 
0.0 0.0 0.0 53.0 0.0 0.0 191.0 0.0 67.0 0.0 103.0 0.0 0.0 126.0 0.0 0.0 0.0 0.0 0.0 0.0 0.0 0.0 140.0 0.0 
