q
439.0 568.0 96.0 646.0 192.0 221.0 156.0 256.0 263.0 153.0 213.0 174.0 113.0 163.0 162.0 45.0 501.0 183.0 1.0 178.0 684.0 287.0 502.0 620.0 
l
0.0 110.0 0.0 0.0 39.0 0.0 49.0 64.0 0.0 0.0 0.0 62.0 0.0 0.0 0.0 0.0 0.0 0.0 0.0 0.0 0.0 0.0 0.0 94.0 
110.0 0.0 0.0 0.0 64.0 0.0 0.0 0.0 0.0 0.0 88.0 0.0 0.0 0.0 66.0 0.0 111.0 0.0 0.0 0.0 0.0 0.0 106.0 0.0 
0.0 0.0 0.0 0.0 0.0 0.0 0.0 0.0 9.0 0.0 0.0 0.0 11.0 0.0 0.0 14.0 0.0 0.0 0.0 0.0 58.0 0.0 0.0 0.0 
0.0 0.0 0.0 0.0 0.0 0.0 59.0 50.0 0.0 0.0 0.0 85.0 0.0 0.0 0.0 0.0 0.0 83.0 0.0 0.0 193.0 0.0 0.0 147.0 
39.0 64.0 0.0 0.0 0.0 0.0 0.0 0.0 0.0 0.0 0.0 0.0 0.0 0.0 15.0 0.0 0.0 0.0 0.0 0.0 0.0 0.0 0.0 64.0 
0.0 0.0 0.0 0.0 0.0 0.0 0.0 0.0 49.0 24.0 0.0 0.0 0.0 34.0 0.0 0.0 0.0 0.0 0.0 15.0 0.0 0.0 84.0 0.0 
49.0 0.0 0.0 59.0 0.0 0.0 0.0 30.0 0.0 0.0 0.0 12.0 0.0 0.0 0.0 0.0 0.0 0.0 0.0 0.0 0.0 0.0 0.0 0.0 
64.0 0.0 0.0 50.0 0.0 0.0 30.0 0.0 0.0 0.0 0.0 0.0 0.0 0.0 0.0 0.0 80.0 22.0 0.0 0.0 0.0 0.0 0.0 0.0 
0.0 0.0 9.0 0.0 0.0 49.0 0.0 0.0 0.0 20.0 0.0 0.0 16.0 0.0 0.0 0.0 0.0 0.0 0.0 43.0 109.0 0.0 0.0 0.0 
0.0 0.0 0.0 0.0 0.0 24.0 0.0 0.0 20.0 0.0 0.0 0.0 0.0 32.0 0.0 0.0 0.0 0.0 0.0 0.0 63.0 0.0 0.0 0.0 
0.0 88.0 0.0 0.0 0.0 0.0 0.0 0.0 0.0 0.0 0.0 0.0 0.0 0.0 0.0 0.0 59.0 0.0 0.0 0.0 0.0 58.0 0.0 0.0 
62.0 0.0 0.0 85.0 0.0 0.0 12.0 0.0 0.0 0.0 0.0 0.0 0.0 0.0 0.0 0.0 0.0 0.0 0.0 0.0 0.0 0.0 0.0 0.0 
0.0 0.0 11.0 0.0 0.0 0.0 0.0 0.0 16.0 0.0 0.0 0.0 0.0 0.0 0.0 10.0 0.0 0.0 0.0 22.0 0.0 45.0 0.0 0.0 
0.0 0.0 0.0 0.0 0.0 34.0 0.0 0.0 0.0 32.0 0.0 0.0 0.0 0.0 0.0 0.0 0.0 0.0 0.0 0.0 0.0 0.0 0.0 87.0 
0.0 66.0 0.0 0.0 15.0 0.0 0.0 0.0 0.0 0.0 0.0 0.0 0.0 0.0 0.0 0.0 0.0 0.0 0.0 0.0 0.0 0.0 0.0 75.0 
0.0 0.0 14.0 0.0 0.0 0.0 0.0 0.0 0.0 0.0 0.0 0.0 10.0 0.0 0.0 0.0 0.0 0.0 0.0 0.0 0.0 18.0 0.0 0.0 
0.0 111.0 0.0 0.0 0.0 0.0 0.0 80.0 0.0 0.0 59.0 0.0 0.0 0.0 0.0 0.0 0.0 72.0 0.0 0.0 154.0 0.0 0.0 0.0 
0.0 0.0 0.0 83.0 0.0 0.0 0.0 22.0 0.0 0.0 0.0 0.0 0.0 0.0 0.0 0.0 72.0 0.0 0.0 0.0 0.0 0.0 0.0 0.0 
0.0 0.0 0.0 0.0 0.0 0.0 0.0 0.0 0.0 0.0 0.0 0.0 0.0 0.0 0.0 0.0 0.0 0.0 0.0 0.0 0.0 1.0 0.0 0.0 
0.0 0.0 0.0 0.0 0.0 15.0 0.0 0.0 43.0 0.0 0.0 0.0 22.0 0.0 0.0 0.0 0.0 0.0 0.0 0.0 0.0 0.0 86.0 0.0 
0.0 0.0 58.0 193.0 0.0 0.0 0.0 0.0 109.0 63.0 0.0 0.0 0.0 0.0 0.0 0.0 154.0 0.0 0.0 0.0 0.0 73.0 0.0 0.0 
0.0 0.0 0.0 0.0 0.0 0.0 0.0 0.0 0.0 0.0 58.0 0.0 45.0 0.0 0.0 18.0 0.0 0.0 1.0 0.0 73.0 0.0 75.0 0.0 
0.0 106.0 0.0 0.0 0.0 84.0 0.0 0.0 0.0 0.0 0.0 0.0 0.0 0.0 0.0 0.0 0.0 0.0 0.0 86.0 0.0 75.0 0.0 120.0 
94.0 0.0 0.0 147.0 64.0 0.0 0.0 0.0 0.0 0.0 0.0 0.0 0.0 87.0 75.0 0.0 0.0 0.0 0.0 0.0 0.0 0.0 120.0 0.0 
