q
261.0 108.0 322.0 34.0 206.0 703.0 355.0 30.0 183.0 654.0 606.0 145.0 309.0 5.0 178.0 373.0 155.0 190.0 6.0 130.0 585.0 513.0 443.0 426.0 
l
0.0 0.0 0.0 0.0 0.0 90.0 62.0 0.0 0.0 0.0 0.0 37.0 0.0 0.0 18.0 0.0 0.0 0.0 0.0 0.0 0.0 0.0 37.0 0.0 
0.0 0.0 0.0 4.0 16.0 0.0 0.0 0.0 0.0 0.0 0.0 0.0 0.0 0.0 0.0 47.0 0.0 0.0 0.0 0.0 0.0 40.0 0.0 0.0 
0.0 0.0 0.0 0.0 0.0 0.0 0.0 0.0 65.0 95.0 77.0 0.0 0.0 0.0 0.0 0.0 31.0 40.0 0.0 0.0 0.0 0.0 0.0 0.0 
0.0 4.0 0.0 0.0 0.0 0.0 0.0 0.0 0.0 0.0 0.0 0.0 0.0 2.0 0.0 9.0 0.0 0.0 0.0 0.0 19.0 0.0 0.0 0.0 
0.0 16.0 0.0 0.0 0.0 97.0 0.0 0.0 0.0 0.0 0.0 0.0 0.0 0.0 0.0 55.0 0.0 0.0 0.0 0.0 0.0 33.0 0.0 0.0 
90.0 0.0 0.0 0.0 97.0 0.0 101.0 0.0 0.0 190.0 0.0 0.0 0.0 0.0 88.0 0.0 0.0 0.0 0.0 0.0 0.0 99.0 0.0 0.0 
62.0 0.0 0.0 0.0 0.0 101.0 0.0 0.0 0.0 0.0 0.0 0.0 72.0 0.0 0.0 0.0 0.0 0.0 0.0 40.0 0.0 0.0 0.0 54.0 
0.0 0.0 0.0 0.0 0.0 0.0 0.0 0.0 0.0 0.0 0.0 0.0 13.0 0.0 0.0 0.0 0.0 0.0 0.0 1.0 0.0 0.0 0.0 14.0 
0.0 0.0 65.0 0.0 0.0 0.0 0.0 0.0 0.0 0.0 0.0 0.0 0.0 0.0 0.0 0.0 0.0 18.0 0.0 0.0 92.0 0.0 0.0 0.0 
0.0 0.0 95.0 0.0 0.0 190.0 0.0 0.0 0.0 0.0 65.0 0.0 87.0 0.0 0.0 126.0 61.0 0.0 0.0 0.0 0.0 0.0 0.0 0.0 
0.0 0.0 77.0 0.0 0.0 0.0 0.0 0.0 0.0 65.0 0.0 0.0 79.0 0.0 0.0 0.0 57.0 0.0 0.0 0.0 134.0 0.0 0.0 171.0 
37.0 0.0 0.0 0.0 0.0 0.0 0.0 0.0 0.0 0.0 0.0 0.0 0.0 0.0 21.0 0.0 0.0 0.0 0.0 0.0 0.0 0.0 79.0 0.0 
0.0 0.0 0.0 0.0 0.0 0.0 72.0 13.0 0.0 87.0 79.0 0.0 0.0 0.0 0.0 0.0 0.0 0.0 0.0 41.0 0.0 0.0 0.0 0.0 
0.0 0.0 0.0 2.0 0.0 0.0 0.0 0.0 0.0 0.0 0.0 0.0 0.0 0.0 0.0 0.0 0.0 0.0 0.0 0.0 0.0 2.0 0.0 0.0 
18.0 0.0 0.0 0.0 0.0 88.0 0.0 0.0 0.0 0.0 0.0 21.0 0.0 0.0 0.0 0.0 0.0 0.0 2.0 0.0 0.0 0.0 37.0 0.0 
0.0 47.0 0.0 9.0 55.0 0.0 0.0 0.0 0.0 126.0 0.0 0.0 0.0 0.0 0.0 0.0 0.0 58.0 0.0 0.0 67.0 0.0 0.0 0.0 
0.0 0.0 31.0 0.0 0.0 0.0 0.0 0.0 0.0 61.0 57.0 0.0 0.0 0.0 0.0 0.0 0.0 0.0 0.0 0.0 0.0 0.0 0.0 0.0 
0.0 0.0 40.0 0.0 0.0 0.0 0.0 0.0 18.0 0.0 0.0 0.0 0.0 0.0 0.0 58.0 0.0 0.0 0.0 0.0 67.0 0.0 0.0 0.0 
0.0 0.0 0.0 0.0 0.0 0.0 0.0 0.0 0.0 0.0 0.0 0.0 0.0 0.0 2.0 0.0 0.0 0.0 0.0 0.0 0.0 0.0 3.0 0.0 
0.0 0.0 0.0 0.0 0.0 0.0 40.0 1.0 0.0 0.0 0.0 0.0 41.0 0.0 0.0 0.0 0.0 0.0 0.0 0.0 0.0 0.0 0.0 41.0 
0.0 0.0 0.0 19.0 0.0 0.0 0.0 0.0 92.0 0.0 134.0 0.0 0.0 0.0 0.0 67.0 0.0 67.0 0.0 0.0 0.0 179.0 0.0 0.0 
0.0 40.0 0.0 0.0 33.0 99.0 0.0 0.0 0.0 0.0 0.0 0.0 0.0 2.0 0.0 0.0 0.0 0.0 0.0 0.0 179.0 0.0 135.0 0.0 
37.0 0.0 0.0 0.0 0.0 0.0 0.0 0.0 0.0 0.0 0.0 79.0 0.0 0.0 37.0 0.0 0.0 0.0 3.0 0.0 0.0 135.0 0.0 119.0 
0.0 0.0 0.0 0.0 0.0 0.0 54.0 14.0 0.0 0.0 171.0 0.0 0.0 0.0 0.0 0.0 0.0 0.0 0.0 41.0 0.0 0.0 119.0 0.0 
