q
421.0 396.0 161.0 108.0 126.0 490.0 198.0 312.0 28.0 530.0 232.0 354.0 138.0 169.0 119.0 152.0 405.0 24.0 32.0 146.0 674.0 416.0 782.0 573.0 
l
0.0 0.0 0.0 0.0 0.0 65.0 72.0 0.0 0.0 0.0 0.0 66.0 0.0 0.0 0.0 0.0 79.0 0.0 0.0 0.0 0.0 0.0 117.0 0.0 
0.0 0.0 0.0 0.0 0.0 99.0 0.0 74.0 0.0 56.0 60.0 61.0 0.0 0.0 0.0 33.0 0.0 0.0 0.0 0.0 0.0 0.0 0.0 0.0 
0.0 0.0 0.0 0.0 0.0 0.0 17.0 0.0 0.0 0.0 0.0 0.0 0.0 25.0 0.0 0.0 49.0 2.0 0.0 0.0 0.0 57.0 0.0 0.0 
0.0 0.0 0.0 0.0 34.0 0.0 0.0 0.0 0.0 0.0 0.0 0.0 0.0 0.0 6.0 0.0 0.0 0.0 2.0 0.0 0.0 0.0 63.0 0.0 
0.0 0.0 0.0 34.0 0.0 0.0 0.0 0.0 0.0 0.0 0.0 0.0 0.0 0.0 0.0 0.0 0.0 0.0 7.0 0.0 82.0 0.0 0.0 0.0 
65.0 99.0 0.0 0.0 0.0 0.0 0.0 0.0 0.0 0.0 0.0 53.0 0.0 0.0 0.0 65.0 95.0 0.0 0.0 0.0 96.0 0.0 0.0 0.0 
72.0 0.0 17.0 0.0 0.0 0.0 0.0 0.0 0.0 0.0 0.0 0.0 0.0 0.0 0.0 0.0 45.0 0.0 0.0 0.0 0.0 52.0 0.0 0.0 
0.0 74.0 0.0 0.0 0.0 0.0 0.0 0.0 7.0 94.0 39.0 0.0 38.0 0.0 0.0 0.0 0.0 0.0 0.0 47.0 0.0 0.0 0.0 0.0 
0.0 0.0 0.0 0.0 0.0 0.0 0.0 7.0 0.0 16.0 0.0 0.0 4.0 0.0 0.0 0.0 0.0 0.0 0.0 0.0 0.0 0.0 0.0 0.0 
0.0 56.0 0.0 0.0 0.0 0.0 0.0 94.0 16.0 0.0 0.0 0.0 0.0 0.0 0.0 48.0 0.0 0.0 0.0 0.0 186.0 0.0 0.0 102.0 
0.0 60.0 0.0 0.0 0.0 0.0 0.0 39.0 0.0 0.0 0.0 65.0 0.0 0.0 0.0 0.0 0.0 0.0 0.0 0.0 0.0 0.0 0.0 59.0 
66.0 61.0 0.0 0.0 0.0 53.0 0.0 0.0 0.0 0.0 65.0 0.0 0.0 0.0 0.0 0.0 0.0 0.0 0.0 0.0 0.0 0.0 93.0 0.0 
0.0 0.0 0.0 0.0 0.0 0.0 0.0 38.0 4.0 0.0 0.0 0.0 0.0 0.0 0.0 0.0 0.0 0.0 0.0 9.0 0.0 0.0 0.0 82.0 
0.0 0.0 25.0 0.0 0.0 0.0 0.0 0.0 0.0 0.0 0.0 0.0 0.0 0.0 0.0 0.0 32.0 3.0 0.0 0.0 94.0 0.0 0.0 0.0 
0.0 0.0 0.0 6.0 0.0 0.0 0.0 0.0 0.0 0.0 0.0 0.0 0.0 0.0 0.0 0.0 0.0 0.0 5.0 0.0 0.0 0.0 98.0 0.0 
0.0 33.0 0.0 0.0 0.0 65.0 0.0 0.0 0.0 48.0 0.0 0.0 0.0 0.0 0.0 0.0 0.0 0.0 0.0 0.0 0.0 0.0 0.0 0.0 
79.0 0.0 49.0 0.0 0.0 95.0 45.0 0.0 0.0 0.0 0.0 0.0 0.0 32.0 0.0 0.0 0.0 0.0 0.0 0.0 82.0 0.0 0.0 0.0 
0.0 0.0 2.0 0.0 0.0 0.0 0.0 0.0 0.0 0.0 0.0 0.0 0.0 3.0 0.0 0.0 0.0 0.0 0.0 0.0 0.0 16.0 0.0 0.0 
0.0 0.0 0.0 2.0 7.0 0.0 0.0 0.0 0.0 0.0 0.0 0.0 0.0 0.0 5.0 0.0 0.0 0.0 0.0 0.0 0.0 16.0 0.0 0.0 
0.0 0.0 0.0 0.0 0.0 0.0 0.0 47.0 0.0 0.0 0.0 0.0 9.0 0.0 0.0 0.0 0.0 0.0 0.0 0.0 0.0 0.0 0.0 84.0 
0.0 0.0 0.0 0.0 82.0 96.0 0.0 0.0 0.0 186.0 0.0 0.0 0.0 94.0 0.0 0.0 82.0 0.0 0.0 0.0 0.0 97.0 0.0 0.0 
0.0 0.0 57.0 0.0 0.0 0.0 52.0 0.0 0.0 0.0 0.0 0.0 0.0 0.0 0.0 0.0 0.0 16.0 16.0 0.0 97.0 0.0 151.0 0.0 
117.0 0.0 0.0 63.0 0.0 0.0 0.0 0.0 0.0 0.0 0.0 93.0 0.0 0.0 98.0 0.0 0.0 0.0 0.0 0.0 0.0 151.0 0.0 214.0 
0.0 0.0 0.0 0.0 0.0 0.0 0.0 0.0 0.0 102.0 59.0 0.0 82.0 0.0 0.0 0.0 0.0 0.0 0.0 84.0 0.0 0.0 214.0 0.0 
