q
19.0 238.0 209.0 647.0 218.0 309.0 253.0 230.0 795.0 148.0 410.0 513.0 139.0 416.0 153.0 439.0 475.0 156.0 5.0 211.0 450.0 12.0 525.0 42.0 
l
0.0 0.0 0.0 0.0 0.0 10.0 0.0 0.0 0.0 5.0 0.0 0.0 0.0 0.0 4.0 0.0 0.0 0.0 0.0 0.0 0.0 0.0 0.0 0.0 
0.0 0.0 0.0 67.0 0.0 0.0 24.0 33.0 0.0 0.0 0.0 0.0 0.0 0.0 0.0 0.0 0.0 0.0 0.0 32.0 0.0 0.0 73.0 0.0 
0.0 0.0 0.0 0.0 0.0 0.0 0.0 0.0 0.0 0.0 0.0 76.0 17.0 39.0 0.0 46.0 0.0 25.0 0.0 0.0 0.0 0.0 0.0 0.0 
0.0 67.0 0.0 0.0 0.0 0.0 0.0 104.0 142.0 0.0 92.0 0.0 0.0 0.0 0.0 0.0 0.0 0.0 0.0 70.0 148.0 0.0 0.0 0.0 
0.0 0.0 0.0 0.0 0.0 0.0 60.0 48.0 0.0 0.0 0.0 0.0 0.0 0.0 0.0 0.0 0.0 0.0 0.0 0.0 103.0 0.0 0.0 0.0 
10.0 0.0 0.0 0.0 0.0 0.0 0.0 0.0 127.0 40.0 35.0 0.0 0.0 0.0 36.0 0.0 42.0 0.0 0.0 0.0 0.0 0.0 0.0 0.0 
0.0 24.0 0.0 0.0 60.0 0.0 0.0 36.0 0.0 0.0 0.0 0.0 0.0 0.0 0.0 0.0 0.0 0.0 0.0 0.0 0.0 0.0 121.0 0.0 
0.0 33.0 0.0 104.0 48.0 0.0 36.0 0.0 0.0 0.0 0.0 0.0 0.0 0.0 0.0 0.0 0.0 0.0 0.0 0.0 0.0 0.0 0.0 0.0 
0.0 0.0 0.0 142.0 0.0 127.0 0.0 0.0 0.0 0.0 90.0 126.0 0.0 0.0 0.0 188.0 91.0 0.0 0.0 0.0 0.0 0.0 0.0 0.0 
5.0 0.0 0.0 0.0 0.0 40.0 0.0 0.0 0.0 0.0 0.0 0.0 0.0 0.0 13.0 0.0 83.0 0.0 0.0 0.0 0.0 0.0 0.0 0.0 
0.0 0.0 0.0 92.0 0.0 35.0 0.0 0.0 90.0 0.0 0.0 0.0 0.0 0.0 87.0 0.0 42.0 0.0 0.0 46.0 0.0 0.0 0.0 0.0 
0.0 0.0 76.0 0.0 0.0 0.0 0.0 0.0 126.0 0.0 0.0 0.0 62.0 81.0 0.0 0.0 0.0 0.0 0.0 0.0 0.0 3.0 145.0 0.0 
0.0 0.0 17.0 0.0 0.0 0.0 0.0 0.0 0.0 0.0 0.0 62.0 0.0 0.0 0.0 56.0 0.0 0.0 0.0 0.0 0.0 0.0 0.0 0.0 
0.0 0.0 39.0 0.0 0.0 0.0 0.0 0.0 0.0 0.0 0.0 81.0 0.0 0.0 0.0 67.0 0.0 58.0 0.0 0.0 146.0 0.0 0.0 0.0 
4.0 0.0 0.0 0.0 0.0 36.0 0.0 0.0 0.0 13.0 87.0 0.0 0.0 0.0 0.0 0.0 0.0 0.0 0.0 0.0 0.0 0.0 0.0 0.0 
0.0 0.0 46.0 0.0 0.0 0.0 0.0 0.0 188.0 0.0 0.0 0.0 56.0 67.0 0.0 0.0 0.0 61.0 0.0 0.0 0.0 0.0 0.0 0.0 
0.0 0.0 0.0 0.0 0.0 42.0 0.0 0.0 91.0 83.0 42.0 0.0 0.0 0.0 0.0 0.0 0.0 0.0 0.0 52.0 0.0 0.0 144.0 0.0 
0.0 0.0 25.0 0.0 0.0 0.0 0.0 0.0 0.0 0.0 0.0 0.0 0.0 58.0 0.0 61.0 0.0 0.0 0.0 0.0 0.0 0.0 0.0 0.0 
0.0 0.0 0.0 0.0 0.0 0.0 0.0 0.0 0.0 0.0 0.0 0.0 0.0 0.0 0.0 0.0 0.0 0.0 0.0 0.0 3.0 0.0 2.0 0.0 
0.0 32.0 0.0 70.0 0.0 0.0 0.0 0.0 0.0 0.0 46.0 0.0 0.0 0.0 0.0 0.0 52.0 0.0 0.0 0.0 0.0 0.0 0.0 0.0 
0.0 0.0 0.0 148.0 103.0 0.0 0.0 0.0 0.0 0.0 0.0 0.0 0.0 146.0 0.0 0.0 0.0 0.0 3.0 0.0 0.0 8.0 0.0 18.0 
0.0 0.0 0.0 0.0 0.0 0.0 0.0 0.0 0.0 0.0 0.0 3.0 0.0 0.0 0.0 0.0 0.0 0.0 0.0 0.0 8.0 0.0 0.0 0.0 
0.0 73.0 0.0 0.0 0.0 0.0 121.0 0.0 0.0 0.0 0.0 145.0 0.0 0.0 0.0 0.0 144.0 0.0 2.0 0.0 0.0 0.0 0.0 18.0 
0.0 0.0 0.0 0.0 0.0 0.0 0.0 0.0 0.0 0.0 0.0 0.0 0.0 0.0 0.0 0.0 0.0 0.0 0.0 0.0 18.0 0.0 18.0 0.0 
