q
6.0 19.0 312.0 247.0 678.0 250.0 372.0 238.0 41.0 179.0 159.0 1.0 165.0 181.0 145.0 454.0 255.0 216.0 224.0 515.0 613.0 763.0 349.0 342.0 
l
0.0 0.0 0.0 0.0 0.0 0.0 0.0 0.0 0.0 2.0 0.0 0.0 0.0 0.0 0.0 0.0 0.0 0.0 0.0 0.0 0.0 0.0 0.0 4.0 
0.0 0.0 0.0 0.0 0.0 0.0 0.0 0.0 0.0 5.0 0.0 0.0 0.0 0.0 0.0 0.0 5.0 0.0 0.0 0.0 0.0 0.0 0.0 9.0 
0.0 0.0 0.0 0.0 0.0 0.0 54.0 32.0 0.0 28.0 0.0 0.0 0.0 0.0 0.0 0.0 58.0 0.0 0.0 0.0 0.0 123.0 0.0 0.0 
0.0 0.0 0.0 0.0 0.0 0.0 0.0 0.0 0.0 0.0 19.0 0.0 0.0 0.0 0.0 87.0 0.0 0.0 0.0 56.0 0.0 0.0 71.0 0.0 
0.0 0.0 0.0 0.0 0.0 0.0 124.0 0.0 0.0 0.0 0.0 0.0 0.0 81.0 86.0 104.0 0.0 0.0 0.0 0.0 114.0 0.0 0.0 140.0 
0.0 0.0 0.0 0.0 0.0 0.0 0.0 0.0 0.0 0.0 0.0 0.0 0.0 30.0 45.0 58.0 0.0 0.0 26.0 0.0 81.0 0.0 0.0 0.0 
0.0 0.0 54.0 0.0 124.0 0.0 0.0 59.0 0.0 0.0 0.0 0.0 0.0 0.0 0.0 0.0 63.0 55.0 0.0 0.0 0.0 0.0 0.0 0.0 
0.0 0.0 32.0 0.0 0.0 0.0 59.0 0.0 0.0 0.0 0.0 0.0 0.0 0.0 0.0 0.0 0.0 47.0 0.0 0.0 0.0 90.0 0.0 0.0 
0.0 0.0 0.0 0.0 0.0 0.0 0.0 0.0 0.0 0.0 0.0 0.0 0.0 0.0 0.0 0.0 18.0 0.0 0.0 0.0 0.0 0.0 0.0 23.0 
2.0 5.0 28.0 0.0 0.0 0.0 0.0 0.0 0.0 0.0 0.0 0.0 0.0 0.0 0.0 0.0 37.0 0.0 0.0 0.0 0.0 97.0 0.0 0.0 
0.0 0.0 0.0 19.0 0.0 0.0 0.0 0.0 0.0 0.0 0.0 0.0 0.0 0.0 0.0 0.0 0.0 0.0 0.0 73.0 0.0 0.0 55.0 0.0 
0.0 0.0 0.0 0.0 0.0 0.0 0.0 0.0 0.0 0.0 0.0 0.0 0.0 0.0 0.0 0.0 0.0 0.0 0.0 0.0 0.0 0.0 1.0 0.0 
0.0 0.0 0.0 0.0 0.0 0.0 0.0 0.0 0.0 0.0 0.0 0.0 0.0 0.0 0.0 0.0 0.0 0.0 16.0 55.0 82.0 0.0 0.0 0.0 
0.0 0.0 0.0 0.0 81.0 30.0 0.0 0.0 0.0 0.0 0.0 0.0 0.0 0.0 9.0 51.0 0.0 0.0 0.0 0.0 0.0 0.0 0.0 0.0 
0.0 0.0 0.0 0.0 86.0 45.0 0.0 0.0 0.0 0.0 0.0 0.0 0.0 9.0 0.0 0.0 0.0 0.0 0.0 0.0 0.0 0.0 0.0 0.0 
0.0 0.0 0.0 87.0 104.0 58.0 0.0 0.0 0.0 0.0 0.0 0.0 0.0 51.0 0.0 0.0 0.0 0.0 46.0 87.0 0.0 0.0 0.0 0.0 
0.0 5.0 58.0 0.0 0.0 0.0 63.0 0.0 18.0 37.0 0.0 0.0 0.0 0.0 0.0 0.0 0.0 0.0 0.0 0.0 0.0 0.0 0.0 66.0 
0.0 0.0 0.0 0.0 0.0 0.0 55.0 47.0 0.0 0.0 0.0 0.0 0.0 0.0 0.0 0.0 0.0 0.0 0.0 0.0 93.0 0.0 0.0 0.0 
0.0 0.0 0.0 0.0 0.0 26.0 0.0 0.0 0.0 0.0 0.0 0.0 16.0 0.0 0.0 46.0 0.0 0.0 0.0 65.0 62.0 0.0 0.0 0.0 
0.0 0.0 0.0 56.0 0.0 0.0 0.0 0.0 0.0 0.0 73.0 0.0 55.0 0.0 0.0 87.0 0.0 0.0 65.0 0.0 0.0 148.0 0.0 0.0 
0.0 0.0 0.0 0.0 114.0 81.0 0.0 0.0 0.0 0.0 0.0 0.0 82.0 0.0 0.0 0.0 0.0 93.0 62.0 0.0 0.0 152.0 0.0 0.0 
0.0 0.0 123.0 0.0 0.0 0.0 0.0 90.0 0.0 97.0 0.0 0.0 0.0 0.0 0.0 0.0 0.0 0.0 0.0 148.0 152.0 0.0 118.0 0.0 
0.0 0.0 0.0 71.0 0.0 0.0 0.0 0.0 0.0 0.0 55.0 1.0 0.0 0.0 0.0 0.0 0.0 0.0 0.0 0.0 0.0 118.0 0.0 87.0 
4.0 9.0 0.0 0.0 140.0 0.0 0.0 0.0 23.0 0.0 0.0 0.0 0.0 0.0 0.0 0.0 66.0 0.0 0.0 0.0 0.0 0.0 87.0 0.0 
