q
198.0 216.0 16.0 162.0 5.0 180.0 179.0 197.0 238.0 320.0 458.0 607.0 1.0 6.0 288.0 426.0 292.0 261.0 148.0 237.0 648.0 649.0 458.0 562.0 
l
0.0 0.0 0.0 0.0 0.0 19.0 0.0 0.0 0.0 0.0 0.0 69.0 0.0 0.0 0.0 0.0 36.0 0.0 0.0 0.0 0.0 0.0 65.0 0.0 
0.0 0.0 0.0 0.0 0.0 0.0 0.0 31.0 0.0 0.0 0.0 0.0 0.0 0.0 0.0 60.0 0.0 22.0 0.0 0.0 0.0 0.0 0.0 88.0 
0.0 0.0 0.0 0.0 0.0 7.0 0.0 0.0 0.0 0.0 0.0 0.0 0.0 0.0 0.0 0.0 0.0 0.0 0.0 0.0 0.0 9.0 0.0 0.0 
0.0 0.0 0.0 0.0 1.0 0.0 0.0 0.0 30.0 0.0 72.0 0.0 0.0 1.0 0.0 0.0 54.0 0.0 0.0 0.0 0.0 0.0 0.0 0.0 
0.0 0.0 0.0 1.0 0.0 0.0 0.0 0.0 1.0 0.0 3.0 0.0 0.0 0.0 0.0 0.0 0.0 0.0 0.0 0.0 0.0 0.0 0.0 0.0 
19.0 0.0 7.0 0.0 0.0 0.0 0.0 0.0 0.0 0.0 0.0 77.0 0.0 0.0 0.0 0.0 0.0 0.0 0.0 0.0 0.0 0.0 70.0 0.0 
0.0 0.0 0.0 0.0 0.0 0.0 0.0 0.0 0.0 34.0 0.0 0.0 0.0 0.0 35.0 0.0 0.0 0.0 14.0 0.0 87.0 0.0 0.0 0.0 
0.0 31.0 0.0 0.0 0.0 0.0 0.0 0.0 0.0 0.0 0.0 0.0 0.0 0.0 0.0 74.0 0.0 0.0 0.0 0.0 0.0 0.0 84.0 0.0 
0.0 0.0 0.0 30.0 1.0 0.0 0.0 0.0 0.0 0.0 71.0 90.0 0.0 0.0 0.0 0.0 0.0 0.0 0.0 32.0 0.0 0.0 0.0 0.0 
0.0 0.0 0.0 0.0 0.0 0.0 34.0 0.0 0.0 0.0 0.0 0.0 0.0 0.0 29.0 69.0 0.0 0.0 53.0 0.0 0.0 115.0 0.0 0.0 
0.0 0.0 0.0 72.0 3.0 0.0 0.0 0.0 71.0 0.0 0.0 0.0 0.0 4.0 0.0 0.0 0.0 0.0 0.0 0.0 154.0 0.0 0.0 130.0 
69.0 0.0 0.0 0.0 0.0 77.0 0.0 0.0 90.0 0.0 0.0 0.0 0.0 0.0 0.0 0.0 91.0 0.0 0.0 82.0 0.0 167.0 0.0 0.0 
0.0 0.0 0.0 0.0 0.0 0.0 0.0 0.0 0.0 0.0 0.0 0.0 0.0 0.0 0.0 0.0 0.0 0.0 0.0 0.0 0.0 0.0 1.0 0.0 
0.0 0.0 0.0 1.0 0.0 0.0 0.0 0.0 0.0 0.0 4.0 0.0 0.0 0.0 0.0 0.0 1.0 0.0 0.0 0.0 0.0 0.0 0.0 0.0 
0.0 0.0 0.0 0.0 0.0 0.0 35.0 0.0 0.0 29.0 0.0 0.0 0.0 0.0 0.0 57.0 0.0 77.0 0.0 0.0 75.0 0.0 0.0 0.0 
0.0 60.0 0.0 0.0 0.0 0.0 0.0 74.0 0.0 69.0 0.0 0.0 0.0 0.0 57.0 0.0 0.0 43.0 0.0 0.0 0.0 101.0 0.0 0.0 
36.0 0.0 0.0 54.0 0.0 0.0 0.0 0.0 0.0 0.0 0.0 91.0 0.0 1.0 0.0 0.0 0.0 0.0 0.0 0.0 0.0 0.0 0.0 97.0 
0.0 22.0 0.0 0.0 0.0 0.0 0.0 0.0 0.0 0.0 0.0 0.0 0.0 0.0 77.0 43.0 0.0 0.0 0.0 0.0 0.0 0.0 0.0 103.0 
0.0 0.0 0.0 0.0 0.0 0.0 14.0 0.0 0.0 53.0 0.0 0.0 0.0 0.0 0.0 0.0 0.0 0.0 0.0 0.0 77.0 0.0 0.0 0.0 
0.0 0.0 0.0 0.0 0.0 0.0 0.0 0.0 32.0 0.0 0.0 82.0 0.0 0.0 0.0 0.0 0.0 0.0 0.0 0.0 106.0 0.0 0.0 0.0 
0.0 0.0 0.0 0.0 0.0 0.0 87.0 0.0 0.0 0.0 154.0 0.0 0.0 0.0 75.0 0.0 0.0 0.0 77.0 106.0 0.0 121.0 0.0 0.0 
0.0 0.0 9.0 0.0 0.0 0.0 0.0 0.0 0.0 115.0 0.0 167.0 0.0 0.0 0.0 101.0 0.0 0.0 0.0 0.0 121.0 0.0 111.0 0.0 
65.0 0.0 0.0 0.0 0.0 70.0 0.0 84.0 0.0 0.0 0.0 0.0 1.0 0.0 0.0 0.0 0.0 0.0 0.0 0.0 0.0 111.0 0.0 112.0 
0.0 88.0 0.0 0.0 0.0 0.0 0.0 0.0 0.0 0.0 130.0 0.0 0.0 0.0 0.0 0.0 97.0 103.0 0.0 0.0 0.0 0.0 112.0 0.0 
