q
187.0 229.0 415.0 354.0 579.0 610.0 83.0 647.0 158.0 125.0 256.0 206.0 178.0 694.0 227.0 506.0 562.0 160.0 574.0 91.0 411.0 
l
0.0 0.0 0.0 0.0 0.0 110.0 17.0 0.0 0.0 0.0 0.0 27.0 0.0 0.0 0.0 0.0 0.0 9.0 0.0 16.0 0.0 
0.0 0.0 0.0 29.0 0.0 0.0 0.0 0.0 0.0 26.0 26.0 0.0 25.0 0.0 34.0 0.0 0.0 0.0 81.0 0.0 0.0 
0.0 0.0 0.0 0.0 0.0 35.0 41.0 0.0 0.0 0.0 0.0 0.0 0.0 0.0 0.0 137.0 0.0 46.0 0.0 58.0 80.0 
0.0 29.0 0.0 0.0 0.0 0.0 0.0 129.0 0.0 51.0 22.0 0.0 38.0 0.0 0.0 0.0 0.0 0.0 63.0 0.0 0.0 
0.0 0.0 0.0 0.0 0.0 0.0 0.0 68.0 45.0 0.0 0.0 0.0 0.0 0.0 0.0 88.0 33.0 0.0 166.0 0.0 155.0 
110.0 0.0 35.0 0.0 0.0 0.0 0.0 0.0 0.0 0.0 0.0 62.0 0.0 213.0 0.0 80.0 0.0 89.0 0.0 0.0 0.0 
17.0 0.0 41.0 0.0 0.0 0.0 0.0 0.0 0.0 0.0 0.0 20.0 0.0 0.0 0.0 0.0 0.0 0.0 0.0 2.0 0.0 
0.0 0.0 0.0 129.0 68.0 0.0 0.0 0.0 48.0 0.0 118.0 0.0 0.0 194.0 0.0 0.0 51.0 0.0 0.0 0.0 0.0 
0.0 0.0 0.0 0.0 45.0 0.0 0.0 48.0 0.0 0.0 0.0 0.0 0.0 62.0 0.0 0.0 0.0 0.0 0.0 0.0 0.0 
0.0 26.0 0.0 51.0 0.0 0.0 0.0 0.0 0.0 0.0 39.0 0.0 0.0 0.0 0.0 0.0 0.0 0.0 0.0 0.0 0.0 
0.0 26.0 0.0 22.0 0.0 0.0 0.0 118.0 0.0 39.0 0.0 0.0 0.0 0.0 36.0 0.0 0.0 0.0 0.0 0.0 0.0 
27.0 0.0 0.0 0.0 0.0 62.0 20.0 0.0 0.0 0.0 0.0 0.0 0.0 0.0 0.0 0.0 0.0 0.0 0.0 0.0 92.0 
0.0 25.0 0.0 38.0 0.0 0.0 0.0 0.0 0.0 0.0 0.0 0.0 0.0 0.0 0.0 0.0 0.0 0.0 99.0 0.0 0.0 
0.0 0.0 0.0 0.0 0.0 213.0 0.0 194.0 62.0 0.0 0.0 0.0 0.0 0.0 0.0 37.0 91.0 0.0 0.0 0.0 69.0 
0.0 34.0 0.0 0.0 0.0 0.0 0.0 0.0 0.0 0.0 36.0 0.0 0.0 0.0 0.0 0.0 105.0 0.0 32.0 0.0 0.0 
0.0 0.0 137.0 0.0 88.0 80.0 0.0 0.0 0.0 0.0 0.0 0.0 0.0 37.0 0.0 0.0 143.0 0.0 0.0 0.0 0.0 
0.0 0.0 0.0 0.0 33.0 0.0 0.0 51.0 0.0 0.0 0.0 0.0 0.0 91.0 105.0 143.0 0.0 0.0 105.0 0.0 0.0 
9.0 0.0 46.0 0.0 0.0 89.0 0.0 0.0 0.0 0.0 0.0 0.0 0.0 0.0 0.0 0.0 0.0 0.0 0.0 11.0 0.0 
0.0 81.0 0.0 63.0 166.0 0.0 0.0 0.0 0.0 0.0 0.0 0.0 99.0 0.0 32.0 0.0 105.0 0.0 0.0 0.0 0.0 
16.0 0.0 58.0 0.0 0.0 0.0 2.0 0.0 0.0 0.0 0.0 0.0 0.0 0.0 0.0 0.0 0.0 11.0 0.0 0.0 0.0 
0.0 0.0 80.0 0.0 155.0 0.0 0.0 0.0 0.0 0.0 0.0 92.0 0.0 69.0 0.0 0.0 0.0 0.0 0.0 0.0 0.0 
