q
206.0 252.0 83.0 369.0 183.0 322.0 171.0 497.0 95.0 15.0 24.0 434.0 329.0 139.0 703.0 143.0 294.0 84.0 111.0 279.0 662.0 672.0 470.0 791.0 
l
0.0 21.0 0.0 0.0 0.0 0.0 31.0 65.0 0.0 4.0 0.0 0.0 0.0 0.0 0.0 0.0 0.0 10.0 0.0 0.0 0.0 0.0 62.0 0.0 
21.0 0.0 0.0 0.0 0.0 0.0 26.0 68.0 0.0 0.0 0.0 0.0 0.0 0.0 0.0 0.0 0.0 0.0 0.0 48.0 0.0 83.0 0.0 0.0 
0.0 0.0 0.0 23.0 0.0 0.0 0.0 0.0 0.0 0.0 0.0 0.0 0.0 0.0 0.0 0.0 0.0 0.0 12.0 0.0 0.0 38.0 0.0 0.0 
0.0 0.0 23.0 0.0 0.0 0.0 0.0 0.0 0.0 0.0 0.0 93.0 73.0 0.0 0.0 0.0 0.0 0.0 35.0 0.0 0.0 126.0 0.0 0.0 
0.0 0.0 0.0 0.0 0.0 32.0 0.0 0.0 0.0 0.0 0.0 0.0 0.0 11.0 74.0 0.0 55.0 0.0 0.0 0.0 0.0 0.0 0.0 0.0 
0.0 0.0 0.0 0.0 32.0 0.0 0.0 0.0 0.0 0.0 0.0 97.0 0.0 28.0 65.0 24.0 52.0 0.0 0.0 0.0 0.0 0.0 0.0 0.0 
31.0 26.0 0.0 0.0 0.0 0.0 0.0 0.0 0.0 5.0 0.0 0.0 0.0 0.0 0.0 0.0 0.0 0.0 0.0 0.0 0.0 99.0 0.0 0.0 
65.0 68.0 0.0 0.0 0.0 0.0 0.0 0.0 43.0 0.0 0.0 0.0 0.0 0.0 0.0 0.0 0.0 29.0 0.0 87.0 0.0 0.0 0.0 180.0 
0.0 0.0 0.0 0.0 0.0 0.0 0.0 43.0 0.0 0.0 0.0 0.0 0.0 0.0 0.0 0.0 0.0 1.0 0.0 0.0 0.0 0.0 45.0 0.0 
4.0 0.0 0.0 0.0 0.0 0.0 5.0 0.0 0.0 0.0 0.0 0.0 0.0 0.0 0.0 0.0 0.0 0.0 0.0 0.0 0.0 0.0 5.0 0.0 
0.0 0.0 0.0 0.0 0.0 0.0 0.0 0.0 0.0 0.0 0.0 7.0 0.0 0.0 0.0 2.0 0.0 0.0 0.0 0.0 14.0 0.0 0.0 0.0 
0.0 0.0 0.0 93.0 0.0 97.0 0.0 0.0 0.0 0.0 7.0 0.0 74.0 0.0 0.0 40.0 0.0 0.0 0.0 0.0 99.0 0.0 0.0 0.0 
0.0 0.0 0.0 73.0 0.0 0.0 0.0 0.0 0.0 0.0 0.0 74.0 0.0 0.0 0.0 0.0 53.0 0.0 0.0 0.0 0.0 0.0 0.0 113.0 
0.0 0.0 0.0 0.0 11.0 28.0 0.0 0.0 0.0 0.0 0.0 0.0 0.0 0.0 91.0 0.0 0.0 0.0 0.0 0.0 0.0 0.0 0.0 0.0 
0.0 0.0 0.0 0.0 74.0 65.0 0.0 0.0 0.0 0.0 0.0 0.0 0.0 91.0 0.0 73.0 0.0 0.0 0.0 0.0 181.0 0.0 0.0 196.0 
0.0 0.0 0.0 0.0 0.0 24.0 0.0 0.0 0.0 0.0 2.0 40.0 0.0 0.0 73.0 0.0 0.0 0.0 0.0 0.0 0.0 0.0 0.0 0.0 
0.0 0.0 0.0 0.0 55.0 52.0 0.0 0.0 0.0 0.0 0.0 0.0 53.0 0.0 0.0 0.0 0.0 0.0 0.0 0.0 0.0 0.0 0.0 115.0 
10.0 0.0 0.0 0.0 0.0 0.0 0.0 29.0 1.0 0.0 0.0 0.0 0.0 0.0 0.0 0.0 0.0 0.0 0.0 0.0 0.0 0.0 38.0 0.0 
0.0 0.0 12.0 35.0 0.0 0.0 0.0 0.0 0.0 0.0 0.0 0.0 0.0 0.0 0.0 0.0 0.0 0.0 0.0 0.0 57.0 0.0 0.0 0.0 
0.0 48.0 0.0 0.0 0.0 0.0 0.0 87.0 0.0 0.0 0.0 0.0 0.0 0.0 0.0 0.0 0.0 0.0 0.0 0.0 126.0 0.0 0.0 0.0 
0.0 0.0 0.0 0.0 0.0 0.0 0.0 0.0 0.0 0.0 14.0 99.0 0.0 0.0 181.0 0.0 0.0 0.0 57.0 126.0 0.0 151.0 0.0 0.0 
0.0 83.0 38.0 126.0 0.0 0.0 99.0 0.0 0.0 0.0 0.0 0.0 0.0 0.0 0.0 0.0 0.0 0.0 0.0 0.0 151.0 0.0 142.0 0.0 
62.0 0.0 0.0 0.0 0.0 0.0 0.0 0.0 45.0 5.0 0.0 0.0 0.0 0.0 0.0 0.0 0.0 38.0 0.0 0.0 0.0 142.0 0.0 152.0 
0.0 0.0 0.0 0.0 0.0 0.0 0.0 180.0 0.0 0.0 0.0 0.0 113.0 0.0 196.0 0.0 115.0 0.0 0.0 0.0 0.0 0.0 152.0 0.0 
