q
296.0 229.0 179.0 48.0 416.0 217.0 1.0 355.0 8.0 203.0 213.0 256.0 58.0 198.0 305.0 489.0 294.0 680.0 139.0 237.0 854.0 863.0 640.0 676.0 
l
0.0 0.0 0.0 0.0 0.0 0.0 0.0 35.0 0.0 0.0 0.0 37.0 0.0 0.0 0.0 80.0 52.0 0.0 0.0 0.0 79.0 0.0 0.0 0.0 
0.0 0.0 0.0 0.0 27.0 0.0 0.0 0.0 0.0 0.0 0.0 0.0 0.0 41.0 0.0 74.0 0.0 0.0 0.0 0.0 0.0 0.0 77.0 0.0 
0.0 0.0 0.0 0.0 0.0 33.0 0.0 0.0 0.0 0.0 0.0 22.0 0.0 0.0 0.0 0.0 0.0 0.0 0.0 0.0 116.0 0.0 0.0 0.0 
0.0 0.0 0.0 0.0 0.0 0.0 0.0 0.0 0.0 0.0 9.0 0.0 0.0 0.0 0.0 0.0 0.0 0.0 5.0 0.0 0.0 0.0 0.0 31.0 
0.0 27.0 0.0 0.0 0.0 0.0 0.0 109.0 3.0 0.0 82.0 0.0 0.0 0.0 0.0 80.0 0.0 0.0 0.0 0.0 0.0 0.0 91.0 0.0 
0.0 0.0 33.0 0.0 0.0 0.0 0.0 0.0 0.0 0.0 0.0 31.0 9.0 0.0 0.0 0.0 35.0 95.0 0.0 0.0 0.0 0.0 0.0 0.0 
0.0 0.0 0.0 0.0 0.0 0.0 0.0 0.0 0.0 0.0 0.0 0.0 0.0 0.0 0.0 0.0 0.0 0.0 0.0 0.0 0.0 1.0 0.0 0.0 
35.0 0.0 0.0 0.0 109.0 0.0 0.0 0.0 0.0 0.0 0.0 0.0 0.0 0.0 0.0 51.0 64.0 74.0 0.0 0.0 0.0 0.0 0.0 0.0 
0.0 0.0 0.0 0.0 3.0 0.0 0.0 0.0 0.0 0.0 0.0 0.0 0.0 0.0 0.0 0.0 0.0 0.0 0.0 0.0 0.0 0.0 0.0 4.0 
0.0 0.0 0.0 0.0 0.0 0.0 0.0 0.0 0.0 0.0 0.0 0.0 0.0 0.0 52.0 0.0 0.0 0.0 0.0 17.0 0.0 125.0 0.0 0.0 
0.0 0.0 0.0 9.0 82.0 0.0 0.0 0.0 0.0 0.0 0.0 0.0 0.0 0.0 0.0 0.0 0.0 0.0 30.0 0.0 0.0 0.0 0.0 82.0 
37.0 0.0 22.0 0.0 0.0 31.0 0.0 0.0 0.0 0.0 0.0 0.0 0.0 0.0 0.0 0.0 39.0 0.0 0.0 0.0 114.0 0.0 0.0 0.0 
0.0 0.0 0.0 0.0 0.0 9.0 0.0 0.0 0.0 0.0 0.0 0.0 0.0 0.0 0.0 0.0 10.0 37.0 0.0 0.0 0.0 0.0 0.0 0.0 
0.0 41.0 0.0 0.0 0.0 0.0 0.0 0.0 0.0 0.0 0.0 0.0 0.0 0.0 0.0 66.0 0.0 0.0 0.0 0.0 0.0 85.0 0.0 0.0 
0.0 0.0 0.0 0.0 0.0 0.0 0.0 0.0 0.0 52.0 0.0 0.0 0.0 0.0 0.0 0.0 0.0 0.0 0.0 67.0 0.0 0.0 0.0 173.0 
80.0 74.0 0.0 0.0 80.0 0.0 0.0 51.0 0.0 0.0 0.0 0.0 0.0 66.0 0.0 0.0 0.0 0.0 0.0 0.0 112.0 0.0 0.0 0.0 
52.0 0.0 0.0 0.0 0.0 35.0 0.0 64.0 0.0 0.0 0.0 39.0 10.0 0.0 0.0 0.0 0.0 77.0 0.0 0.0 0.0 0.0 0.0 0.0 
0.0 0.0 0.0 0.0 0.0 95.0 0.0 74.0 0.0 0.0 0.0 0.0 37.0 0.0 0.0 0.0 77.0 0.0 0.0 0.0 141.0 0.0 0.0 217.0 
0.0 0.0 0.0 5.0 0.0 0.0 0.0 0.0 0.0 0.0 30.0 0.0 0.0 0.0 0.0 0.0 0.0 0.0 0.0 0.0 0.0 0.0 92.0 0.0 
0.0 0.0 0.0 0.0 0.0 0.0 0.0 0.0 0.0 17.0 0.0 0.0 0.0 0.0 67.0 0.0 0.0 0.0 0.0 0.0 0.0 142.0 0.0 0.0 
79.0 0.0 116.0 0.0 0.0 0.0 0.0 0.0 0.0 0.0 0.0 114.0 0.0 0.0 0.0 112.0 0.0 141.0 0.0 0.0 0.0 258.0 0.0 0.0 
0.0 0.0 0.0 0.0 0.0 0.0 1.0 0.0 0.0 125.0 0.0 0.0 0.0 85.0 0.0 0.0 0.0 0.0 0.0 142.0 258.0 0.0 209.0 0.0 
0.0 77.0 0.0 0.0 91.0 0.0 0.0 0.0 0.0 0.0 0.0 0.0 0.0 0.0 0.0 0.0 0.0 0.0 92.0 0.0 0.0 209.0 0.0 132.0 
0.0 0.0 0.0 31.0 0.0 0.0 0.0 0.0 4.0 0.0 82.0 0.0 0.0 0.0 173.0 0.0 0.0 217.0 0.0 0.0 0.0 0.0 132.0 0.0 
