q
132.0 1.0 494.0 190.0 390.0 46.0 231.0 256.0 35.0 214.0 427.0 153.0 298.0 358.0 45.0 848.0 191.0 359.0 284.0 147.0 824.0 748.0 712.0 325.0 
l
0.0 0.0 0.0 0.0 34.0 0.0 0.0 0.0 6.0 0.0 0.0 0.0 0.0 0.0 5.0 0.0 0.0 0.0 7.0 0.0 0.0 74.0 0.0 0.0 
0.0 0.0 0.0 0.0 0.0 0.0 0.0 0.0 0.0 0.0 0.0 0.0 0.0 0.0 0.0 0.0 0.0 0.0 0.0 0.0 0.0 0.0 0.0 1.0 
0.0 0.0 0.0 0.0 0.0 17.0 47.0 101.0 0.0 0.0 0.0 0.0 72.0 0.0 0.0 159.0 0.0 73.0 0.0 0.0 0.0 0.0 0.0 0.0 
0.0 0.0 0.0 0.0 0.0 0.0 0.0 0.0 0.0 0.0 68.0 0.0 0.0 0.0 0.0 0.0 0.0 28.0 0.0 0.0 87.0 0.0 0.0 0.0 
34.0 0.0 0.0 0.0 0.0 0.0 0.0 0.0 6.0 78.0 0.0 0.0 0.0 71.0 0.0 0.0 0.0 0.0 49.0 0.0 0.0 0.0 136.0 0.0 
0.0 0.0 17.0 0.0 0.0 0.0 0.0 4.0 0.0 0.0 0.0 0.0 0.0 0.0 0.0 0.0 0.0 0.0 0.0 0.0 0.0 0.0 0.0 20.0 
0.0 0.0 47.0 0.0 0.0 0.0 0.0 0.0 0.0 0.0 0.0 0.0 28.0 0.0 0.0 96.0 48.0 0.0 0.0 0.0 0.0 0.0 0.0 0.0 
0.0 0.0 101.0 0.0 0.0 4.0 0.0 0.0 0.0 0.0 61.0 0.0 0.0 0.0 0.0 0.0 0.0 0.0 0.0 34.0 0.0 0.0 0.0 43.0 
6.0 0.0 0.0 0.0 6.0 0.0 0.0 0.0 0.0 0.0 0.0 0.0 0.0 0.0 0.0 0.0 0.0 0.0 0.0 0.0 0.0 0.0 23.0 0.0 
0.0 0.0 0.0 0.0 78.0 0.0 0.0 0.0 0.0 0.0 0.0 0.0 0.0 22.0 0.0 105.0 0.0 0.0 0.0 0.0 0.0 0.0 0.0 0.0 
0.0 0.0 0.0 68.0 0.0 0.0 0.0 61.0 0.0 0.0 0.0 0.0 0.0 0.0 0.0 0.0 0.0 93.0 0.0 34.0 0.0 0.0 155.0 0.0 
0.0 0.0 0.0 0.0 0.0 0.0 0.0 0.0 0.0 0.0 0.0 0.0 0.0 0.0 4.0 0.0 0.0 0.0 40.0 0.0 0.0 101.0 0.0 0.0 
0.0 0.0 72.0 0.0 0.0 0.0 28.0 0.0 0.0 0.0 0.0 0.0 0.0 0.0 0.0 0.0 32.0 54.0 0.0 0.0 90.0 0.0 0.0 0.0 
0.0 0.0 0.0 0.0 71.0 0.0 0.0 0.0 0.0 22.0 0.0 0.0 0.0 0.0 0.0 159.0 0.0 0.0 90.0 0.0 0.0 0.0 0.0 0.0 
5.0 0.0 0.0 0.0 0.0 0.0 0.0 0.0 0.0 0.0 0.0 4.0 0.0 0.0 0.0 0.0 0.0 0.0 4.0 0.0 0.0 29.0 0.0 0.0 
0.0 0.0 159.0 0.0 0.0 0.0 96.0 0.0 0.0 105.0 0.0 0.0 0.0 159.0 0.0 0.0 0.0 0.0 0.0 0.0 162.0 0.0 0.0 117.0 
0.0 0.0 0.0 0.0 0.0 0.0 48.0 0.0 0.0 0.0 0.0 0.0 32.0 0.0 0.0 0.0 0.0 0.0 0.0 0.0 97.0 0.0 0.0 0.0 
0.0 0.0 73.0 28.0 0.0 0.0 0.0 0.0 0.0 0.0 93.0 0.0 54.0 0.0 0.0 0.0 0.0 0.0 0.0 0.0 95.0 0.0 0.0 0.0 
7.0 0.0 0.0 0.0 49.0 0.0 0.0 0.0 0.0 0.0 0.0 40.0 0.0 90.0 4.0 0.0 0.0 0.0 0.0 0.0 0.0 85.0 0.0 0.0 
0.0 0.0 0.0 0.0 0.0 0.0 0.0 34.0 0.0 0.0 34.0 0.0 0.0 0.0 0.0 0.0 0.0 0.0 0.0 0.0 0.0 0.0 72.0 0.0 
0.0 0.0 0.0 87.0 0.0 0.0 0.0 0.0 0.0 0.0 0.0 0.0 90.0 0.0 0.0 162.0 97.0 95.0 0.0 0.0 0.0 254.0 0.0 0.0 
74.0 0.0 0.0 0.0 0.0 0.0 0.0 0.0 0.0 0.0 0.0 101.0 0.0 0.0 29.0 0.0 0.0 0.0 85.0 0.0 254.0 0.0 176.0 0.0 
0.0 0.0 0.0 0.0 136.0 0.0 0.0 0.0 23.0 0.0 155.0 0.0 0.0 0.0 0.0 0.0 0.0 0.0 0.0 72.0 0.0 176.0 0.0 122.0 
0.0 1.0 0.0 0.0 0.0 20.0 0.0 43.0 0.0 0.0 0.0 0.0 0.0 0.0 0.0 117.0 0.0 0.0 0.0 0.0 0.0 0.0 122.0 0.0 
