q
180.0 171.0 168.0 2.0 633.0 168.0 43.0 436.0 27.0 516.0 198.0 449.0 295.0 257.0 1.0 188.0 190.0 226.0 419.0 154.0 620.0 803.0 377.0 509.0 
l
0.0 0.0 16.0 0.0 71.0 0.0 0.0 0.0 0.0 0.0 0.0 0.0 0.0 0.0 0.0 0.0 0.0 0.0 32.0 0.0 0.0 0.0 49.0 0.0 
0.0 0.0 0.0 1.0 0.0 0.0 0.0 0.0 0.0 67.0 0.0 67.0 0.0 29.0 0.0 0.0 0.0 0.0 0.0 0.0 0.0 0.0 0.0 0.0 
16.0 0.0 0.0 0.0 0.0 0.0 0.0 0.0 0.0 0.0 0.0 0.0 0.0 0.0 0.0 0.0 0.0 0.0 75.0 0.0 0.0 0.0 65.0 0.0 
0.0 1.0 0.0 0.0 0.0 0.0 0.0 0.0 0.0 1.0 0.0 0.0 0.0 0.0 0.0 0.0 0.0 0.0 0.0 0.0 0.0 0.0 0.0 0.0 
71.0 0.0 0.0 0.0 0.0 0.0 0.0 117.0 0.0 0.0 0.0 101.0 86.0 0.0 0.0 0.0 0.0 0.0 95.0 0.0 0.0 133.0 0.0 0.0 
0.0 0.0 0.0 0.0 0.0 0.0 0.0 0.0 9.0 0.0 14.0 0.0 0.0 0.0 0.0 0.0 0.0 36.0 0.0 0.0 0.0 97.0 0.0 0.0 
0.0 0.0 0.0 0.0 0.0 0.0 0.0 0.0 0.0 0.0 11.0 0.0 0.0 0.0 0.0 0.0 0.0 8.0 0.0 0.0 0.0 0.0 22.0 0.0 
0.0 0.0 0.0 0.0 117.0 0.0 0.0 0.0 0.0 0.0 0.0 59.0 0.0 56.0 0.0 66.0 49.0 0.0 0.0 0.0 70.0 0.0 0.0 0.0 
0.0 0.0 0.0 0.0 0.0 9.0 0.0 0.0 0.0 0.0 0.0 0.0 0.0 0.0 0.0 0.0 0.0 1.0 0.0 0.0 0.0 0.0 0.0 15.0 
0.0 67.0 0.0 1.0 0.0 0.0 0.0 0.0 0.0 0.0 0.0 56.0 0.0 65.0 0.0 0.0 0.0 0.0 0.0 0.0 140.0 0.0 0.0 161.0 
0.0 0.0 0.0 0.0 0.0 14.0 11.0 0.0 0.0 0.0 0.0 0.0 0.0 0.0 0.0 0.0 0.0 47.0 0.0 0.0 0.0 115.0 0.0 0.0 
0.0 67.0 0.0 0.0 101.0 0.0 0.0 59.0 0.0 56.0 0.0 0.0 0.0 47.0 0.0 0.0 0.0 0.0 93.0 0.0 0.0 0.0 0.0 0.0 
0.0 0.0 0.0 0.0 86.0 0.0 0.0 0.0 0.0 0.0 0.0 0.0 0.0 0.0 0.0 44.0 0.0 0.0 0.0 51.0 0.0 97.0 0.0 0.0 
0.0 29.0 0.0 0.0 0.0 0.0 0.0 56.0 0.0 65.0 0.0 47.0 0.0 0.0 0.0 0.0 48.0 0.0 0.0 0.0 0.0 0.0 0.0 0.0 
0.0 0.0 0.0 0.0 0.0 0.0 0.0 0.0 0.0 0.0 0.0 0.0 0.0 0.0 0.0 0.0 0.0 0.0 0.0 0.0 0.0 0.0 1.0 0.0 
0.0 0.0 0.0 0.0 0.0 0.0 0.0 66.0 0.0 0.0 0.0 0.0 44.0 0.0 0.0 0.0 0.0 0.0 0.0 18.0 51.0 0.0 0.0 0.0 
0.0 0.0 0.0 0.0 0.0 0.0 0.0 49.0 0.0 0.0 0.0 0.0 0.0 48.0 0.0 0.0 0.0 0.0 0.0 0.0 80.0 0.0 0.0 0.0 
0.0 0.0 0.0 0.0 0.0 36.0 8.0 0.0 1.0 0.0 47.0 0.0 0.0 0.0 0.0 0.0 0.0 0.0 0.0 0.0 0.0 0.0 0.0 120.0 
32.0 0.0 75.0 0.0 95.0 0.0 0.0 0.0 0.0 0.0 0.0 93.0 0.0 0.0 0.0 0.0 0.0 0.0 0.0 0.0 0.0 0.0 0.0 107.0 
0.0 0.0 0.0 0.0 0.0 0.0 0.0 0.0 0.0 0.0 0.0 0.0 51.0 0.0 0.0 18.0 0.0 0.0 0.0 0.0 79.0 0.0 0.0 0.0 
0.0 0.0 0.0 0.0 0.0 0.0 0.0 70.0 0.0 140.0 0.0 0.0 0.0 0.0 0.0 51.0 80.0 0.0 0.0 79.0 0.0 179.0 0.0 0.0 
0.0 0.0 0.0 0.0 133.0 97.0 0.0 0.0 0.0 0.0 115.0 0.0 97.0 0.0 0.0 0.0 0.0 0.0 0.0 0.0 179.0 0.0 140.0 0.0 
49.0 0.0 65.0 0.0 0.0 0.0 22.0 0.0 0.0 0.0 0.0 0.0 0.0 0.0 1.0 0.0 0.0 0.0 0.0 0.0 0.0 140.0 0.0 76.0 
0.0 0.0 0.0 0.0 0.0 0.0 0.0 0.0 15.0 161.0 0.0 0.0 0.0 0.0 0.0 0.0 0.0 120.0 107.0 0.0 0.0 0.0 76.0 0.0 
