q
389.0 166.0 190.0 266.0 20.0 233.0 217.0 65.0 447.0 225.0 283.0 6.0 124.0 689.0 187.0 469.0 286.0 152.0 523.0 294.0 741.0 635.0 461.0 614.0 
l
0.0 0.0 0.0 0.0 0.0 0.0 0.0 0.0 57.0 0.0 0.0 0.0 0.0 0.0 76.0 0.0 0.0 0.0 79.0 53.0 103.0 0.0 0.0 0.0 
0.0 0.0 0.0 0.0 1.0 0.0 0.0 0.0 57.0 0.0 0.0 0.0 0.0 0.0 0.0 0.0 0.0 0.0 0.0 28.0 0.0 0.0 66.0 0.0 
0.0 0.0 0.0 0.0 0.0 0.0 0.0 0.0 0.0 15.0 0.0 0.0 0.0 70.0 0.0 77.0 0.0 19.0 0.0 0.0 0.0 0.0 0.0 0.0 
0.0 0.0 0.0 0.0 0.0 62.0 41.0 7.0 0.0 0.0 0.0 0.0 20.0 0.0 0.0 0.0 0.0 0.0 0.0 0.0 0.0 113.0 0.0 0.0 
0.0 1.0 0.0 0.0 0.0 0.0 0.0 0.0 0.0 0.0 0.0 0.0 0.0 0.0 0.0 0.0 0.0 0.0 0.0 6.0 0.0 0.0 10.0 0.0 
0.0 0.0 0.0 62.0 0.0 0.0 32.0 0.0 0.0 0.0 0.0 0.0 18.0 103.0 0.0 0.0 0.0 0.0 0.0 0.0 0.0 0.0 0.0 0.0 
0.0 0.0 0.0 41.0 0.0 32.0 0.0 20.0 0.0 0.0 0.0 2.0 0.0 0.0 0.0 0.0 0.0 0.0 0.0 0.0 0.0 0.0 0.0 110.0 
0.0 0.0 0.0 7.0 0.0 0.0 20.0 0.0 0.0 0.0 0.0 0.0 0.0 0.0 0.0 0.0 0.0 0.0 0.0 0.0 0.0 36.0 0.0 0.0 
57.0 57.0 0.0 0.0 0.0 0.0 0.0 0.0 0.0 0.0 0.0 0.0 0.0 0.0 0.0 0.0 76.0 0.0 105.0 59.0 0.0 0.0 72.0 0.0 
0.0 0.0 15.0 0.0 0.0 0.0 0.0 0.0 0.0 0.0 55.0 0.0 0.0 68.0 0.0 55.0 0.0 22.0 0.0 0.0 0.0 0.0 0.0 0.0 
0.0 0.0 0.0 0.0 0.0 0.0 0.0 0.0 0.0 55.0 0.0 0.0 0.0 0.0 0.0 57.0 0.0 0.0 58.0 0.0 95.0 0.0 0.0 0.0 
0.0 0.0 0.0 0.0 0.0 0.0 2.0 0.0 0.0 0.0 0.0 0.0 0.0 0.0 0.0 0.0 0.0 0.0 0.0 0.0 0.0 0.0 4.0 0.0 
0.0 0.0 0.0 20.0 0.0 18.0 0.0 0.0 0.0 0.0 0.0 0.0 0.0 0.0 0.0 0.0 0.0 0.0 0.0 0.0 75.0 0.0 0.0 0.0 
0.0 0.0 70.0 0.0 0.0 103.0 0.0 0.0 0.0 68.0 0.0 0.0 0.0 0.0 0.0 0.0 0.0 101.0 0.0 0.0 174.0 0.0 0.0 132.0 
76.0 0.0 0.0 0.0 0.0 0.0 0.0 0.0 0.0 0.0 0.0 0.0 0.0 0.0 0.0 0.0 0.0 0.0 0.0 26.0 0.0 77.0 0.0 0.0 
0.0 0.0 77.0 0.0 0.0 0.0 0.0 0.0 0.0 55.0 57.0 0.0 0.0 0.0 0.0 0.0 64.0 0.0 101.0 0.0 0.0 0.0 0.0 95.0 
0.0 0.0 0.0 0.0 0.0 0.0 0.0 0.0 76.0 0.0 0.0 0.0 0.0 0.0 0.0 64.0 0.0 0.0 53.0 0.0 0.0 0.0 0.0 83.0 
0.0 0.0 19.0 0.0 0.0 0.0 0.0 0.0 0.0 22.0 0.0 0.0 0.0 101.0 0.0 0.0 0.0 0.0 0.0 0.0 0.0 0.0 0.0 0.0 
79.0 0.0 0.0 0.0 0.0 0.0 0.0 0.0 105.0 0.0 58.0 0.0 0.0 0.0 0.0 101.0 53.0 0.0 0.0 0.0 103.0 0.0 0.0 0.0 
53.0 28.0 0.0 0.0 6.0 0.0 0.0 0.0 59.0 0.0 0.0 0.0 0.0 0.0 26.0 0.0 0.0 0.0 0.0 0.0 0.0 101.0 0.0 0.0 
103.0 0.0 0.0 0.0 0.0 0.0 0.0 0.0 0.0 0.0 95.0 0.0 75.0 174.0 0.0 0.0 0.0 0.0 103.0 0.0 0.0 148.0 0.0 0.0 
0.0 0.0 0.0 113.0 0.0 0.0 0.0 36.0 0.0 0.0 0.0 0.0 0.0 0.0 77.0 0.0 0.0 0.0 0.0 101.0 148.0 0.0 121.0 0.0 
0.0 66.0 0.0 0.0 10.0 0.0 0.0 0.0 72.0 0.0 0.0 4.0 0.0 0.0 0.0 0.0 0.0 0.0 0.0 0.0 0.0 121.0 0.0 162.0 
0.0 0.0 0.0 0.0 0.0 0.0 110.0 0.0 0.0 0.0 0.0 0.0 0.0 132.0 0.0 95.0 83.0 0.0 0.0 0.0 0.0 0.0 162.0 0.0 
