q
1.0 619.0 241.0 294.0 325.0 284.0 210.0 478.0 3.0 159.0 214.0 24.0 228.0 176.0 294.0 231.0 18.0 294.0 195.0 678.0 734.0 569.0 631.0 834.0 
l
0.0 0.0 0.0 0.0 0.0 0.0 0.0 0.0 0.0 0.0 0.0 0.0 0.0 0.0 0.0 0.0 0.0 0.0 0.0 0.0 0.0 0.0 1.0 0.0 
0.0 0.0 87.0 103.0 106.0 83.0 68.0 0.0 0.0 0.0 0.0 0.0 0.0 0.0 0.0 0.0 0.0 0.0 0.0 0.0 143.0 0.0 0.0 0.0 
0.0 87.0 0.0 0.0 15.0 0.0 0.0 0.0 0.0 0.0 0.0 0.0 0.0 26.0 0.0 0.0 0.0 0.0 0.0 0.0 0.0 0.0 0.0 92.0 
0.0 103.0 0.0 0.0 51.0 0.0 0.0 0.0 0.0 0.0 0.0 0.0 0.0 0.0 0.0 0.0 0.0 0.0 0.0 0.0 0.0 0.0 125.0 0.0 
0.0 106.0 15.0 51.0 0.0 0.0 0.0 0.0 0.0 0.0 0.0 0.0 0.0 42.0 0.0 0.0 0.0 0.0 0.0 0.0 0.0 0.0 0.0 97.0 
0.0 83.0 0.0 0.0 0.0 0.0 33.0 110.0 2.0 30.0 0.0 8.0 0.0 0.0 0.0 0.0 0.0 0.0 0.0 0.0 0.0 0.0 0.0 0.0 
0.0 68.0 0.0 0.0 0.0 33.0 0.0 0.0 0.0 19.0 0.0 0.0 0.0 0.0 0.0 0.0 0.0 0.0 0.0 0.0 81.0 0.0 0.0 0.0 
0.0 0.0 0.0 0.0 0.0 110.0 0.0 0.0 1.0 0.0 0.0 12.0 0.0 0.0 99.0 0.0 0.0 0.0 0.0 0.0 78.0 0.0 0.0 154.0 
0.0 0.0 0.0 0.0 0.0 2.0 0.0 1.0 0.0 0.0 0.0 0.0 0.0 0.0 0.0 0.0 0.0 0.0 0.0 0.0 0.0 0.0 0.0 0.0 
0.0 0.0 0.0 0.0 0.0 30.0 19.0 0.0 0.0 0.0 0.0 4.0 0.0 0.0 0.0 0.0 0.0 0.0 0.0 0.0 97.0 0.0 0.0 0.0 
0.0 0.0 0.0 0.0 0.0 0.0 0.0 0.0 0.0 0.0 0.0 0.0 33.0 0.0 0.0 0.0 0.0 0.0 14.0 71.0 0.0 0.0 88.0 0.0 
0.0 0.0 0.0 0.0 0.0 8.0 0.0 12.0 0.0 4.0 0.0 0.0 0.0 0.0 0.0 0.0 0.0 0.0 0.0 0.0 0.0 0.0 0.0 0.0 
0.0 0.0 0.0 0.0 0.0 0.0 0.0 0.0 0.0 0.0 33.0 0.0 0.0 0.0 0.0 0.0 0.0 0.0 0.0 87.0 0.0 99.0 0.0 0.0 
0.0 0.0 26.0 0.0 42.0 0.0 0.0 0.0 0.0 0.0 0.0 0.0 0.0 0.0 0.0 0.0 0.0 0.0 0.0 0.0 0.0 0.0 0.0 96.0 
0.0 0.0 0.0 0.0 0.0 0.0 0.0 99.0 0.0 0.0 0.0 0.0 0.0 0.0 0.0 48.0 0.0 42.0 0.0 99.0 0.0 0.0 0.0 0.0 
0.0 0.0 0.0 0.0 0.0 0.0 0.0 0.0 0.0 0.0 0.0 0.0 0.0 0.0 48.0 0.0 11.0 49.0 0.0 0.0 113.0 0.0 0.0 0.0 
0.0 0.0 0.0 0.0 0.0 0.0 0.0 0.0 0.0 0.0 0.0 0.0 0.0 0.0 0.0 11.0 0.0 3.0 0.0 0.0 0.0 4.0 0.0 0.0 
0.0 0.0 0.0 0.0 0.0 0.0 0.0 0.0 0.0 0.0 0.0 0.0 0.0 0.0 42.0 49.0 3.0 0.0 0.0 96.0 0.0 86.0 0.0 0.0 
0.0 0.0 0.0 0.0 0.0 0.0 0.0 0.0 0.0 0.0 14.0 0.0 0.0 0.0 0.0 0.0 0.0 0.0 0.0 84.0 0.0 0.0 87.0 0.0 
0.0 0.0 0.0 0.0 0.0 0.0 0.0 0.0 0.0 0.0 71.0 0.0 87.0 0.0 99.0 0.0 0.0 96.0 84.0 0.0 0.0 0.0 0.0 207.0 
0.0 143.0 0.0 0.0 0.0 0.0 81.0 78.0 0.0 97.0 0.0 0.0 0.0 0.0 0.0 113.0 0.0 0.0 0.0 0.0 0.0 189.0 0.0 0.0 
0.0 0.0 0.0 0.0 0.0 0.0 0.0 0.0 0.0 0.0 0.0 0.0 99.0 0.0 0.0 0.0 4.0 86.0 0.0 0.0 189.0 0.0 159.0 0.0 
1.0 0.0 0.0 125.0 0.0 0.0 0.0 0.0 0.0 0.0 88.0 0.0 0.0 0.0 0.0 0.0 0.0 0.0 87.0 0.0 0.0 159.0 0.0 137.0 
0.0 0.0 92.0 0.0 97.0 0.0 0.0 154.0 0.0 0.0 0.0 0.0 0.0 96.0 0.0 0.0 0.0 0.0 0.0 207.0 0.0 0.0 137.0 0.0 
