q
195.0 137.0 825.0 178.0 260.0 314.0 185.0 208.0 201.0 11.0 268.0 1.0 291.0 71.0 174.0 470.0 1.0 486.0 666.0 213.0 724.0 426.0 518.0 679.0 
l
0.0 14.0 0.0 0.0 33.0 0.0 27.0 0.0 0.0 0.0 0.0 0.0 0.0 0.0 0.0 0.0 0.0 0.0 85.0 22.0 0.0 0.0 0.0 0.0 
14.0 0.0 0.0 0.0 0.0 0.0 16.0 0.0 0.0 0.0 0.0 0.0 0.0 11.0 0.0 0.0 0.0 0.0 87.0 0.0 0.0 0.0 0.0 0.0 
0.0 0.0 0.0 0.0 0.0 96.0 0.0 0.0 0.0 0.0 100.0 0.0 74.0 0.0 0.0 144.0 0.0 207.0 0.0 0.0 160.0 0.0 0.0 0.0 
0.0 0.0 0.0 0.0 0.0 0.0 0.0 0.0 34.0 2.0 0.0 0.0 0.0 0.0 0.0 0.0 0.0 66.0 0.0 0.0 0.0 65.0 0.0 0.0 
33.0 0.0 0.0 0.0 0.0 0.0 21.0 0.0 0.0 0.0 0.0 0.0 0.0 0.0 0.0 73.0 0.0 0.0 0.0 29.0 89.0 0.0 0.0 0.0 
0.0 0.0 96.0 0.0 0.0 0.0 0.0 0.0 0.0 0.0 65.0 0.0 24.0 0.0 37.0 0.0 0.0 0.0 0.0 0.0 0.0 0.0 0.0 69.0 
27.0 16.0 0.0 0.0 21.0 0.0 0.0 0.0 0.0 0.0 0.0 0.0 0.0 8.0 0.0 0.0 0.0 0.0 0.0 0.0 103.0 0.0 0.0 0.0 
0.0 0.0 0.0 0.0 0.0 0.0 0.0 0.0 17.0 0.0 46.0 0.0 0.0 0.0 0.0 0.0 0.0 67.0 0.0 0.0 0.0 0.0 66.0 0.0 
0.0 0.0 0.0 34.0 0.0 0.0 0.0 17.0 0.0 0.0 0.0 0.0 0.0 0.0 0.0 0.0 0.0 62.0 0.0 0.0 0.0 0.0 85.0 0.0 
0.0 0.0 0.0 2.0 0.0 0.0 0.0 0.0 0.0 0.0 0.0 0.0 0.0 0.0 0.0 0.0 0.0 4.0 0.0 0.0 0.0 5.0 0.0 0.0 
0.0 0.0 100.0 0.0 0.0 65.0 0.0 46.0 0.0 0.0 0.0 0.0 0.0 0.0 0.0 0.0 0.0 0.0 0.0 0.0 0.0 0.0 46.0 0.0 
0.0 0.0 0.0 0.0 0.0 0.0 0.0 0.0 0.0 0.0 0.0 0.0 0.0 0.0 0.0 0.0 0.0 0.0 0.0 0.0 0.0 0.0 1.0 0.0 
0.0 0.0 74.0 0.0 0.0 24.0 0.0 0.0 0.0 0.0 0.0 0.0 0.0 0.0 36.0 83.0 0.0 0.0 0.0 0.0 0.0 0.0 0.0 59.0 
0.0 11.0 0.0 0.0 0.0 0.0 8.0 0.0 0.0 0.0 0.0 0.0 0.0 0.0 0.0 0.0 0.0 0.0 0.0 0.0 51.0 0.0 0.0 0.0 
0.0 0.0 0.0 0.0 0.0 37.0 0.0 0.0 0.0 0.0 0.0 0.0 36.0 0.0 0.0 0.0 0.0 0.0 0.0 0.0 0.0 0.0 0.0 85.0 
0.0 0.0 144.0 0.0 73.0 0.0 0.0 0.0 0.0 0.0 0.0 0.0 83.0 0.0 0.0 0.0 0.0 0.0 61.0 88.0 0.0 0.0 0.0 0.0 
0.0 0.0 0.0 0.0 0.0 0.0 0.0 0.0 0.0 0.0 0.0 0.0 0.0 0.0 0.0 0.0 0.0 0.0 0.0 0.0 0.0 1.0 0.0 0.0 
0.0 0.0 207.0 66.0 0.0 0.0 0.0 67.0 62.0 4.0 0.0 0.0 0.0 0.0 0.0 0.0 0.0 0.0 0.0 0.0 0.0 52.0 0.0 0.0 
85.0 87.0 0.0 0.0 0.0 0.0 0.0 0.0 0.0 0.0 0.0 0.0 0.0 0.0 0.0 61.0 0.0 0.0 0.0 58.0 114.0 0.0 0.0 221.0 
22.0 0.0 0.0 0.0 29.0 0.0 0.0 0.0 0.0 0.0 0.0 0.0 0.0 0.0 0.0 88.0 0.0 0.0 58.0 0.0 0.0 0.0 0.0 0.0 
0.0 0.0 160.0 0.0 89.0 0.0 103.0 0.0 0.0 0.0 0.0 0.0 0.0 51.0 0.0 0.0 0.0 0.0 114.0 0.0 0.0 177.0 0.0 0.0 
0.0 0.0 0.0 65.0 0.0 0.0 0.0 0.0 0.0 5.0 0.0 0.0 0.0 0.0 0.0 0.0 1.0 52.0 0.0 0.0 177.0 0.0 92.0 0.0 
0.0 0.0 0.0 0.0 0.0 0.0 0.0 66.0 85.0 0.0 46.0 1.0 0.0 0.0 0.0 0.0 0.0 0.0 0.0 0.0 0.0 92.0 0.0 195.0 
0.0 0.0 0.0 0.0 0.0 69.0 0.0 0.0 0.0 0.0 0.0 0.0 59.0 0.0 85.0 0.0 0.0 0.0 221.0 0.0 0.0 0.0 195.0 0.0 
