q
2.0 279.0 5.0 658.0 585.0 396.0 246.0 271.0 362.0 187.0 261.0 237.0 215.0 1.0 339.0 3.0 208.0 394.0 222.0 614.0 904.0 679.0 712.0 464.0 
l
0.0 0.0 0.0 2.0 0.0 0.0 0.0 0.0 0.0 0.0 0.0 0.0 0.0 0.0 0.0 0.0 0.0 0.0 0.0 0.0 0.0 0.0 0.0 0.0 
0.0 0.0 0.0 0.0 0.0 89.0 34.0 0.0 0.0 0.0 0.0 0.0 0.0 0.0 0.0 2.0 0.0 0.0 0.0 79.0 0.0 0.0 0.0 60.0 
0.0 0.0 0.0 0.0 0.0 0.0 0.0 0.0 1.0 0.0 0.0 0.0 0.0 0.0 0.0 0.0 0.0 0.0 0.0 0.0 0.0 4.0 0.0 0.0 
2.0 0.0 0.0 0.0 181.0 0.0 0.0 0.0 0.0 88.0 0.0 97.0 0.0 0.0 0.0 0.0 0.0 0.0 0.0 0.0 141.0 0.0 0.0 119.0 
0.0 0.0 0.0 181.0 0.0 0.0 0.0 71.0 62.0 0.0 0.0 0.0 71.0 0.0 79.0 0.0 0.0 0.0 94.0 0.0 0.0 0.0 0.0 0.0 
0.0 89.0 0.0 0.0 0.0 0.0 0.0 0.0 0.0 0.0 59.0 0.0 0.0 0.0 0.0 0.0 0.0 90.0 0.0 0.0 0.0 0.0 136.0 0.0 
0.0 34.0 0.0 0.0 0.0 0.0 0.0 0.0 0.0 0.0 0.0 36.0 0.0 0.0 0.0 0.0 0.0 0.0 0.0 78.0 0.0 0.0 0.0 84.0 
0.0 0.0 0.0 0.0 71.0 0.0 0.0 0.0 0.0 0.0 0.0 0.0 0.0 0.0 64.0 0.0 0.0 0.0 15.0 0.0 0.0 0.0 107.0 0.0 
0.0 0.0 1.0 0.0 62.0 0.0 0.0 0.0 0.0 0.0 0.0 0.0 26.0 0.0 52.0 0.0 63.0 0.0 0.0 0.0 144.0 0.0 0.0 0.0 
0.0 0.0 0.0 88.0 0.0 0.0 0.0 0.0 0.0 0.0 0.0 19.0 0.0 0.0 0.0 0.0 0.0 0.0 0.0 73.0 0.0 0.0 0.0 0.0 
0.0 0.0 0.0 0.0 0.0 59.0 0.0 0.0 0.0 0.0 0.0 0.0 0.0 0.0 0.0 0.0 0.0 73.0 0.0 0.0 0.0 116.0 0.0 0.0 
0.0 0.0 0.0 97.0 0.0 0.0 36.0 0.0 0.0 19.0 0.0 0.0 0.0 0.0 0.0 0.0 0.0 0.0 0.0 70.0 0.0 0.0 0.0 0.0 
0.0 0.0 0.0 0.0 71.0 0.0 0.0 0.0 26.0 0.0 0.0 0.0 0.0 0.0 0.0 0.0 0.0 0.0 0.0 0.0 105.0 0.0 0.0 0.0 
0.0 0.0 0.0 0.0 0.0 0.0 0.0 0.0 0.0 0.0 0.0 0.0 0.0 0.0 0.0 0.0 0.0 0.0 0.0 0.0 0.0 0.0 0.0 1.0 
0.0 0.0 0.0 0.0 79.0 0.0 0.0 64.0 52.0 0.0 0.0 0.0 0.0 0.0 0.0 0.0 35.0 0.0 0.0 0.0 0.0 90.0 0.0 0.0 
0.0 2.0 0.0 0.0 0.0 0.0 0.0 0.0 0.0 0.0 0.0 0.0 0.0 0.0 0.0 0.0 0.0 0.0 0.0 0.0 0.0 0.0 0.0 1.0 
0.0 0.0 0.0 0.0 0.0 0.0 0.0 0.0 63.0 0.0 0.0 0.0 0.0 0.0 35.0 0.0 0.0 0.0 0.0 0.0 0.0 98.0 0.0 0.0 
0.0 0.0 0.0 0.0 0.0 90.0 0.0 0.0 0.0 0.0 73.0 0.0 0.0 0.0 0.0 0.0 0.0 0.0 0.0 95.0 116.0 0.0 0.0 0.0 
0.0 0.0 0.0 0.0 94.0 0.0 0.0 15.0 0.0 0.0 0.0 0.0 0.0 0.0 0.0 0.0 0.0 0.0 0.0 0.0 0.0 0.0 103.0 0.0 
0.0 79.0 0.0 0.0 0.0 0.0 78.0 0.0 0.0 73.0 0.0 70.0 0.0 0.0 0.0 0.0 0.0 95.0 0.0 0.0 188.0 0.0 0.0 0.0 
0.0 0.0 0.0 141.0 0.0 0.0 0.0 0.0 144.0 0.0 0.0 0.0 105.0 0.0 0.0 0.0 0.0 116.0 0.0 188.0 0.0 177.0 0.0 0.0 
0.0 0.0 4.0 0.0 0.0 0.0 0.0 0.0 0.0 0.0 116.0 0.0 0.0 0.0 90.0 0.0 98.0 0.0 0.0 0.0 177.0 0.0 155.0 0.0 
0.0 0.0 0.0 0.0 0.0 136.0 0.0 107.0 0.0 0.0 0.0 0.0 0.0 0.0 0.0 0.0 0.0 0.0 103.0 0.0 0.0 155.0 0.0 171.0 
0.0 60.0 0.0 119.0 0.0 0.0 84.0 0.0 0.0 0.0 0.0 0.0 0.0 1.0 0.0 1.0 0.0 0.0 0.0 0.0 0.0 0.0 171.0 0.0 
