q
613.0 177.0 213.0 281.0 246.0 244.0 1.0 13.0 507.0 242.0 184.0 334.0 2.0 497.0 560.0 837.0 326.0 153.0 1.0 294.0 582.0 657.0 536.0 818.0 
l
0.0 56.0 0.0 0.0 70.0 0.0 0.0 0.0 0.0 0.0 0.0 114.0 0.0 119.0 149.0 0.0 0.0 0.0 0.0 0.0 70.0 0.0 0.0 0.0 
56.0 0.0 0.0 0.0 0.0 0.0 0.0 0.0 0.0 0.0 0.0 45.0 0.0 0.0 0.0 0.0 0.0 0.0 0.0 0.0 69.0 0.0 0.0 0.0 
0.0 0.0 0.0 0.0 46.0 0.0 0.0 4.0 0.0 0.0 0.0 0.0 0.0 42.0 0.0 98.0 0.0 10.0 0.0 0.0 0.0 0.0 0.0 0.0 
0.0 0.0 0.0 0.0 0.0 104.0 0.0 0.0 0.0 0.0 0.0 0.0 0.0 0.0 0.0 0.0 0.0 0.0 0.0 0.0 0.0 0.0 0.0 158.0 
70.0 0.0 46.0 0.0 0.0 0.0 0.0 0.0 0.0 0.0 0.0 0.0 0.0 55.0 0.0 0.0 0.0 0.0 0.0 0.0 65.0 0.0 0.0 0.0 
0.0 0.0 0.0 104.0 0.0 0.0 0.0 0.0 0.0 0.0 0.0 0.0 0.0 0.0 0.0 0.0 0.0 0.0 0.0 0.0 0.0 126.0 0.0 0.0 
0.0 0.0 0.0 0.0 0.0 0.0 0.0 0.0 0.0 0.0 0.0 0.0 0.0 0.0 0.0 0.0 0.0 0.0 0.0 0.0 0.0 0.0 1.0 0.0 
0.0 0.0 4.0 0.0 0.0 0.0 0.0 0.0 0.0 0.0 0.0 0.0 0.0 0.0 0.0 0.0 0.0 0.0 0.0 0.0 7.0 0.0 0.0 0.0 
0.0 0.0 0.0 0.0 0.0 0.0 0.0 0.0 0.0 0.0 0.0 0.0 0.0 111.0 107.0 108.0 100.0 0.0 0.0 55.0 0.0 0.0 0.0 0.0 
0.0 0.0 0.0 0.0 0.0 0.0 0.0 0.0 0.0 0.0 0.0 56.0 0.0 0.0 95.0 0.0 0.0 0.0 0.0 0.0 0.0 81.0 0.0 0.0 
0.0 0.0 0.0 0.0 0.0 0.0 0.0 0.0 0.0 0.0 0.0 0.0 0.0 0.0 0.0 0.0 55.0 0.0 0.0 0.0 0.0 0.0 0.0 118.0 
114.0 45.0 0.0 0.0 0.0 0.0 0.0 0.0 0.0 56.0 0.0 0.0 1.0 0.0 0.0 0.0 0.0 0.0 0.0 0.0 0.0 100.0 0.0 0.0 
0.0 0.0 0.0 0.0 0.0 0.0 0.0 0.0 0.0 0.0 0.0 1.0 0.0 0.0 0.0 0.0 0.0 0.0 0.0 0.0 0.0 1.0 0.0 0.0 
119.0 0.0 42.0 0.0 55.0 0.0 0.0 0.0 111.0 0.0 0.0 0.0 0.0 0.0 0.0 83.0 0.0 54.0 0.0 0.0 0.0 0.0 0.0 0.0 
149.0 0.0 0.0 0.0 0.0 0.0 0.0 0.0 107.0 95.0 0.0 0.0 0.0 0.0 0.0 0.0 0.0 0.0 0.0 79.0 0.0 0.0 108.0 0.0 
0.0 0.0 98.0 0.0 0.0 0.0 0.0 0.0 108.0 0.0 0.0 0.0 0.0 83.0 0.0 0.0 0.0 81.0 0.0 0.0 185.0 0.0 0.0 236.0 
0.0 0.0 0.0 0.0 0.0 0.0 0.0 0.0 100.0 0.0 55.0 0.0 0.0 0.0 0.0 0.0 0.0 0.0 0.0 72.0 0.0 0.0 0.0 83.0 
0.0 0.0 10.0 0.0 0.0 0.0 0.0 0.0 0.0 0.0 0.0 0.0 0.0 54.0 0.0 81.0 0.0 0.0 0.0 0.0 0.0 0.0 0.0 0.0 
0.0 0.0 0.0 0.0 0.0 0.0 0.0 0.0 0.0 0.0 0.0 0.0 0.0 0.0 0.0 0.0 0.0 0.0 0.0 0.0 0.0 0.0 0.0 1.0 
0.0 0.0 0.0 0.0 0.0 0.0 0.0 0.0 55.0 0.0 0.0 0.0 0.0 0.0 79.0 0.0 72.0 0.0 0.0 0.0 0.0 0.0 74.0 0.0 
70.0 69.0 0.0 0.0 65.0 0.0 0.0 7.0 0.0 0.0 0.0 0.0 0.0 0.0 0.0 185.0 0.0 0.0 0.0 0.0 0.0 160.0 0.0 0.0 
0.0 0.0 0.0 0.0 0.0 126.0 0.0 0.0 0.0 81.0 0.0 100.0 1.0 0.0 0.0 0.0 0.0 0.0 0.0 0.0 160.0 0.0 151.0 0.0 
0.0 0.0 0.0 0.0 0.0 0.0 1.0 0.0 0.0 0.0 0.0 0.0 0.0 0.0 108.0 0.0 0.0 0.0 0.0 74.0 0.0 151.0 0.0 174.0 
0.0 0.0 0.0 158.0 0.0 0.0 0.0 0.0 0.0 0.0 118.0 0.0 0.0 0.0 0.0 236.0 83.0 0.0 1.0 0.0 0.0 0.0 174.0 0.0 
