q
313.0 289.0 251.0 633.0 676.0 225.0 412.0 66.0 20.0 17.0 266.0 347.0 188.0 226.0 15.0 248.0 259.0 184.0 628.0 345.0 604.0 614.0 574.0 870.0 
l
0.0 0.0 0.0 0.0 0.0 0.0 0.0 20.0 0.0 0.0 33.0 0.0 0.0 0.0 0.0 64.0 0.0 0.0 71.0 0.0 105.0 0.0 0.0 0.0 
0.0 0.0 0.0 74.0 116.0 0.0 58.0 0.0 0.0 3.0 0.0 0.0 0.0 21.0 0.0 0.0 0.0 0.0 0.0 0.0 0.0 0.0 0.0 0.0 
0.0 0.0 0.0 98.0 0.0 0.0 0.0 0.0 0.0 0.0 0.0 0.0 0.0 42.0 0.0 0.0 0.0 0.0 0.0 0.0 101.0 0.0 0.0 0.0 
0.0 74.0 98.0 0.0 0.0 0.0 119.0 0.0 0.0 0.0 0.0 0.0 0.0 74.0 0.0 0.0 0.0 0.0 0.0 87.0 0.0 155.0 0.0 0.0 
0.0 116.0 0.0 0.0 0.0 0.0 0.0 0.0 0.0 9.0 0.0 0.0 0.0 83.0 0.0 0.0 121.0 0.0 0.0 0.0 143.0 0.0 0.0 168.0 
0.0 0.0 0.0 0.0 0.0 0.0 0.0 0.0 0.0 0.0 0.0 54.0 0.0 0.0 0.0 0.0 0.0 0.0 0.0 68.0 0.0 0.0 89.0 0.0 
0.0 58.0 0.0 119.0 0.0 0.0 0.0 0.0 0.0 2.0 0.0 49.0 50.0 0.0 0.0 0.0 0.0 0.0 0.0 0.0 0.0 0.0 0.0 108.0 
20.0 0.0 0.0 0.0 0.0 0.0 0.0 0.0 0.0 0.0 0.0 0.0 0.0 0.0 0.0 0.0 0.0 0.0 0.0 0.0 0.0 42.0 0.0 0.0 
0.0 0.0 0.0 0.0 0.0 0.0 0.0 0.0 0.0 0.0 3.0 0.0 0.0 0.0 0.0 0.0 6.0 0.0 0.0 0.0 10.0 0.0 0.0 0.0 
0.0 3.0 0.0 0.0 9.0 0.0 2.0 0.0 0.0 0.0 0.0 0.0 0.0 0.0 0.0 0.0 0.0 0.0 0.0 0.0 0.0 0.0 0.0 0.0 
33.0 0.0 0.0 0.0 0.0 0.0 0.0 0.0 3.0 0.0 0.0 0.0 0.0 0.0 0.0 0.0 35.0 0.0 97.0 0.0 80.0 0.0 0.0 0.0 
0.0 0.0 0.0 0.0 0.0 54.0 49.0 0.0 0.0 0.0 0.0 0.0 32.0 0.0 5.0 0.0 0.0 0.0 0.0 74.0 0.0 0.0 0.0 117.0 
0.0 0.0 0.0 0.0 0.0 0.0 50.0 0.0 0.0 0.0 0.0 32.0 0.0 0.0 0.0 0.0 0.0 0.0 0.0 0.0 0.0 0.0 0.0 102.0 
0.0 21.0 42.0 74.0 83.0 0.0 0.0 0.0 0.0 0.0 0.0 0.0 0.0 0.0 0.0 0.0 0.0 0.0 0.0 0.0 0.0 0.0 0.0 0.0 
0.0 0.0 0.0 0.0 0.0 0.0 0.0 0.0 0.0 0.0 0.0 5.0 0.0 0.0 0.0 0.0 0.0 0.0 0.0 0.0 0.0 0.0 9.0 0.0 
64.0 0.0 0.0 0.0 0.0 0.0 0.0 0.0 0.0 0.0 0.0 0.0 0.0 0.0 0.0 0.0 0.0 18.0 62.0 0.0 0.0 0.0 92.0 0.0 
0.0 0.0 0.0 0.0 121.0 0.0 0.0 0.0 6.0 0.0 35.0 0.0 0.0 0.0 0.0 0.0 0.0 0.0 76.0 0.0 0.0 0.0 0.0 0.0 
0.0 0.0 0.0 0.0 0.0 0.0 0.0 0.0 0.0 0.0 0.0 0.0 0.0 0.0 0.0 18.0 0.0 0.0 80.0 0.0 0.0 0.0 76.0 0.0 
71.0 0.0 0.0 0.0 0.0 0.0 0.0 0.0 0.0 0.0 97.0 0.0 0.0 0.0 0.0 62.0 76.0 80.0 0.0 0.0 0.0 0.0 0.0 213.0 
0.0 0.0 0.0 87.0 0.0 68.0 0.0 0.0 0.0 0.0 0.0 74.0 0.0 0.0 0.0 0.0 0.0 0.0 0.0 0.0 0.0 98.0 0.0 0.0 
105.0 0.0 101.0 0.0 143.0 0.0 0.0 0.0 10.0 0.0 80.0 0.0 0.0 0.0 0.0 0.0 0.0 0.0 0.0 0.0 0.0 137.0 0.0 0.0 
0.0 0.0 0.0 155.0 0.0 0.0 0.0 42.0 0.0 0.0 0.0 0.0 0.0 0.0 0.0 0.0 0.0 0.0 0.0 98.0 137.0 0.0 153.0 0.0 
0.0 0.0 0.0 0.0 0.0 89.0 0.0 0.0 0.0 0.0 0.0 0.0 0.0 0.0 9.0 92.0 0.0 76.0 0.0 0.0 0.0 153.0 0.0 130.0 
0.0 0.0 0.0 0.0 168.0 0.0 108.0 0.0 0.0 0.0 0.0 117.0 102.0 0.0 0.0 0.0 0.0 0.0 213.0 0.0 0.0 0.0 130.0 0.0 
