q
475.0 1.0 179.0 146.0 260.0 435.0 244.0 446.0 265.0 199.0 479.0 8.0 961.0 484.0 211.0 228.0 95.0 185.0 1.0 221.0 823.0 744.0 550.0 848.0 
l
0.0 0.0 0.0 0.0 0.0 0.0 58.0 120.0 0.0 0.0 0.0 0.0 0.0 0.0 0.0 90.0 0.0 0.0 0.0 0.0 0.0 176.0 0.0 0.0 
0.0 0.0 0.0 0.0 0.0 0.0 0.0 0.0 0.0 0.0 0.0 0.0 0.0 0.0 0.0 0.0 0.0 0.0 0.0 0.0 1.0 0.0 0.0 0.0 
0.0 0.0 0.0 0.0 0.0 41.0 0.0 0.0 0.0 0.0 0.0 0.0 0.0 46.0 0.0 0.0 6.0 0.0 0.0 0.0 0.0 0.0 78.0 0.0 
0.0 0.0 0.0 0.0 0.0 0.0 0.0 0.0 0.0 0.0 0.0 1.0 0.0 49.0 0.0 0.0 11.0 0.0 0.0 0.0 0.0 0.0 0.0 80.0 
0.0 0.0 0.0 0.0 0.0 0.0 0.0 43.0 57.0 16.0 0.0 0.0 99.0 0.0 0.0 0.0 0.0 28.0 0.0 0.0 0.0 0.0 0.0 0.0 
0.0 0.0 41.0 0.0 0.0 0.0 0.0 0.0 0.0 0.0 91.0 0.0 0.0 90.0 68.0 0.0 0.0 0.0 0.0 46.0 0.0 0.0 79.0 0.0 
58.0 0.0 0.0 0.0 0.0 0.0 0.0 51.0 27.0 0.0 0.0 0.0 0.0 0.0 0.0 0.0 0.0 0.0 0.0 0.0 92.0 0.0 0.0 0.0 
120.0 0.0 0.0 0.0 43.0 0.0 51.0 0.0 44.0 65.0 0.0 0.0 98.0 0.0 0.0 0.0 0.0 0.0 0.0 0.0 0.0 0.0 0.0 0.0 
0.0 0.0 0.0 0.0 57.0 0.0 27.0 44.0 0.0 0.0 0.0 0.0 0.0 0.0 0.0 0.0 0.0 0.0 0.0 0.0 121.0 0.0 0.0 0.0 
0.0 0.0 0.0 0.0 16.0 0.0 0.0 65.0 0.0 0.0 0.0 0.0 95.0 0.0 0.0 0.0 0.0 15.0 0.0 0.0 0.0 0.0 0.0 0.0 
0.0 0.0 0.0 0.0 0.0 91.0 0.0 0.0 0.0 0.0 0.0 0.0 0.0 105.0 0.0 0.0 0.0 0.0 0.0 54.0 206.0 0.0 0.0 0.0 
0.0 0.0 0.0 1.0 0.0 0.0 0.0 0.0 0.0 0.0 0.0 0.0 0.0 0.0 0.0 0.0 0.0 0.0 0.0 0.0 0.0 0.0 7.0 0.0 
0.0 0.0 0.0 0.0 99.0 0.0 0.0 98.0 0.0 95.0 0.0 0.0 0.0 0.0 0.0 0.0 0.0 132.0 0.0 0.0 198.0 0.0 0.0 288.0 
0.0 0.0 46.0 49.0 0.0 90.0 0.0 0.0 0.0 0.0 105.0 0.0 0.0 0.0 0.0 0.0 26.0 0.0 0.0 0.0 0.0 0.0 0.0 146.0 
0.0 0.0 0.0 0.0 0.0 68.0 0.0 0.0 0.0 0.0 0.0 0.0 0.0 0.0 0.0 0.0 0.0 0.0 0.0 13.0 0.0 117.0 0.0 0.0 
90.0 0.0 0.0 0.0 0.0 0.0 0.0 0.0 0.0 0.0 0.0 0.0 0.0 0.0 0.0 0.0 0.0 0.0 0.0 0.0 0.0 0.0 0.0 129.0 
0.0 0.0 6.0 11.0 0.0 0.0 0.0 0.0 0.0 0.0 0.0 0.0 0.0 26.0 0.0 0.0 0.0 0.0 0.0 0.0 0.0 0.0 48.0 0.0 
0.0 0.0 0.0 0.0 28.0 0.0 0.0 0.0 0.0 15.0 0.0 0.0 132.0 0.0 0.0 0.0 0.0 0.0 0.0 0.0 0.0 0.0 0.0 0.0 
0.0 0.0 0.0 0.0 0.0 0.0 0.0 0.0 0.0 0.0 0.0 0.0 0.0 0.0 0.0 0.0 0.0 0.0 0.0 0.0 0.0 1.0 0.0 0.0 
0.0 0.0 0.0 0.0 0.0 46.0 0.0 0.0 0.0 0.0 54.0 0.0 0.0 0.0 13.0 0.0 0.0 0.0 0.0 0.0 0.0 97.0 0.0 0.0 
0.0 1.0 0.0 0.0 0.0 0.0 92.0 0.0 121.0 0.0 206.0 0.0 198.0 0.0 0.0 0.0 0.0 0.0 0.0 0.0 0.0 162.0 0.0 0.0 
176.0 0.0 0.0 0.0 0.0 0.0 0.0 0.0 0.0 0.0 0.0 0.0 0.0 0.0 117.0 0.0 0.0 0.0 1.0 97.0 162.0 0.0 149.0 0.0 
0.0 0.0 78.0 0.0 0.0 79.0 0.0 0.0 0.0 0.0 0.0 7.0 0.0 0.0 0.0 0.0 48.0 0.0 0.0 0.0 0.0 149.0 0.0 160.0 
0.0 0.0 0.0 80.0 0.0 0.0 0.0 0.0 0.0 0.0 0.0 0.0 288.0 146.0 0.0 129.0 0.0 0.0 0.0 0.0 0.0 0.0 160.0 0.0 
