q
195.0 150.0 204.0 55.0 441.0 206.0 250.0 215.0 514.0 85.0 232.0 292.0 525.0 271.0 11.0 623.0 172.0 626.0 183.0 236.0 748.0 714.0 619.0 407.0 
l
0.0 0.0 0.0 0.0 0.0 0.0 0.0 0.0 0.0 0.0 0.0 0.0 65.0 0.0 3.0 0.0 0.0 94.0 23.0 0.0 0.0 0.0 0.0 0.0 
0.0 0.0 0.0 0.0 0.0 33.0 0.0 0.0 0.0 0.0 0.0 43.0 0.0 0.0 0.0 0.0 0.0 0.0 0.0 0.0 0.0 0.0 61.0 0.0 
0.0 0.0 0.0 0.0 0.0 0.0 23.0 0.0 0.0 0.0 0.0 0.0 59.0 0.0 0.0 0.0 0.0 0.0 32.0 0.0 0.0 0.0 76.0 0.0 
0.0 0.0 0.0 0.0 0.0 0.0 0.0 0.0 12.0 0.0 0.0 0.0 0.0 0.0 0.0 0.0 0.0 0.0 0.0 9.0 30.0 0.0 0.0 0.0 
0.0 0.0 0.0 0.0 0.0 0.0 0.0 0.0 78.0 0.0 0.0 76.0 0.0 0.0 0.0 110.0 62.0 0.0 0.0 0.0 0.0 102.0 0.0 0.0 
0.0 33.0 0.0 0.0 0.0 0.0 0.0 0.0 0.0 0.0 0.0 0.0 0.0 0.0 0.0 92.0 0.0 0.0 0.0 0.0 0.0 0.0 0.0 74.0 
0.0 0.0 23.0 0.0 0.0 0.0 0.0 0.0 0.0 0.0 39.0 0.0 86.0 0.0 0.0 0.0 0.0 0.0 0.0 0.0 0.0 0.0 86.0 0.0 
0.0 0.0 0.0 0.0 0.0 0.0 0.0 0.0 0.0 16.0 0.0 0.0 0.0 37.0 0.0 73.0 0.0 77.0 0.0 0.0 0.0 0.0 0.0 0.0 
0.0 0.0 0.0 12.0 78.0 0.0 0.0 0.0 0.0 0.0 0.0 0.0 0.0 84.0 0.0 115.0 0.0 0.0 0.0 97.0 108.0 0.0 0.0 0.0 
0.0 0.0 0.0 0.0 0.0 0.0 0.0 16.0 0.0 0.0 0.0 0.0 0.0 23.0 0.0 0.0 0.0 41.0 0.0 0.0 0.0 0.0 0.0 0.0 
0.0 0.0 0.0 0.0 0.0 0.0 39.0 0.0 0.0 0.0 0.0 0.0 67.0 0.0 0.0 0.0 0.0 0.0 0.0 0.0 0.0 116.0 0.0 0.0 
0.0 43.0 0.0 0.0 76.0 0.0 0.0 0.0 0.0 0.0 0.0 0.0 0.0 0.0 0.0 76.0 0.0 0.0 0.0 0.0 0.0 0.0 78.0 0.0 
65.0 0.0 59.0 0.0 0.0 0.0 86.0 0.0 0.0 0.0 67.0 0.0 0.0 0.0 0.0 0.0 0.0 0.0 51.0 0.0 179.0 0.0 0.0 0.0 
0.0 0.0 0.0 0.0 0.0 0.0 0.0 37.0 84.0 23.0 0.0 0.0 0.0 0.0 0.0 0.0 0.0 0.0 0.0 0.0 115.0 0.0 0.0 0.0 
3.0 0.0 0.0 0.0 0.0 0.0 0.0 0.0 0.0 0.0 0.0 0.0 0.0 0.0 0.0 0.0 0.0 0.0 1.0 0.0 0.0 0.0 0.0 7.0 
0.0 0.0 0.0 0.0 110.0 92.0 0.0 73.0 115.0 0.0 0.0 76.0 0.0 0.0 0.0 0.0 0.0 121.0 0.0 0.0 0.0 0.0 0.0 0.0 
0.0 0.0 0.0 0.0 62.0 0.0 0.0 0.0 0.0 0.0 0.0 0.0 0.0 0.0 0.0 0.0 0.0 0.0 0.0 27.0 0.0 72.0 0.0 0.0 
94.0 0.0 0.0 0.0 0.0 0.0 0.0 77.0 0.0 41.0 0.0 0.0 0.0 0.0 0.0 121.0 0.0 0.0 0.0 0.0 133.0 0.0 0.0 115.0 
23.0 0.0 32.0 0.0 0.0 0.0 0.0 0.0 0.0 0.0 0.0 0.0 51.0 0.0 1.0 0.0 0.0 0.0 0.0 0.0 0.0 0.0 0.0 65.0 
0.0 0.0 0.0 9.0 0.0 0.0 0.0 0.0 97.0 0.0 0.0 0.0 0.0 0.0 0.0 0.0 27.0 0.0 0.0 0.0 0.0 85.0 0.0 0.0 
0.0 0.0 0.0 30.0 0.0 0.0 0.0 0.0 108.0 0.0 0.0 0.0 179.0 115.0 0.0 0.0 0.0 133.0 0.0 0.0 0.0 158.0 0.0 0.0 
0.0 0.0 0.0 0.0 102.0 0.0 0.0 0.0 0.0 0.0 116.0 0.0 0.0 0.0 0.0 0.0 72.0 0.0 0.0 85.0 158.0 0.0 155.0 0.0 
0.0 61.0 76.0 0.0 0.0 0.0 86.0 0.0 0.0 0.0 0.0 78.0 0.0 0.0 0.0 0.0 0.0 0.0 0.0 0.0 0.0 155.0 0.0 126.0 
0.0 0.0 0.0 0.0 0.0 74.0 0.0 0.0 0.0 0.0 0.0 0.0 0.0 0.0 7.0 0.0 0.0 115.0 65.0 0.0 0.0 0.0 126.0 0.0 
