q
167.0 458.0 569.0 465.0 260.0 149.0 337.0 686.0 646.0 571.0 559.0 166.0 279.0 198.0 632.0 574.0 181.0 1.0 481.0 169.0 868.0 
l
0.0 0.0 0.0 0.0 36.0 0.0 0.0 0.0 0.0 100.0 0.0 0.0 0.0 18.0 0.0 0.0 0.0 0.0 0.0 0.0 0.0 
0.0 0.0 0.0 0.0 0.0 0.0 54.0 0.0 129.0 0.0 0.0 55.0 0.0 0.0 52.0 101.0 0.0 0.0 46.0 0.0 0.0 
0.0 0.0 0.0 124.0 0.0 0.0 0.0 0.0 63.0 0.0 60.0 0.0 0.0 0.0 202.0 0.0 93.0 0.0 0.0 0.0 0.0 
0.0 0.0 124.0 0.0 59.0 0.0 0.0 0.0 0.0 0.0 40.0 0.0 0.0 86.0 0.0 0.0 0.0 0.0 0.0 0.0 137.0 
36.0 0.0 0.0 59.0 0.0 0.0 0.0 0.0 0.0 48.0 87.0 0.0 0.0 19.0 0.0 0.0 0.0 0.0 0.0 0.0 0.0 
0.0 0.0 0.0 0.0 0.0 0.0 0.0 0.0 0.0 0.0 0.0 0.0 40.0 0.0 0.0 94.0 0.0 0.0 0.0 0.0 0.0 
0.0 54.0 0.0 0.0 0.0 0.0 0.0 95.0 0.0 0.0 0.0 27.0 0.0 0.0 0.0 0.0 0.0 0.0 78.0 67.0 0.0 
0.0 0.0 0.0 0.0 0.0 0.0 95.0 0.0 0.0 0.0 0.0 0.0 99.0 0.0 65.0 105.0 0.0 0.0 49.0 0.0 238.0 
0.0 129.0 63.0 0.0 0.0 0.0 0.0 0.0 0.0 0.0 181.0 0.0 0.0 0.0 80.0 0.0 0.0 0.0 81.0 0.0 81.0 
100.0 0.0 0.0 0.0 48.0 0.0 0.0 0.0 0.0 0.0 89.0 0.0 0.0 63.0 0.0 0.0 0.0 1.0 0.0 0.0 244.0 
0.0 0.0 60.0 40.0 87.0 0.0 0.0 0.0 181.0 89.0 0.0 0.0 0.0 0.0 0.0 0.0 74.0 0.0 0.0 0.0 0.0 
0.0 55.0 0.0 0.0 0.0 0.0 27.0 0.0 0.0 0.0 0.0 0.0 0.0 0.0 0.0 0.0 0.0 0.0 75.0 0.0 0.0 
0.0 0.0 0.0 0.0 0.0 40.0 0.0 99.0 0.0 0.0 0.0 0.0 0.0 0.0 85.0 35.0 0.0 0.0 0.0 0.0 0.0 
18.0 0.0 0.0 86.0 19.0 0.0 0.0 0.0 0.0 63.0 0.0 0.0 0.0 0.0 0.0 0.0 0.0 0.0 0.0 0.0 0.0 
0.0 52.0 202.0 0.0 0.0 0.0 0.0 65.0 80.0 0.0 0.0 0.0 85.0 0.0 0.0 118.0 0.0 0.0 0.0 0.0 0.0 
0.0 101.0 0.0 0.0 0.0 94.0 0.0 105.0 0.0 0.0 0.0 0.0 35.0 0.0 118.0 0.0 0.0 0.0 0.0 86.0 0.0 
0.0 0.0 93.0 0.0 0.0 0.0 0.0 0.0 0.0 0.0 74.0 0.0 0.0 0.0 0.0 0.0 0.0 0.0 0.0 0.0 0.0 
0.0 0.0 0.0 0.0 0.0 0.0 0.0 0.0 0.0 1.0 0.0 0.0 0.0 0.0 0.0 0.0 0.0 0.0 0.0 0.0 0.0 
0.0 46.0 0.0 0.0 0.0 0.0 78.0 49.0 81.0 0.0 0.0 75.0 0.0 0.0 0.0 0.0 0.0 0.0 0.0 0.0 132.0 
0.0 0.0 0.0 0.0 0.0 0.0 67.0 0.0 0.0 0.0 0.0 0.0 0.0 0.0 0.0 86.0 0.0 0.0 0.0 0.0 0.0 
0.0 0.0 0.0 137.0 0.0 0.0 0.0 238.0 81.0 244.0 0.0 0.0 0.0 0.0 0.0 0.0 0.0 0.0 132.0 0.0 0.0 
