q
149.0 46.0 394.0 169.0 202.0 484.0 587.0 672.0 296.0 93.0 795.0 203.0 1.0 2.0 84.0 338.0 309.0 208.0 500.0 177.0 756.0 566.0 648.0 405.0 
l
0.0 5.0 0.0 0.0 0.0 0.0 0.0 0.0 0.0 0.0 0.0 17.0 0.0 1.0 0.0 0.0 0.0 0.0 61.0 0.0 0.0 0.0 0.0 60.0 
5.0 0.0 0.0 0.0 0.0 0.0 0.0 0.0 0.0 0.0 0.0 0.0 0.0 1.0 0.0 0.0 0.0 0.0 0.0 0.0 0.0 0.0 38.0 0.0 
0.0 0.0 0.0 29.0 0.0 0.0 91.0 87.0 0.0 0.0 0.0 64.0 0.0 0.0 0.0 0.0 0.0 0.0 108.0 0.0 0.0 0.0 0.0 0.0 
0.0 0.0 29.0 0.0 0.0 0.0 71.0 61.0 0.0 0.0 0.0 0.0 0.0 0.0 0.0 0.0 0.0 0.0 0.0 0.0 0.0 0.0 0.0 0.0 
0.0 0.0 0.0 0.0 0.0 0.0 0.0 0.0 0.0 0.0 86.0 0.0 0.0 0.0 0.0 0.0 0.0 0.0 40.0 0.0 0.0 0.0 65.0 0.0 
0.0 0.0 0.0 0.0 0.0 0.0 0.0 0.0 73.0 0.0 175.0 0.0 0.0 0.0 0.0 66.0 0.0 84.0 0.0 0.0 0.0 62.0 0.0 0.0 
0.0 0.0 91.0 71.0 0.0 0.0 0.0 68.0 0.0 0.0 184.0 0.0 0.0 0.0 0.0 0.0 83.0 0.0 0.0 64.0 0.0 0.0 0.0 0.0 
0.0 0.0 87.0 61.0 0.0 0.0 68.0 0.0 0.0 0.0 0.0 0.0 0.0 0.0 0.0 0.0 0.0 0.0 0.0 55.0 221.0 0.0 0.0 151.0 
0.0 0.0 0.0 0.0 0.0 73.0 0.0 0.0 0.0 28.0 0.0 0.0 1.0 0.0 22.0 0.0 0.0 42.0 0.0 0.0 117.0 0.0 0.0 0.0 
0.0 0.0 0.0 0.0 0.0 0.0 0.0 0.0 28.0 0.0 0.0 0.0 0.0 0.0 2.0 0.0 0.0 0.0 0.0 0.0 61.0 0.0 0.0 0.0 
0.0 0.0 0.0 0.0 86.0 175.0 184.0 0.0 0.0 0.0 0.0 0.0 0.0 0.0 0.0 106.0 0.0 0.0 112.0 0.0 0.0 0.0 96.0 0.0 
17.0 0.0 64.0 0.0 0.0 0.0 0.0 0.0 0.0 0.0 0.0 0.0 0.0 0.0 0.0 0.0 0.0 0.0 57.0 0.0 0.0 0.0 0.0 54.0 
0.0 0.0 0.0 0.0 0.0 0.0 0.0 0.0 1.0 0.0 0.0 0.0 0.0 0.0 0.0 0.0 0.0 0.0 0.0 0.0 0.0 0.0 0.0 0.0 
1.0 1.0 0.0 0.0 0.0 0.0 0.0 0.0 0.0 0.0 0.0 0.0 0.0 0.0 0.0 0.0 0.0 0.0 0.0 0.0 0.0 0.0 0.0 0.0 
0.0 0.0 0.0 0.0 0.0 0.0 0.0 0.0 22.0 2.0 0.0 0.0 0.0 0.0 0.0 0.0 0.0 0.0 0.0 0.0 0.0 55.0 0.0 0.0 
0.0 0.0 0.0 0.0 0.0 66.0 0.0 0.0 0.0 0.0 106.0 0.0 0.0 0.0 0.0 0.0 69.0 0.0 0.0 0.0 80.0 0.0 0.0 0.0 
0.0 0.0 0.0 0.0 0.0 0.0 83.0 0.0 0.0 0.0 0.0 0.0 0.0 0.0 0.0 69.0 0.0 0.0 0.0 48.0 92.0 0.0 0.0 0.0 
0.0 0.0 0.0 0.0 0.0 84.0 0.0 0.0 42.0 0.0 0.0 0.0 0.0 0.0 0.0 0.0 0.0 0.0 0.0 0.0 0.0 70.0 0.0 0.0 
61.0 0.0 108.0 0.0 40.0 0.0 0.0 0.0 0.0 0.0 112.0 57.0 0.0 0.0 0.0 0.0 0.0 0.0 0.0 0.0 0.0 0.0 100.0 0.0 
0.0 0.0 0.0 0.0 0.0 0.0 64.0 55.0 0.0 0.0 0.0 0.0 0.0 0.0 0.0 0.0 48.0 0.0 0.0 0.0 0.0 0.0 0.0 0.0 
0.0 0.0 0.0 0.0 0.0 0.0 0.0 221.0 117.0 61.0 0.0 0.0 0.0 0.0 0.0 80.0 92.0 0.0 0.0 0.0 0.0 153.0 0.0 0.0 
0.0 0.0 0.0 0.0 0.0 62.0 0.0 0.0 0.0 0.0 0.0 0.0 0.0 0.0 55.0 0.0 0.0 70.0 0.0 0.0 153.0 0.0 190.0 0.0 
0.0 38.0 0.0 0.0 65.0 0.0 0.0 0.0 0.0 0.0 96.0 0.0 0.0 0.0 0.0 0.0 0.0 0.0 100.0 0.0 0.0 190.0 0.0 120.0 
60.0 0.0 0.0 0.0 0.0 0.0 0.0 151.0 0.0 0.0 0.0 54.0 0.0 0.0 0.0 0.0 0.0 0.0 0.0 0.0 0.0 0.0 120.0 0.0 
