q
132.0 159.0 280.0 503.0 91.0 7.0 308.0 156.0 286.0 196.0 276.0 75.0 133.0 73.0 266.0 727.0 188.0 401.0 488.0 531.0 961.0 403.0 542.0 736.0 
l
0.0 0.0 0.0 0.0 0.0 0.0 0.0 0.0 27.0 0.0 0.0 16.0 0.0 0.0 34.0 0.0 0.0 0.0 0.0 0.0 0.0 48.0 0.0 0.0 
0.0 0.0 0.0 0.0 0.0 0.0 0.0 0.0 0.0 0.0 0.0 0.0 10.0 0.0 0.0 0.0 0.0 0.0 0.0 78.0 0.0 59.0 0.0 0.0 
0.0 0.0 0.0 0.0 0.0 0.0 28.0 31.0 0.0 33.0 0.0 0.0 0.0 16.0 0.0 84.0 0.0 0.0 77.0 0.0 0.0 0.0 0.0 0.0 
0.0 0.0 0.0 0.0 0.0 0.0 94.0 0.0 0.0 0.0 0.0 0.0 0.0 0.0 0.0 0.0 0.0 47.0 105.0 91.0 140.0 0.0 0.0 0.0 
0.0 0.0 0.0 0.0 0.0 0.0 0.0 0.0 24.0 0.0 0.0 0.0 0.0 0.0 0.0 0.0 0.0 0.0 0.0 0.0 0.0 0.0 0.0 60.0 
0.0 0.0 0.0 0.0 0.0 0.0 0.0 0.0 0.0 0.0 0.0 0.0 0.0 0.0 2.0 0.0 0.0 0.0 0.0 0.0 0.0 5.0 0.0 0.0 
0.0 0.0 28.0 94.0 0.0 0.0 0.0 35.0 0.0 0.0 0.0 0.0 0.0 0.0 0.0 67.0 0.0 0.0 61.0 0.0 0.0 0.0 0.0 0.0 
0.0 0.0 31.0 0.0 0.0 0.0 35.0 0.0 0.0 0.0 0.0 0.0 0.0 6.0 0.0 80.0 0.0 0.0 0.0 0.0 0.0 0.0 0.0 0.0 
27.0 0.0 0.0 0.0 24.0 0.0 0.0 0.0 0.0 0.0 0.0 9.0 0.0 0.0 58.0 0.0 54.0 0.0 0.0 0.0 0.0 0.0 102.0 0.0 
0.0 0.0 33.0 0.0 0.0 0.0 0.0 0.0 0.0 0.0 0.0 0.0 0.0 0.0 0.0 0.0 0.0 0.0 60.0 0.0 0.0 0.0 0.0 91.0 
0.0 0.0 0.0 0.0 0.0 0.0 0.0 0.0 0.0 0.0 0.0 0.0 20.0 0.0 0.0 0.0 0.0 80.0 0.0 75.0 0.0 0.0 88.0 0.0 
16.0 0.0 0.0 0.0 0.0 0.0 0.0 0.0 9.0 0.0 0.0 0.0 0.0 0.0 0.0 0.0 0.0 0.0 0.0 0.0 0.0 0.0 43.0 0.0 
0.0 10.0 0.0 0.0 0.0 0.0 0.0 0.0 0.0 0.0 20.0 0.0 0.0 0.0 0.0 0.0 0.0 0.0 0.0 55.0 0.0 44.0 0.0 0.0 
0.0 0.0 16.0 0.0 0.0 0.0 0.0 6.0 0.0 0.0 0.0 0.0 0.0 0.0 0.0 49.0 0.0 0.0 0.0 0.0 0.0 0.0 0.0 0.0 
34.0 0.0 0.0 0.0 0.0 2.0 0.0 0.0 58.0 0.0 0.0 0.0 0.0 0.0 0.0 0.0 10.0 0.0 0.0 0.0 146.0 0.0 0.0 0.0 
0.0 0.0 84.0 0.0 0.0 0.0 67.0 80.0 0.0 0.0 0.0 0.0 0.0 49.0 0.0 0.0 0.0 0.0 0.0 0.0 243.0 0.0 0.0 178.0 
0.0 0.0 0.0 0.0 0.0 0.0 0.0 0.0 54.0 0.0 0.0 0.0 0.0 0.0 10.0 0.0 0.0 0.0 0.0 0.0 113.0 0.0 0.0 0.0 
0.0 0.0 0.0 47.0 0.0 0.0 0.0 0.0 0.0 0.0 80.0 0.0 0.0 0.0 0.0 0.0 0.0 0.0 82.0 78.0 0.0 0.0 0.0 92.0 
0.0 0.0 77.0 105.0 0.0 0.0 61.0 0.0 0.0 60.0 0.0 0.0 0.0 0.0 0.0 0.0 0.0 82.0 0.0 0.0 0.0 0.0 0.0 78.0 
0.0 78.0 0.0 91.0 0.0 0.0 0.0 0.0 0.0 0.0 75.0 0.0 55.0 0.0 0.0 0.0 0.0 78.0 0.0 0.0 128.0 0.0 0.0 0.0 
0.0 0.0 0.0 140.0 0.0 0.0 0.0 0.0 0.0 0.0 0.0 0.0 0.0 0.0 146.0 243.0 113.0 0.0 0.0 128.0 0.0 145.0 0.0 0.0 
48.0 59.0 0.0 0.0 0.0 5.0 0.0 0.0 0.0 0.0 0.0 0.0 44.0 0.0 0.0 0.0 0.0 0.0 0.0 0.0 145.0 0.0 85.0 0.0 
0.0 0.0 0.0 0.0 0.0 0.0 0.0 0.0 102.0 0.0 88.0 43.0 0.0 0.0 0.0 0.0 0.0 0.0 0.0 0.0 0.0 85.0 0.0 192.0 
0.0 0.0 0.0 0.0 60.0 0.0 0.0 0.0 0.0 91.0 0.0 0.0 0.0 0.0 0.0 178.0 0.0 92.0 78.0 0.0 0.0 0.0 192.0 0.0 
