q
171.0 162.0 592.0 183.0 291.0 169.0 170.0 328.0 191.0 169.0 1.0 61.0 298.0 629.0 111.0 417.0 526.0 680.0 115.0 169.0 826.0 729.0 471.0 549.0 
l
0.0 24.0 0.0 0.0 0.0 0.0 36.0 0.0 0.0 0.0 0.0 0.0 0.0 0.0 0.0 0.0 0.0 0.0 0.0 0.0 104.0 0.0 0.0 0.0 
24.0 0.0 0.0 0.0 0.0 0.0 40.0 0.0 0.0 0.0 0.0 0.0 0.0 0.0 0.0 0.0 0.0 0.0 0.0 0.0 0.0 88.0 0.0 0.0 
0.0 0.0 0.0 0.0 0.0 77.0 0.0 0.0 0.0 0.0 0.0 0.0 86.0 0.0 54.0 0.0 125.0 128.0 0.0 0.0 0.0 0.0 88.0 0.0 
0.0 0.0 0.0 0.0 0.0 18.0 0.0 0.0 0.0 0.0 0.0 0.0 0.0 0.0 0.0 0.0 86.0 0.0 0.0 0.0 0.0 0.0 0.0 68.0 
0.0 0.0 0.0 0.0 0.0 0.0 0.0 44.0 0.0 46.0 0.0 0.0 0.0 0.0 0.0 0.0 0.0 88.0 0.0 0.0 95.0 0.0 0.0 0.0 
0.0 0.0 77.0 18.0 0.0 0.0 0.0 0.0 0.0 0.0 0.0 0.0 0.0 0.0 0.0 0.0 0.0 0.0 0.0 0.0 0.0 0.0 0.0 62.0 
36.0 40.0 0.0 0.0 0.0 0.0 0.0 0.0 0.0 0.0 0.0 0.0 0.0 0.0 0.0 0.0 0.0 0.0 0.0 0.0 0.0 0.0 0.0 86.0 
0.0 0.0 0.0 0.0 44.0 0.0 0.0 0.0 0.0 30.0 0.0 0.0 50.0 0.0 0.0 0.0 0.0 113.0 0.0 0.0 0.0 77.0 0.0 0.0 
0.0 0.0 0.0 0.0 0.0 0.0 0.0 0.0 0.0 0.0 0.0 0.0 0.0 0.0 0.0 67.0 0.0 0.0 0.0 0.0 109.0 0.0 0.0 0.0 
0.0 0.0 0.0 0.0 46.0 0.0 0.0 30.0 0.0 0.0 0.0 0.0 0.0 0.0 0.0 0.0 0.0 0.0 0.0 0.0 0.0 80.0 0.0 0.0 
0.0 0.0 0.0 0.0 0.0 0.0 0.0 0.0 0.0 0.0 0.0 0.0 0.0 0.0 0.0 0.0 0.0 0.0 0.0 0.0 0.0 0.0 1.0 0.0 
0.0 0.0 0.0 0.0 0.0 0.0 0.0 0.0 0.0 0.0 0.0 0.0 25.0 0.0 3.0 0.0 0.0 0.0 0.0 0.0 0.0 0.0 32.0 0.0 
0.0 0.0 86.0 0.0 0.0 0.0 0.0 50.0 0.0 0.0 0.0 25.0 0.0 0.0 21.0 0.0 0.0 0.0 0.0 0.0 0.0 105.0 0.0 0.0 
0.0 0.0 0.0 0.0 0.0 0.0 0.0 0.0 0.0 0.0 0.0 0.0 0.0 0.0 0.0 74.0 72.0 0.0 54.0 65.0 173.0 0.0 0.0 164.0 
0.0 0.0 54.0 0.0 0.0 0.0 0.0 0.0 0.0 0.0 0.0 3.0 21.0 0.0 0.0 0.0 0.0 0.0 0.0 0.0 0.0 0.0 27.0 0.0 
0.0 0.0 0.0 0.0 0.0 0.0 0.0 0.0 67.0 0.0 0.0 0.0 0.0 74.0 0.0 0.0 63.0 116.0 49.0 28.0 0.0 0.0 0.0 0.0 
0.0 0.0 125.0 86.0 0.0 0.0 0.0 0.0 0.0 0.0 0.0 0.0 0.0 72.0 0.0 63.0 0.0 99.0 0.0 60.0 0.0 0.0 0.0 0.0 
0.0 0.0 128.0 0.0 88.0 0.0 0.0 113.0 0.0 0.0 0.0 0.0 0.0 0.0 0.0 116.0 99.0 0.0 0.0 0.0 106.0 0.0 0.0 0.0 
0.0 0.0 0.0 0.0 0.0 0.0 0.0 0.0 0.0 0.0 0.0 0.0 0.0 54.0 0.0 49.0 0.0 0.0 0.0 9.0 0.0 0.0 0.0 0.0 
0.0 0.0 0.0 0.0 0.0 0.0 0.0 0.0 0.0 0.0 0.0 0.0 0.0 65.0 0.0 28.0 60.0 0.0 9.0 0.0 0.0 0.0 0.0 0.0 
104.0 0.0 0.0 0.0 95.0 0.0 0.0 0.0 109.0 0.0 0.0 0.0 0.0 173.0 0.0 0.0 0.0 106.0 0.0 0.0 0.0 191.0 0.0 0.0 
0.0 88.0 0.0 0.0 0.0 0.0 0.0 77.0 0.0 80.0 0.0 0.0 105.0 0.0 0.0 0.0 0.0 0.0 0.0 0.0 191.0 0.0 152.0 0.0 
0.0 0.0 88.0 0.0 0.0 0.0 0.0 0.0 0.0 0.0 1.0 32.0 0.0 0.0 27.0 0.0 0.0 0.0 0.0 0.0 0.0 152.0 0.0 140.0 
0.0 0.0 0.0 68.0 0.0 62.0 86.0 0.0 0.0 0.0 0.0 0.0 0.0 164.0 0.0 0.0 0.0 0.0 0.0 0.0 0.0 0.0 140.0 0.0 
