q
56.0 852.0 254.0 197.0 796.0 214.0 183.0 170.0 562.0 252.0 1.0 1.0 242.0 28.0 535.0 420.0 309.0 160.0 237.0 169.0 857.0 448.0 403.0 650.0 
l
0.0 0.0 0.0 18.0 0.0 0.0 0.0 0.0 0.0 0.0 0.0 0.0 0.0 0.0 0.0 0.0 13.0 0.0 0.0 0.0 0.0 22.0 0.0 0.0 
0.0 0.0 80.0 0.0 0.0 0.0 0.0 0.0 0.0 79.0 0.0 0.0 0.0 0.0 0.0 0.0 0.0 115.0 0.0 101.0 242.0 0.0 0.0 195.0 
0.0 80.0 0.0 0.0 0.0 0.0 0.0 0.0 107.0 21.0 0.0 0.0 0.0 0.0 0.0 0.0 0.0 26.0 0.0 16.0 0.0 0.0 0.0 0.0 
18.0 0.0 0.0 0.0 111.0 14.0 0.0 0.0 0.0 0.0 0.0 0.0 0.0 0.0 0.0 0.0 0.0 0.0 0.0 0.0 0.0 0.0 44.0 0.0 
0.0 0.0 0.0 111.0 0.0 126.0 0.0 0.0 0.0 0.0 0.0 0.0 0.0 0.0 126.0 144.0 115.0 0.0 0.0 0.0 0.0 0.0 0.0 131.0 
0.0 0.0 0.0 14.0 126.0 0.0 0.0 0.0 0.0 0.0 0.0 0.0 0.0 0.0 0.0 0.0 0.0 0.0 0.0 0.0 0.0 0.0 66.0 0.0 
0.0 0.0 0.0 0.0 0.0 0.0 0.0 32.0 0.0 0.0 0.0 0.0 0.0 0.0 55.0 0.0 0.0 0.0 0.0 0.0 91.0 0.0 0.0 0.0 
0.0 0.0 0.0 0.0 0.0 0.0 32.0 0.0 0.0 0.0 0.0 0.0 0.0 2.0 52.0 0.0 28.0 0.0 0.0 0.0 0.0 49.0 0.0 0.0 
0.0 0.0 107.0 0.0 0.0 0.0 0.0 0.0 0.0 68.0 0.0 0.0 57.0 0.0 0.0 112.0 0.0 0.0 69.0 0.0 131.0 0.0 0.0 0.0 
0.0 79.0 21.0 0.0 0.0 0.0 0.0 0.0 68.0 0.0 0.0 0.0 0.0 0.0 0.0 0.0 0.0 0.0 44.0 32.0 0.0 0.0 0.0 0.0 
0.0 0.0 0.0 0.0 0.0 0.0 0.0 0.0 0.0 0.0 0.0 0.0 0.0 0.0 0.0 0.0 0.0 0.0 0.0 0.0 0.0 0.0 1.0 0.0 
0.0 0.0 0.0 0.0 0.0 0.0 0.0 0.0 0.0 0.0 0.0 0.0 0.0 0.0 0.0 0.0 0.0 0.0 0.0 0.0 0.0 0.0 1.0 0.0 
0.0 0.0 0.0 0.0 0.0 0.0 0.0 0.0 57.0 0.0 0.0 0.0 0.0 0.0 68.0 50.0 0.0 0.0 0.0 0.0 56.0 0.0 0.0 0.0 
0.0 0.0 0.0 0.0 0.0 0.0 0.0 2.0 0.0 0.0 0.0 0.0 0.0 0.0 0.0 0.0 9.0 0.0 0.0 0.0 0.0 14.0 0.0 0.0 
0.0 0.0 0.0 0.0 126.0 0.0 55.0 52.0 0.0 0.0 0.0 0.0 68.0 0.0 0.0 0.0 62.0 0.0 0.0 0.0 143.0 0.0 0.0 0.0 
0.0 0.0 0.0 0.0 144.0 0.0 0.0 0.0 112.0 0.0 0.0 0.0 50.0 0.0 0.0 0.0 0.0 0.0 38.0 0.0 0.0 0.0 0.0 61.0 
13.0 0.0 0.0 0.0 115.0 0.0 0.0 28.0 0.0 0.0 0.0 0.0 0.0 9.0 62.0 0.0 0.0 0.0 0.0 0.0 0.0 65.0 0.0 0.0 
0.0 115.0 26.0 0.0 0.0 0.0 0.0 0.0 0.0 0.0 0.0 0.0 0.0 0.0 0.0 0.0 0.0 0.0 0.0 12.0 0.0 0.0 0.0 0.0 
0.0 0.0 0.0 0.0 0.0 0.0 0.0 0.0 69.0 44.0 0.0 0.0 0.0 0.0 0.0 38.0 0.0 0.0 0.0 0.0 0.0 0.0 0.0 80.0 
0.0 101.0 16.0 0.0 0.0 0.0 0.0 0.0 0.0 32.0 0.0 0.0 0.0 0.0 0.0 0.0 0.0 12.0 0.0 0.0 0.0 0.0 0.0 0.0 
0.0 242.0 0.0 0.0 0.0 0.0 91.0 0.0 131.0 0.0 0.0 0.0 56.0 0.0 143.0 0.0 0.0 0.0 0.0 0.0 0.0 159.0 0.0 0.0 
22.0 0.0 0.0 0.0 0.0 0.0 0.0 49.0 0.0 0.0 0.0 0.0 0.0 14.0 0.0 0.0 65.0 0.0 0.0 0.0 159.0 0.0 119.0 0.0 
0.0 0.0 0.0 44.0 0.0 66.0 0.0 0.0 0.0 0.0 1.0 1.0 0.0 0.0 0.0 0.0 0.0 0.0 0.0 0.0 0.0 119.0 0.0 150.0 
0.0 195.0 0.0 0.0 131.0 0.0 0.0 0.0 0.0 0.0 0.0 0.0 0.0 0.0 0.0 61.0 0.0 0.0 80.0 0.0 0.0 0.0 150.0 0.0 
