q
287.0 662.0 1.0 675.0 320.0 212.0 177.0 255.0 90.0 251.0 230.0 10.0 11.0 258.0 207.0 361.0 936.0 948.0 202.0 871.0 308.0 0.0 0.0 644.0 315.0 0.0 0.0 1017.0 
l
0.0 81.0 0.0 0.0 34.0 0.0 0.0 0.0 0.0 0.0 0.0 0.0 0.0 0.0 0.0 0.0 114.0 0.0 40.0 0.0 0.0 0.0 0.0 0.0 0.0 0.0 0.0 0.0 
81.0 0.0 0.0 85.0 135.0 73.0 0.0 0.0 0.0 0.0 0.0 0.0 0.0 0.0 0.0 0.0 118.0 0.0 0.0 142.0 0.0 0.0 0.0 0.0 0.0 0.0 0.0 0.0 
0.0 0.0 0.0 0.0 0.0 0.0 0.0 0.0 0.0 0.0 0.0 0.0 0.0 0.0 0.0 0.0 0.0 0.0 0.0 0.0 0.0 0.0 0.0 1.0 0.0 0.0 0.0 0.0 
0.0 85.0 0.0 0.0 0.0 61.0 0.0 0.0 68.0 0.0 0.0 0.0 0.0 0.0 0.0 163.0 201.0 0.0 0.0 75.0 0.0 0.0 0.0 0.0 0.0 0.0 0.0 0.0 
34.0 135.0 0.0 0.0 0.0 0.0 0.0 0.0 0.0 0.0 0.0 0.0 0.0 0.0 0.0 0.0 0.0 101.0 34.0 0.0 0.0 0.0 0.0 0.0 0.0 0.0 0.0 0.0 
0.0 73.0 0.0 61.0 0.0 0.0 0.0 0.0 0.0 0.0 0.0 0.0 0.0 0.0 0.0 0.0 0.0 0.0 0.0 72.0 0.0 0.0 0.0 0.0 0.0 0.0 0.0 0.0 
0.0 0.0 0.0 0.0 0.0 0.0 0.0 0.0 17.0 27.0 0.0 3.0 0.0 0.0 0.0 0.0 0.0 0.0 0.0 119.0 0.0 0.0 0.0 0.0 0.0 0.0 0.0 0.0 
0.0 0.0 0.0 0.0 0.0 0.0 0.0 0.0 0.0 0.0 21.0 0.0 0.0 0.0 24.0 0.0 0.0 106.0 0.0 0.0 0.0 0.0 0.0 85.0 0.0 0.0 0.0 0.0 
0.0 0.0 0.0 68.0 0.0 0.0 17.0 0.0 0.0 0.0 0.0 2.0 0.0 0.0 0.0 0.0 0.0 0.0 0.0 0.0 0.0 0.0 0.0 0.0 0.0 0.0 0.0 0.0 
0.0 0.0 0.0 0.0 0.0 0.0 27.0 0.0 0.0 0.0 0.0 1.0 0.0 0.0 0.0 71.0 0.0 0.0 0.0 144.0 0.0 0.0 0.0 0.0 0.0 0.0 0.0 0.0 
0.0 0.0 0.0 0.0 0.0 0.0 0.0 21.0 0.0 0.0 0.0 0.0 0.0 0.0 36.0 0.0 0.0 162.0 0.0 0.0 0.0 0.0 0.0 0.0 0.0 0.0 0.0 0.0 
0.0 0.0 0.0 0.0 0.0 0.0 3.0 0.0 2.0 1.0 0.0 0.0 0.0 0.0 0.0 4.0 0.0 0.0 0.0 0.0 0.0 0.0 0.0 0.0 0.0 0.0 0.0 0.0 
0.0 0.0 0.0 0.0 0.0 0.0 0.0 0.0 0.0 0.0 0.0 0.0 0.0 2.0 0.0 0.0 0.0 0.0 0.0 0.0 4.0 0.0 0.0 0.0 5.0 0.0 0.0 0.0 
0.0 0.0 0.0 0.0 0.0 0.0 0.0 0.0 0.0 0.0 0.0 0.0 2.0 0.0 0.0 0.0 0.0 0.0 0.0 0.0 45.0 0.0 0.0 0.0 80.0 0.0 0.0 118.0 
0.0 0.0 0.0 0.0 0.0 0.0 0.0 24.0 0.0 0.0 36.0 0.0 0.0 0.0 0.0 0.0 0.0 0.0 0.0 0.0 0.0 0.0 0.0 137.0 0.0 0.0 0.0 0.0 
0.0 0.0 0.0 163.0 0.0 0.0 0.0 0.0 0.0 71.0 0.0 4.0 0.0 0.0 0.0 0.0 0.0 0.0 0.0 0.0 106.0 0.0 0.0 0.0 0.0 0.0 0.0 0.0 
114.0 118.0 0.0 201.0 0.0 0.0 0.0 0.0 0.0 0.0 0.0 0.0 0.0 0.0 0.0 0.0 0.0 164.0 0.0 0.0 0.0 0.0 0.0 153.0 149.0 0.0 0.0 0.0 
0.0 0.0 0.0 0.0 101.0 0.0 0.0 106.0 0.0 0.0 162.0 0.0 0.0 0.0 0.0 0.0 164.0 0.0 117.0 0.0 0.0 0.0 0.0 0.0 0.0 0.0 0.0 253.0 
40.0 0.0 0.0 0.0 34.0 0.0 0.0 0.0 0.0 0.0 0.0 0.0 0.0 0.0 0.0 0.0 0.0 117.0 0.0 0.0 0.0 0.0 0.0 0.0 0.0 0.0 0.0 0.0 
0.0 142.0 0.0 75.0 0.0 72.0 119.0 0.0 0.0 144.0 0.0 0.0 0.0 0.0 0.0 0.0 0.0 0.0 0.0 0.0 0.0 0.0 0.0 0.0 0.0 0.0 0.0 286.0 
0.0 0.0 0.0 0.0 0.0 0.0 0.0 0.0 0.0 0.0 0.0 0.0 4.0 45.0 0.0 106.0 0.0 0.0 0.0 0.0 0.0 0.0 0.0 0.0 0.0 0.0 0.0 143.0 
0.0 0.0 0.0 0.0 0.0 0.0 0.0 0.0 0.0 0.0 0.0 0.0 0.0 0.0 0.0 0.0 0.0 0.0 0.0 0.0 0.0 0.0 0.0 0.0 0.0 0.0 0.0 0.0 
0.0 0.0 0.0 0.0 0.0 0.0 0.0 0.0 0.0 0.0 0.0 0.0 0.0 0.0 0.0 0.0 0.0 0.0 0.0 0.0 0.0 0.0 0.0 0.0 0.0 0.0 0.0 0.0 
0.0 0.0 1.0 0.0 0.0 0.0 0.0 85.0 0.0 0.0 0.0 0.0 0.0 0.0 137.0 0.0 153.0 0.0 0.0 0.0 0.0 0.0 0.0 0.0 66.0 0.0 0.0 176.0 
0.0 0.0 0.0 0.0 0.0 0.0 0.0 0.0 0.0 0.0 0.0 0.0 5.0 80.0 0.0 0.0 149.0 0.0 0.0 0.0 0.0 0.0 0.0 66.0 0.0 0.0 0.0 0.0 
0.0 0.0 0.0 0.0 0.0 0.0 0.0 0.0 0.0 0.0 0.0 0.0 0.0 0.0 0.0 0.0 0.0 0.0 0.0 0.0 0.0 0.0 0.0 0.0 0.0 0.0 0.0 0.0 
0.0 0.0 0.0 0.0 0.0 0.0 0.0 0.0 0.0 0.0 0.0 0.0 0.0 0.0 0.0 0.0 0.0 0.0 0.0 0.0 0.0 0.0 0.0 0.0 0.0 0.0 0.0 0.0 
0.0 0.0 0.0 0.0 0.0 0.0 0.0 0.0 0.0 0.0 0.0 0.0 0.0 118.0 0.0 0.0 0.0 253.0 0.0 286.0 143.0 0.0 0.0 176.0 0.0 0.0 0.0 0.0 
