q
284.0 85.0 464.0 115.0 221.0 350.0 243.0 898.0 1.0 21.0 132.0 257.0 248.0 514.0 194.0 679.0 130.0 256.0 240.0 599.0 509.0 754.0 565.0 739.0 
l
0.0 0.0 0.0 0.0 0.0 51.0 41.0 0.0 0.0 0.0 0.0 0.0 0.0 72.0 0.0 0.0 24.0 0.0 0.0 0.0 0.0 0.0 0.0 84.0 
0.0 0.0 24.0 0.0 0.0 0.0 0.0 0.0 0.0 0.0 10.0 0.0 0.0 0.0 0.0 0.0 0.0 0.0 0.0 0.0 48.0 0.0 0.0 0.0 
0.0 24.0 0.0 0.0 0.0 0.0 0.0 221.0 0.0 0.0 40.0 88.0 0.0 0.0 0.0 0.0 0.0 0.0 69.0 0.0 0.0 0.0 0.0 0.0 
0.0 0.0 0.0 0.0 0.0 0.0 0.0 0.0 0.0 0.0 0.0 0.0 0.0 0.0 0.0 0.0 0.0 23.0 0.0 45.0 41.0 0.0 0.0 0.0 
0.0 0.0 0.0 0.0 0.0 0.0 0.0 0.0 0.0 3.0 0.0 0.0 34.0 0.0 0.0 86.0 0.0 0.0 0.0 0.0 0.0 0.0 90.0 0.0 
51.0 0.0 0.0 0.0 0.0 0.0 0.0 0.0 0.0 0.0 0.0 0.0 0.0 72.0 0.0 121.0 0.0 0.0 0.0 0.0 0.0 0.0 0.0 87.0 
41.0 0.0 0.0 0.0 0.0 0.0 0.0 103.0 0.0 0.0 0.0 0.0 0.0 55.0 0.0 0.0 34.0 0.0 0.0 0.0 0.0 0.0 0.0 0.0 
0.0 0.0 221.0 0.0 0.0 0.0 103.0 0.0 0.0 0.0 0.0 0.0 0.0 99.0 0.0 0.0 0.0 95.0 0.0 0.0 150.0 0.0 0.0 185.0 
0.0 0.0 0.0 0.0 0.0 0.0 0.0 0.0 0.0 0.0 0.0 0.0 0.0 0.0 0.0 0.0 0.0 0.0 0.0 0.0 1.0 0.0 0.0 0.0 
0.0 0.0 0.0 0.0 3.0 0.0 0.0 0.0 0.0 0.0 0.0 0.0 10.0 0.0 0.0 0.0 0.0 0.0 0.0 0.0 0.0 0.0 7.0 0.0 
0.0 10.0 40.0 0.0 0.0 0.0 0.0 0.0 0.0 0.0 0.0 0.0 0.0 0.0 0.0 0.0 0.0 0.0 9.0 0.0 0.0 64.0 0.0 0.0 
0.0 0.0 88.0 0.0 0.0 0.0 0.0 0.0 0.0 0.0 0.0 0.0 0.0 0.0 0.0 0.0 0.0 0.0 38.0 0.0 0.0 0.0 118.0 0.0 
0.0 0.0 0.0 0.0 34.0 0.0 0.0 0.0 0.0 10.0 0.0 0.0 0.0 0.0 0.0 88.0 0.0 0.0 0.0 0.0 0.0 0.0 0.0 106.0 
72.0 0.0 0.0 0.0 0.0 72.0 55.0 99.0 0.0 0.0 0.0 0.0 0.0 0.0 0.0 0.0 0.0 53.0 0.0 138.0 0.0 0.0 0.0 0.0 
0.0 0.0 0.0 0.0 0.0 0.0 0.0 0.0 0.0 0.0 0.0 0.0 0.0 0.0 0.0 42.0 0.0 0.0 0.0 71.0 0.0 73.0 0.0 0.0 
0.0 0.0 0.0 0.0 86.0 121.0 0.0 0.0 0.0 0.0 0.0 0.0 88.0 0.0 42.0 0.0 0.0 0.0 0.0 145.0 0.0 166.0 0.0 0.0 
24.0 0.0 0.0 0.0 0.0 0.0 34.0 0.0 0.0 0.0 0.0 0.0 0.0 0.0 0.0 0.0 0.0 0.0 0.0 0.0 0.0 0.0 0.0 68.0 
0.0 0.0 0.0 23.0 0.0 0.0 0.0 95.0 0.0 0.0 0.0 0.0 0.0 53.0 0.0 0.0 0.0 0.0 0.0 71.0 0.0 0.0 0.0 0.0 
0.0 0.0 69.0 0.0 0.0 0.0 0.0 0.0 0.0 0.0 9.0 38.0 0.0 0.0 0.0 0.0 0.0 0.0 0.0 0.0 0.0 112.0 0.0 0.0 
0.0 0.0 0.0 45.0 0.0 0.0 0.0 0.0 0.0 0.0 0.0 0.0 0.0 138.0 71.0 145.0 0.0 71.0 0.0 0.0 92.0 0.0 0.0 0.0 
0.0 48.0 0.0 41.0 0.0 0.0 0.0 150.0 1.0 0.0 0.0 0.0 0.0 0.0 0.0 0.0 0.0 0.0 0.0 92.0 0.0 146.0 0.0 0.0 
0.0 0.0 0.0 0.0 0.0 0.0 0.0 0.0 0.0 0.0 64.0 0.0 0.0 0.0 73.0 166.0 0.0 0.0 112.0 0.0 146.0 0.0 151.0 0.0 
0.0 0.0 0.0 0.0 90.0 0.0 0.0 0.0 0.0 7.0 0.0 118.0 0.0 0.0 0.0 0.0 0.0 0.0 0.0 0.0 0.0 151.0 0.0 176.0 
84.0 0.0 0.0 0.0 0.0 87.0 0.0 185.0 0.0 0.0 0.0 0.0 106.0 0.0 0.0 0.0 68.0 0.0 0.0 0.0 0.0 0.0 176.0 0.0 
