q
297.0 238.0 97.0 473.0 44.0 935.0 170.0 40.0 418.0 255.0 440.0 366.0 295.0 396.0 154.0 78.0 209.0 250.0 275.0 140.0 869.0 765.0 511.0 891.0 
l
0.0 0.0 0.0 0.0 0.0 0.0 0.0 0.0 0.0 0.0 0.0 0.0 0.0 95.0 33.0 17.0 0.0 0.0 0.0 0.0 0.0 132.0 0.0 0.0 
0.0 0.0 0.0 0.0 0.0 0.0 0.0 0.0 53.0 0.0 0.0 0.0 0.0 0.0 0.0 0.0 0.0 18.0 0.0 42.0 0.0 0.0 0.0 112.0 
0.0 0.0 0.0 0.0 0.0 0.0 0.0 0.0 19.0 0.0 0.0 0.0 0.0 0.0 0.0 0.0 0.0 0.0 0.0 2.0 69.0 0.0 0.0 0.0 
0.0 0.0 0.0 0.0 0.0 123.0 56.0 0.0 0.0 42.0 70.0 77.0 90.0 0.0 0.0 0.0 0.0 0.0 0.0 0.0 0.0 0.0 0.0 0.0 
0.0 0.0 0.0 0.0 0.0 0.0 0.0 0.0 0.0 0.0 13.0 11.0 0.0 0.0 0.0 0.0 0.0 0.0 0.0 0.0 0.0 0.0 18.0 0.0 
0.0 0.0 0.0 123.0 0.0 0.0 88.0 0.0 0.0 108.0 0.0 0.0 0.0 0.0 0.0 0.0 111.0 0.0 0.0 0.0 210.0 0.0 0.0 255.0 
0.0 0.0 0.0 56.0 0.0 88.0 0.0 0.0 0.0 17.0 0.0 0.0 0.0 0.0 0.0 0.0 0.0 0.0 0.0 0.0 0.0 0.0 0.0 0.0 
0.0 0.0 0.0 0.0 0.0 0.0 0.0 0.0 0.0 0.0 0.0 6.0 0.0 0.0 0.0 0.0 0.0 0.0 7.0 0.0 0.0 24.0 0.0 0.0 
0.0 53.0 19.0 0.0 0.0 0.0 0.0 0.0 0.0 0.0 0.0 0.0 0.0 81.0 0.0 0.0 0.0 66.0 0.0 19.0 166.0 0.0 0.0 0.0 
0.0 0.0 0.0 42.0 0.0 108.0 17.0 0.0 0.0 0.0 60.0 0.0 0.0 0.0 0.0 0.0 19.0 0.0 0.0 0.0 0.0 0.0 0.0 0.0 
0.0 0.0 0.0 70.0 13.0 0.0 0.0 0.0 0.0 60.0 0.0 90.0 0.0 0.0 0.0 0.0 71.0 0.0 0.0 0.0 0.0 0.0 117.0 0.0 
0.0 0.0 0.0 77.0 11.0 0.0 0.0 6.0 0.0 0.0 90.0 0.0 0.0 0.0 0.0 0.0 0.0 0.0 49.0 0.0 0.0 110.0 0.0 0.0 
0.0 0.0 0.0 90.0 0.0 0.0 0.0 0.0 0.0 0.0 0.0 0.0 0.0 0.0 0.0 0.0 0.0 0.0 73.0 0.0 117.0 0.0 0.0 0.0 
95.0 0.0 0.0 0.0 0.0 0.0 0.0 0.0 81.0 0.0 0.0 0.0 0.0 0.0 29.0 0.0 0.0 54.0 0.0 0.0 0.0 0.0 0.0 123.0 
33.0 0.0 0.0 0.0 0.0 0.0 0.0 0.0 0.0 0.0 0.0 0.0 0.0 29.0 0.0 12.0 0.0 0.0 0.0 0.0 0.0 0.0 0.0 71.0 
17.0 0.0 0.0 0.0 0.0 0.0 0.0 0.0 0.0 0.0 0.0 0.0 0.0 0.0 12.0 0.0 0.0 0.0 0.0 0.0 0.0 0.0 43.0 0.0 
0.0 0.0 0.0 0.0 0.0 111.0 0.0 0.0 0.0 19.0 71.0 0.0 0.0 0.0 0.0 0.0 0.0 0.0 0.0 0.0 0.0 0.0 0.0 0.0 
0.0 18.0 0.0 0.0 0.0 0.0 0.0 0.0 66.0 0.0 0.0 0.0 0.0 54.0 0.0 0.0 0.0 0.0 0.0 0.0 0.0 0.0 0.0 102.0 
0.0 0.0 0.0 0.0 0.0 0.0 0.0 7.0 0.0 0.0 0.0 49.0 73.0 0.0 0.0 0.0 0.0 0.0 0.0 0.0 0.0 122.0 0.0 0.0 
0.0 42.0 2.0 0.0 0.0 0.0 0.0 0.0 19.0 0.0 0.0 0.0 0.0 0.0 0.0 0.0 0.0 0.0 0.0 0.0 69.0 0.0 0.0 0.0 
0.0 0.0 69.0 0.0 0.0 210.0 0.0 0.0 166.0 0.0 0.0 0.0 117.0 0.0 0.0 0.0 0.0 0.0 0.0 69.0 0.0 202.0 0.0 0.0 
132.0 0.0 0.0 0.0 0.0 0.0 0.0 24.0 0.0 0.0 0.0 110.0 0.0 0.0 0.0 0.0 0.0 0.0 122.0 0.0 202.0 0.0 126.0 0.0 
0.0 0.0 0.0 0.0 18.0 0.0 0.0 0.0 0.0 0.0 117.0 0.0 0.0 0.0 0.0 43.0 0.0 0.0 0.0 0.0 0.0 126.0 0.0 178.0 
0.0 112.0 0.0 0.0 0.0 255.0 0.0 0.0 0.0 0.0 0.0 0.0 0.0 123.0 71.0 0.0 0.0 102.0 0.0 0.0 0.0 0.0 178.0 0.0 
