q
235.0 242.0 346.0 189.0 1.0 6.0 329.0 1051.0 201.0 1.0 434.0 402.0 353.0 170.0 388.0 301.0 219.0 768.0 240.0 1.0 840.0 754.0 758.0 793.0 
l
0.0 0.0 0.0 0.0 0.0 0.0 0.0 0.0 0.0 0.0 0.0 0.0 0.0 0.0 50.0 0.0 0.0 70.0 0.0 0.0 102.0 0.0 0.0 0.0 
0.0 0.0 0.0 12.0 0.0 0.0 0.0 0.0 0.0 0.0 0.0 0.0 0.0 0.0 35.0 0.0 0.0 101.0 0.0 0.0 0.0 0.0 84.0 0.0 
0.0 0.0 0.0 0.0 0.0 2.0 41.0 0.0 0.0 0.0 0.0 0.0 0.0 0.0 0.0 0.0 0.0 112.0 65.0 0.0 0.0 0.0 114.0 0.0 
0.0 12.0 0.0 0.0 0.0 0.0 0.0 0.0 0.0 0.0 0.0 0.0 0.0 0.0 53.0 0.0 0.0 0.0 0.0 0.0 0.0 0.0 114.0 0.0 
0.0 0.0 0.0 0.0 0.0 0.0 0.0 0.0 0.0 0.0 0.0 0.0 0.0 0.0 0.0 0.0 0.0 0.0 0.0 0.0 0.0 0.0 0.0 1.0 
0.0 0.0 2.0 0.0 0.0 0.0 0.0 0.0 0.0 0.0 0.0 0.0 0.0 0.0 0.0 0.0 0.0 0.0 0.0 0.0 0.0 0.0 4.0 0.0 
0.0 0.0 41.0 0.0 0.0 0.0 0.0 0.0 0.0 0.0 0.0 0.0 0.0 0.0 0.0 0.0 0.0 123.0 35.0 0.0 0.0 0.0 0.0 114.0 
0.0 0.0 0.0 0.0 0.0 0.0 0.0 0.0 119.0 0.0 0.0 146.0 0.0 114.0 0.0 110.0 0.0 0.0 0.0 0.0 214.0 0.0 0.0 308.0 
0.0 0.0 0.0 0.0 0.0 0.0 0.0 119.0 0.0 0.0 0.0 44.0 0.0 13.0 0.0 16.0 0.0 0.0 0.0 0.0 0.0 0.0 0.0 0.0 
0.0 0.0 0.0 0.0 0.0 0.0 0.0 0.0 0.0 0.0 0.0 0.0 0.0 0.0 0.0 0.0 0.0 0.0 0.0 0.0 0.0 1.0 0.0 0.0 
0.0 0.0 0.0 0.0 0.0 0.0 0.0 0.0 0.0 0.0 0.0 51.0 56.0 0.0 0.0 98.0 67.0 0.0 0.0 0.0 142.0 0.0 0.0 0.0 
0.0 0.0 0.0 0.0 0.0 0.0 0.0 146.0 44.0 0.0 51.0 0.0 112.0 0.0 0.0 29.0 0.0 0.0 0.0 0.0 0.0 0.0 0.0 0.0 
0.0 0.0 0.0 0.0 0.0 0.0 0.0 0.0 0.0 0.0 56.0 112.0 0.0 0.0 0.0 0.0 17.0 0.0 0.0 0.0 0.0 151.0 0.0 0.0 
0.0 0.0 0.0 0.0 0.0 0.0 0.0 114.0 13.0 0.0 0.0 0.0 0.0 0.0 0.0 34.0 0.0 0.0 0.0 0.0 0.0 0.0 0.0 0.0 
50.0 35.0 0.0 53.0 0.0 0.0 0.0 0.0 0.0 0.0 0.0 0.0 0.0 0.0 0.0 0.0 0.0 98.0 0.0 0.0 0.0 133.0 0.0 0.0 
0.0 0.0 0.0 0.0 0.0 0.0 0.0 110.0 16.0 0.0 98.0 29.0 0.0 34.0 0.0 0.0 0.0 0.0 0.0 0.0 0.0 0.0 0.0 0.0 
0.0 0.0 0.0 0.0 0.0 0.0 0.0 0.0 0.0 0.0 67.0 0.0 17.0 0.0 0.0 0.0 0.0 0.0 0.0 0.0 0.0 127.0 0.0 0.0 
70.0 101.0 112.0 0.0 0.0 0.0 123.0 0.0 0.0 0.0 0.0 0.0 0.0 0.0 98.0 0.0 0.0 0.0 0.0 0.0 222.0 0.0 0.0 0.0 
0.0 0.0 65.0 0.0 0.0 0.0 35.0 0.0 0.0 0.0 0.0 0.0 0.0 0.0 0.0 0.0 0.0 0.0 0.0 0.0 0.0 0.0 0.0 124.0 
0.0 0.0 0.0 0.0 0.0 0.0 0.0 0.0 0.0 0.0 0.0 0.0 0.0 0.0 0.0 0.0 0.0 0.0 0.0 0.0 1.0 0.0 0.0 0.0 
102.0 0.0 0.0 0.0 0.0 0.0 0.0 214.0 0.0 0.0 142.0 0.0 0.0 0.0 0.0 0.0 0.0 222.0 0.0 1.0 0.0 117.0 0.0 0.0 
0.0 0.0 0.0 0.0 0.0 0.0 0.0 0.0 0.0 1.0 0.0 0.0 151.0 0.0 133.0 0.0 127.0 0.0 0.0 0.0 117.0 0.0 193.0 0.0 
0.0 84.0 114.0 114.0 0.0 4.0 0.0 0.0 0.0 0.0 0.0 0.0 0.0 0.0 0.0 0.0 0.0 0.0 0.0 0.0 0.0 193.0 0.0 214.0 
0.0 0.0 0.0 0.0 1.0 0.0 114.0 308.0 0.0 0.0 0.0 0.0 0.0 0.0 0.0 0.0 0.0 0.0 124.0 0.0 0.0 0.0 214.0 0.0 
