q
269.0 439.0 750.0 214.0 915.0 391.0 271.0 189.0 426.0 312.0 997.0 191.0 578.0 71.0 1114.0 6.0 248.0 228.0 229.0 544.0 184.0 195.0 469.0 
l
0.0 0.0 0.0 0.0 0.0 0.0 0.0 0.0 0.0 0.0 0.0 0.0 0.0 0.0 0.0 1.0 53.0 0.0 46.0 0.0 27.0 22.0 103.0 
0.0 0.0 0.0 51.0 0.0 35.0 0.0 86.0 0.0 0.0 0.0 0.0 37.0 0.0 211.0 0.0 0.0 0.0 0.0 0.0 0.0 0.0 0.0 
0.0 0.0 0.0 0.0 111.0 0.0 128.0 0.0 0.0 0.0 0.0 0.0 0.0 0.0 208.0 0.0 117.0 62.0 0.0 0.0 88.0 0.0 0.0 
0.0 51.0 0.0 0.0 0.0 36.0 0.0 22.0 0.0 0.0 0.0 0.0 92.0 0.0 0.0 0.0 0.0 0.0 0.0 0.0 0.0 0.0 0.0 
0.0 0.0 111.0 0.0 0.0 0.0 0.0 0.0 204.0 0.0 0.0 0.0 0.0 0.0 221.0 0.0 0.0 98.0 116.0 0.0 0.0 110.0 0.0 
0.0 35.0 0.0 36.0 0.0 0.0 0.0 72.0 0.0 0.0 186.0 0.0 43.0 0.0 0.0 0.0 0.0 0.0 0.0 0.0 0.0 0.0 0.0 
0.0 0.0 128.0 0.0 0.0 0.0 0.0 0.0 0.0 0.0 0.0 0.0 120.0 0.0 0.0 0.0 0.0 0.0 0.0 0.0 0.0 0.0 0.0 
0.0 86.0 0.0 22.0 0.0 72.0 0.0 0.0 0.0 0.0 0.0 0.0 0.0 0.0 0.0 0.0 0.0 0.0 0.0 0.0 0.0 0.0 0.0 
0.0 0.0 0.0 0.0 204.0 0.0 0.0 0.0 0.0 71.0 0.0 58.0 0.0 0.0 0.0 0.0 0.0 0.0 0.0 61.0 0.0 0.0 0.0 
0.0 0.0 0.0 0.0 0.0 0.0 0.0 0.0 71.0 0.0 155.0 33.0 0.0 15.0 0.0 0.0 0.0 0.0 0.0 26.0 0.0 0.0 0.0 
0.0 0.0 0.0 0.0 0.0 186.0 0.0 0.0 0.0 155.0 0.0 0.0 119.0 0.0 128.0 0.0 0.0 0.0 0.0 140.0 0.0 0.0 227.0 
0.0 0.0 0.0 0.0 0.0 0.0 0.0 0.0 58.0 33.0 0.0 0.0 0.0 6.0 0.0 0.0 0.0 0.0 0.0 84.0 0.0 0.0 0.0 
0.0 37.0 0.0 92.0 0.0 43.0 120.0 0.0 0.0 0.0 119.0 0.0 0.0 0.0 139.0 0.0 0.0 0.0 0.0 0.0 0.0 0.0 0.0 
0.0 0.0 0.0 0.0 0.0 0.0 0.0 0.0 0.0 15.0 0.0 6.0 0.0 0.0 0.0 0.0 0.0 0.0 0.0 46.0 0.0 0.0 0.0 
0.0 211.0 208.0 0.0 221.0 0.0 0.0 0.0 0.0 0.0 128.0 0.0 139.0 0.0 0.0 0.0 0.0 0.0 0.0 160.0 0.0 0.0 0.0 
1.0 0.0 0.0 0.0 0.0 0.0 0.0 0.0 0.0 0.0 0.0 0.0 0.0 0.0 0.0 0.0 5.0 0.0 0.0 0.0 0.0 0.0 0.0 
53.0 0.0 117.0 0.0 0.0 0.0 0.0 0.0 0.0 0.0 0.0 0.0 0.0 0.0 0.0 5.0 0.0 27.0 26.0 0.0 0.0 0.0 0.0 
0.0 0.0 62.0 0.0 98.0 0.0 0.0 0.0 0.0 0.0 0.0 0.0 0.0 0.0 0.0 0.0 27.0 0.0 31.0 0.0 0.0 0.0 0.0 
46.0 0.0 0.0 0.0 116.0 0.0 0.0 0.0 0.0 0.0 0.0 0.0 0.0 0.0 0.0 0.0 26.0 31.0 0.0 0.0 0.0 0.0 0.0 
0.0 0.0 0.0 0.0 0.0 0.0 0.0 0.0 61.0 26.0 140.0 84.0 0.0 46.0 160.0 0.0 0.0 0.0 0.0 0.0 0.0 0.0 0.0 
27.0 0.0 88.0 0.0 0.0 0.0 0.0 0.0 0.0 0.0 0.0 0.0 0.0 0.0 0.0 0.0 0.0 0.0 0.0 0.0 0.0 0.0 59.0 
22.0 0.0 0.0 0.0 110.0 0.0 0.0 0.0 0.0 0.0 0.0 0.0 0.0 0.0 0.0 0.0 0.0 0.0 0.0 0.0 0.0 0.0 55.0 
103.0 0.0 0.0 0.0 0.0 0.0 0.0 0.0 0.0 0.0 227.0 0.0 0.0 0.0 0.0 0.0 0.0 0.0 0.0 0.0 59.0 55.0 0.0 
