q
217.0 305.0 387.0 573.0 278.0 1.0 14.0 980.0 260.0 187.0 409.0 1.0 548.0 432.0 2.0 244.0 349.0 253.0 213.0 426.0 1013.0 705.0 495.0 694.0 
l
0.0 0.0 0.0 0.0 0.0 0.0 0.0 0.0 42.0 0.0 0.0 0.0 0.0 0.0 0.0 0.0 39.0 0.0 0.0 0.0 122.0 0.0 0.0 0.0 
0.0 0.0 0.0 102.0 0.0 0.0 0.0 0.0 0.0 0.0 0.0 0.0 0.0 82.0 0.0 0.0 0.0 0.0 0.0 0.0 0.0 0.0 105.0 0.0 
0.0 0.0 0.0 0.0 0.0 0.0 0.0 0.0 0.0 0.0 68.0 0.0 0.0 0.0 0.0 0.0 0.0 63.0 0.0 72.0 0.0 161.0 0.0 0.0 
0.0 102.0 0.0 0.0 0.0 0.0 0.0 0.0 61.0 0.0 0.0 0.0 101.0 92.0 0.0 0.0 69.0 0.0 0.0 0.0 0.0 125.0 0.0 0.0 
0.0 0.0 0.0 0.0 0.0 0.0 0.0 79.0 0.0 32.0 0.0 0.0 68.0 64.0 0.0 20.0 0.0 0.0 0.0 0.0 0.0 0.0 0.0 0.0 
0.0 0.0 0.0 0.0 0.0 0.0 0.0 0.0 0.0 0.0 0.0 0.0 0.0 0.0 0.0 0.0 0.0 1.0 0.0 0.0 0.0 0.0 0.0 0.0 
0.0 0.0 0.0 0.0 0.0 0.0 0.0 0.0 0.0 0.0 5.0 0.0 0.0 0.0 0.0 0.0 0.0 0.0 0.0 0.0 0.0 0.0 0.0 8.0 
0.0 0.0 0.0 0.0 79.0 0.0 0.0 0.0 0.0 126.0 0.0 0.0 0.0 120.0 0.0 95.0 0.0 0.0 0.0 0.0 236.0 0.0 0.0 285.0 
42.0 0.0 0.0 61.0 0.0 0.0 0.0 0.0 0.0 0.0 0.0 0.0 0.0 0.0 0.0 0.0 42.0 0.0 0.0 0.0 0.0 94.0 0.0 0.0 
0.0 0.0 0.0 0.0 32.0 0.0 0.0 126.0 0.0 0.0 0.0 0.0 0.0 0.0 0.0 21.0 0.0 0.0 0.0 0.0 0.0 0.0 0.0 0.0 
0.0 0.0 68.0 0.0 0.0 0.0 5.0 0.0 0.0 0.0 0.0 0.0 0.0 0.0 0.0 0.0 0.0 39.0 49.0 115.0 0.0 0.0 0.0 114.0 
0.0 0.0 0.0 0.0 0.0 0.0 0.0 0.0 0.0 0.0 0.0 0.0 0.0 0.0 0.0 0.0 0.0 0.0 0.0 0.0 0.0 1.0 0.0 0.0 
0.0 0.0 0.0 101.0 68.0 0.0 0.0 0.0 0.0 0.0 0.0 0.0 0.0 62.0 0.0 93.0 73.0 0.0 0.0 0.0 133.0 0.0 0.0 0.0 
0.0 82.0 0.0 92.0 64.0 0.0 0.0 120.0 0.0 0.0 0.0 0.0 62.0 0.0 0.0 0.0 0.0 0.0 0.0 0.0 0.0 0.0 0.0 0.0 
0.0 0.0 0.0 0.0 0.0 0.0 0.0 0.0 0.0 0.0 0.0 0.0 0.0 0.0 0.0 0.0 0.0 0.0 1.0 0.0 0.0 0.0 0.0 1.0 
0.0 0.0 0.0 0.0 20.0 0.0 0.0 95.0 0.0 21.0 0.0 0.0 93.0 0.0 0.0 0.0 0.0 0.0 0.0 0.0 0.0 0.0 0.0 0.0 
39.0 0.0 0.0 69.0 0.0 0.0 0.0 0.0 42.0 0.0 0.0 0.0 73.0 0.0 0.0 0.0 0.0 0.0 0.0 0.0 106.0 0.0 0.0 0.0 
0.0 0.0 63.0 0.0 0.0 1.0 0.0 0.0 0.0 0.0 39.0 0.0 0.0 0.0 0.0 0.0 0.0 0.0 40.0 0.0 0.0 0.0 94.0 0.0 
0.0 0.0 0.0 0.0 0.0 0.0 0.0 0.0 0.0 0.0 49.0 0.0 0.0 0.0 1.0 0.0 0.0 40.0 0.0 0.0 0.0 0.0 0.0 115.0 
0.0 0.0 72.0 0.0 0.0 0.0 0.0 0.0 0.0 0.0 115.0 0.0 0.0 0.0 0.0 0.0 0.0 0.0 0.0 0.0 216.0 0.0 0.0 0.0 
122.0 0.0 0.0 0.0 0.0 0.0 0.0 236.0 0.0 0.0 0.0 0.0 133.0 0.0 0.0 0.0 106.0 0.0 0.0 216.0 0.0 152.0 0.0 0.0 
0.0 0.0 161.0 125.0 0.0 0.0 0.0 0.0 94.0 0.0 0.0 1.0 0.0 0.0 0.0 0.0 0.0 0.0 0.0 0.0 152.0 0.0 127.0 0.0 
0.0 105.0 0.0 0.0 0.0 0.0 0.0 0.0 0.0 0.0 0.0 0.0 0.0 0.0 0.0 0.0 0.0 94.0 0.0 0.0 0.0 127.0 0.0 137.0 
0.0 0.0 0.0 0.0 0.0 0.0 8.0 285.0 0.0 0.0 114.0 0.0 0.0 0.0 1.0 0.0 0.0 0.0 115.0 0.0 0.0 0.0 137.0 0.0 
