q
536.0 232.0 232.0 346.0 211.0 3.0 122.0 878.0 395.0 210.0 383.0 402.0 264.0 363.0 530.0 201.0 330.0 48.0 22.0 309.0 1108.0 779.0 722.0 648.0 
l
0.0 0.0 0.0 95.0 0.0 0.0 0.0 0.0 76.0 0.0 0.0 91.0 0.0 79.0 0.0 52.0 0.0 0.0 0.0 0.0 127.0 0.0 0.0 0.0 
0.0 0.0 0.0 0.0 0.0 1.0 0.0 0.0 0.0 24.0 0.0 79.0 0.0 0.0 0.0 0.0 30.0 0.0 0.0 0.0 0.0 83.0 0.0 0.0 
0.0 0.0 0.0 0.0 0.0 0.0 0.0 112.0 0.0 0.0 74.0 0.0 0.0 0.0 0.0 0.0 0.0 0.0 0.0 35.0 0.0 0.0 0.0 0.0 
95.0 0.0 0.0 0.0 0.0 0.0 0.0 0.0 0.0 0.0 0.0 0.0 0.0 0.0 0.0 33.0 90.0 0.0 0.0 0.0 0.0 0.0 112.0 0.0 
0.0 0.0 0.0 0.0 0.0 0.0 0.0 0.0 0.0 0.0 0.0 0.0 81.0 0.0 0.0 0.0 0.0 0.0 0.0 0.0 0.0 0.0 116.0 0.0 
0.0 1.0 0.0 0.0 0.0 0.0 0.0 0.0 0.0 0.0 0.0 0.0 0.0 0.0 0.0 0.0 0.0 0.0 0.0 0.0 0.0 2.0 0.0 0.0 
0.0 0.0 0.0 0.0 0.0 0.0 0.0 0.0 0.0 0.0 0.0 0.0 0.0 0.0 45.0 0.0 0.0 5.0 0.0 22.0 0.0 0.0 0.0 46.0 
0.0 0.0 112.0 0.0 0.0 0.0 0.0 0.0 0.0 0.0 0.0 0.0 163.0 0.0 0.0 0.0 0.0 0.0 16.0 118.0 277.0 0.0 0.0 142.0 
76.0 0.0 0.0 0.0 0.0 0.0 0.0 0.0 0.0 0.0 47.0 0.0 0.0 53.0 83.0 0.0 0.0 0.0 0.0 0.0 128.0 0.0 0.0 0.0 
0.0 24.0 0.0 0.0 0.0 0.0 0.0 0.0 0.0 0.0 0.0 0.0 0.0 0.0 0.0 0.0 42.0 0.0 0.0 0.0 0.0 134.0 0.0 0.0 
0.0 0.0 74.0 0.0 0.0 0.0 0.0 0.0 47.0 0.0 0.0 0.0 0.0 0.0 100.0 0.0 0.0 0.0 0.0 0.0 147.0 0.0 0.0 0.0 
91.0 79.0 0.0 0.0 0.0 0.0 0.0 0.0 0.0 0.0 0.0 0.0 0.0 0.0 0.0 0.0 75.0 0.0 0.0 0.0 136.0 0.0 0.0 0.0 
0.0 0.0 0.0 0.0 81.0 0.0 0.0 163.0 0.0 0.0 0.0 0.0 0.0 0.0 0.0 0.0 0.0 0.0 0.0 0.0 0.0 0.0 0.0 0.0 
79.0 0.0 0.0 0.0 0.0 0.0 0.0 0.0 53.0 0.0 0.0 0.0 0.0 0.0 79.0 50.0 0.0 0.0 0.0 0.0 0.0 0.0 0.0 88.0 
0.0 0.0 0.0 0.0 0.0 0.0 45.0 0.0 83.0 0.0 100.0 0.0 0.0 79.0 0.0 0.0 0.0 0.0 0.0 97.0 0.0 0.0 0.0 101.0 
52.0 0.0 0.0 33.0 0.0 0.0 0.0 0.0 0.0 0.0 0.0 0.0 0.0 50.0 0.0 0.0 0.0 0.0 0.0 0.0 0.0 0.0 58.0 0.0 
0.0 30.0 0.0 90.0 0.0 0.0 0.0 0.0 0.0 42.0 0.0 75.0 0.0 0.0 0.0 0.0 0.0 0.0 0.0 0.0 0.0 75.0 0.0 0.0 
0.0 0.0 0.0 0.0 0.0 0.0 5.0 0.0 0.0 0.0 0.0 0.0 0.0 0.0 0.0 0.0 0.0 0.0 3.0 11.0 0.0 0.0 0.0 26.0 
0.0 0.0 0.0 0.0 0.0 0.0 0.0 16.0 0.0 0.0 0.0 0.0 0.0 0.0 0.0 0.0 0.0 3.0 0.0 3.0 0.0 0.0 0.0 0.0 
0.0 0.0 35.0 0.0 0.0 0.0 22.0 118.0 0.0 0.0 0.0 0.0 0.0 0.0 97.0 0.0 0.0 11.0 3.0 0.0 0.0 0.0 0.0 0.0 
127.0 0.0 0.0 0.0 0.0 0.0 0.0 277.0 128.0 0.0 147.0 136.0 0.0 0.0 0.0 0.0 0.0 0.0 0.0 0.0 0.0 258.0 0.0 0.0 
0.0 83.0 0.0 0.0 0.0 2.0 0.0 0.0 0.0 134.0 0.0 0.0 0.0 0.0 0.0 0.0 75.0 0.0 0.0 0.0 258.0 0.0 187.0 0.0 
0.0 0.0 0.0 112.0 116.0 0.0 0.0 0.0 0.0 0.0 0.0 0.0 0.0 0.0 0.0 58.0 0.0 0.0 0.0 0.0 0.0 187.0 0.0 209.0 
0.0 0.0 0.0 0.0 0.0 0.0 46.0 142.0 0.0 0.0 0.0 0.0 0.0 88.0 101.0 0.0 0.0 26.0 0.0 0.0 0.0 0.0 209.0 0.0 
