q
410.0 883.0 6.0 779.0 8.0 582.0 6.0 222.0 225.0 175.0 187.0 429.0 287.0 306.0 443.0 180.0 371.0 211.0 525.0 87.0 685.0 682.0 571.0 610.0 
l
0.0 0.0 0.0 120.0 2.0 0.0 0.0 39.0 0.0 0.0 0.0 0.0 0.0 0.0 0.0 0.0 80.0 0.0 69.0 0.0 0.0 79.0 0.0 0.0 
0.0 0.0 0.0 121.0 0.0 98.0 0.0 0.0 86.0 0.0 0.0 0.0 0.0 0.0 0.0 0.0 0.0 108.0 0.0 0.0 196.0 0.0 0.0 230.0 
0.0 0.0 0.0 0.0 0.0 0.0 0.0 0.0 0.0 0.0 0.0 2.0 0.0 0.0 0.0 1.0 0.0 0.0 0.0 0.0 0.0 0.0 0.0 1.0 
120.0 121.0 0.0 0.0 0.0 151.0 0.0 0.0 68.0 0.0 0.0 150.0 0.0 0.0 0.0 0.0 0.0 0.0 144.0 0.0 0.0 0.0 0.0 0.0 
2.0 0.0 0.0 0.0 0.0 0.0 0.0 2.0 0.0 0.0 0.0 0.0 0.0 0.0 0.0 0.0 0.0 0.0 0.0 0.0 0.0 4.0 0.0 0.0 
0.0 98.0 0.0 151.0 0.0 0.0 0.0 0.0 0.0 0.0 0.0 0.0 83.0 73.0 0.0 0.0 103.0 47.0 0.0 0.0 0.0 0.0 0.0 0.0 
0.0 0.0 0.0 0.0 0.0 0.0 0.0 0.0 0.0 0.0 0.0 0.0 0.0 1.0 0.0 0.0 2.0 0.0 0.0 0.0 3.0 0.0 0.0 0.0 
39.0 0.0 0.0 0.0 2.0 0.0 0.0 0.0 0.0 0.0 0.0 0.0 0.0 0.0 0.0 0.0 0.0 0.0 87.0 0.0 0.0 82.0 0.0 0.0 
0.0 86.0 0.0 68.0 0.0 0.0 0.0 0.0 0.0 0.0 0.0 62.0 0.0 0.0 0.0 0.0 0.0 0.0 0.0 0.0 0.0 0.0 0.0 0.0 
0.0 0.0 0.0 0.0 0.0 0.0 0.0 0.0 0.0 0.0 0.0 0.0 28.0 38.0 0.0 0.0 0.0 0.0 0.0 0.0 104.0 0.0 0.0 0.0 
0.0 0.0 0.0 0.0 0.0 0.0 0.0 0.0 0.0 0.0 0.0 0.0 0.0 0.0 60.0 13.0 0.0 0.0 0.0 12.0 0.0 0.0 0.0 90.0 
0.0 0.0 2.0 150.0 0.0 0.0 0.0 0.0 62.0 0.0 0.0 0.0 0.0 0.0 84.0 46.0 0.0 0.0 0.0 0.0 0.0 0.0 0.0 69.0 
0.0 0.0 0.0 0.0 0.0 83.0 0.0 0.0 0.0 28.0 0.0 0.0 0.0 33.0 0.0 0.0 0.0 42.0 0.0 0.0 85.0 0.0 0.0 0.0 
0.0 0.0 0.0 0.0 0.0 73.0 1.0 0.0 0.0 38.0 0.0 0.0 33.0 0.0 0.0 0.0 74.0 0.0 0.0 0.0 68.0 0.0 0.0 0.0 
0.0 0.0 0.0 0.0 0.0 0.0 0.0 0.0 0.0 0.0 60.0 84.0 0.0 0.0 0.0 47.0 0.0 0.0 124.0 14.0 0.0 0.0 92.0 0.0 
0.0 0.0 1.0 0.0 0.0 0.0 0.0 0.0 0.0 0.0 13.0 46.0 0.0 0.0 47.0 0.0 0.0 0.0 0.0 0.0 0.0 0.0 0.0 66.0 
80.0 0.0 0.0 0.0 0.0 103.0 2.0 0.0 0.0 0.0 0.0 0.0 0.0 74.0 0.0 0.0 0.0 0.0 0.0 0.0 0.0 91.0 0.0 0.0 
0.0 108.0 0.0 0.0 0.0 47.0 0.0 0.0 0.0 0.0 0.0 0.0 42.0 0.0 0.0 0.0 0.0 0.0 0.0 0.0 0.0 0.0 0.0 0.0 
69.0 0.0 0.0 144.0 0.0 0.0 0.0 87.0 0.0 0.0 0.0 0.0 0.0 0.0 124.0 0.0 0.0 0.0 0.0 0.0 0.0 0.0 75.0 0.0 
0.0 0.0 0.0 0.0 0.0 0.0 0.0 0.0 0.0 0.0 12.0 0.0 0.0 0.0 14.0 0.0 0.0 0.0 0.0 0.0 0.0 0.0 46.0 0.0 
0.0 196.0 0.0 0.0 0.0 0.0 3.0 0.0 0.0 104.0 0.0 0.0 85.0 68.0 0.0 0.0 0.0 0.0 0.0 0.0 0.0 194.0 0.0 0.0 
79.0 0.0 0.0 0.0 4.0 0.0 0.0 82.0 0.0 0.0 0.0 0.0 0.0 0.0 0.0 0.0 91.0 0.0 0.0 0.0 194.0 0.0 200.0 0.0 
0.0 0.0 0.0 0.0 0.0 0.0 0.0 0.0 0.0 0.0 0.0 0.0 0.0 0.0 92.0 0.0 0.0 0.0 75.0 46.0 0.0 200.0 0.0 122.0 
0.0 230.0 1.0 0.0 0.0 0.0 0.0 0.0 0.0 0.0 90.0 69.0 0.0 0.0 0.0 66.0 0.0 0.0 0.0 0.0 0.0 0.0 122.0 0.0 
