q
313.0 189.0 373.0 643.0 241.0 271.0 779.0 214.0 178.0 253.0 377.0 382.0 306.0 640.0 200.0 17.0 875.0 32.0 18.0 2.0 577.0 326.0 625.0 833.0 
l
0.0 0.0 0.0 0.0 0.0 0.0 92.0 57.0 0.0 0.0 51.0 0.0 0.0 98.0 0.0 0.0 0.0 0.0 0.0 0.0 0.0 0.0 0.0 0.0 
0.0 0.0 38.0 0.0 39.0 0.0 0.0 0.0 0.0 0.0 0.0 0.0 0.0 0.0 0.0 3.0 0.0 0.0 0.0 0.0 0.0 0.0 0.0 101.0 
0.0 38.0 0.0 0.0 42.0 0.0 0.0 0.0 0.0 0.0 72.0 0.0 0.0 0.0 0.0 0.0 136.0 0.0 0.0 0.0 0.0 0.0 0.0 74.0 
0.0 0.0 0.0 0.0 0.0 88.0 0.0 0.0 0.0 87.0 0.0 0.0 69.0 100.0 0.0 0.0 178.0 0.0 0.0 0.0 82.0 0.0 0.0 0.0 
0.0 39.0 42.0 0.0 0.0 0.0 0.0 0.0 0.0 0.0 0.0 0.0 0.0 0.0 0.0 3.0 95.0 0.0 0.0 0.0 0.0 0.0 56.0 0.0 
0.0 0.0 0.0 88.0 0.0 0.0 0.0 0.0 0.0 0.0 0.0 90.0 0.0 0.0 0.0 0.0 0.0 0.0 0.0 0.0 78.0 0.0 0.0 0.0 
92.0 0.0 0.0 0.0 0.0 0.0 0.0 0.0 102.0 0.0 0.0 0.0 66.0 69.0 0.0 0.0 0.0 0.0 0.0 0.0 179.0 0.0 0.0 237.0 
57.0 0.0 0.0 0.0 0.0 0.0 0.0 0.0 0.0 0.0 40.0 0.0 0.0 0.0 0.0 0.0 0.0 0.0 0.0 0.0 0.0 0.0 0.0 105.0 
0.0 0.0 0.0 0.0 0.0 0.0 102.0 0.0 0.0 35.0 0.0 0.0 29.0 0.0 0.0 0.0 0.0 0.0 4.0 0.0 0.0 0.0 0.0 0.0 
0.0 0.0 0.0 87.0 0.0 0.0 0.0 0.0 35.0 0.0 0.0 0.0 48.0 0.0 0.0 0.0 0.0 0.0 2.0 0.0 68.0 0.0 0.0 0.0 
51.0 0.0 72.0 0.0 0.0 0.0 0.0 40.0 0.0 0.0 0.0 0.0 0.0 108.0 0.0 0.0 0.0 0.0 0.0 0.0 0.0 0.0 0.0 90.0 
0.0 0.0 0.0 0.0 0.0 90.0 0.0 0.0 0.0 0.0 0.0 0.0 0.0 0.0 59.0 0.0 151.0 6.0 0.0 0.0 0.0 59.0 0.0 0.0 
0.0 0.0 0.0 69.0 0.0 0.0 66.0 0.0 29.0 48.0 0.0 0.0 0.0 74.0 0.0 0.0 0.0 0.0 0.0 0.0 0.0 0.0 0.0 0.0 
98.0 0.0 0.0 100.0 0.0 0.0 69.0 0.0 0.0 0.0 108.0 0.0 74.0 0.0 0.0 0.0 159.0 0.0 0.0 0.0 0.0 0.0 0.0 0.0 
0.0 0.0 0.0 0.0 0.0 0.0 0.0 0.0 0.0 0.0 0.0 59.0 0.0 0.0 0.0 0.0 0.0 9.0 0.0 0.0 0.0 0.0 118.0 0.0 
0.0 3.0 0.0 0.0 3.0 0.0 0.0 0.0 0.0 0.0 0.0 0.0 0.0 0.0 0.0 0.0 0.0 0.0 0.0 0.0 0.0 0.0 9.0 0.0 
0.0 0.0 136.0 178.0 95.0 0.0 0.0 0.0 0.0 0.0 0.0 151.0 0.0 159.0 0.0 0.0 0.0 0.0 0.0 0.0 0.0 0.0 112.0 0.0 
0.0 0.0 0.0 0.0 0.0 0.0 0.0 0.0 0.0 0.0 0.0 6.0 0.0 0.0 9.0 0.0 0.0 0.0 0.0 1.0 0.0 15.0 0.0 0.0 
0.0 0.0 0.0 0.0 0.0 0.0 0.0 0.0 4.0 2.0 0.0 0.0 0.0 0.0 0.0 0.0 0.0 0.0 0.0 0.0 11.0 0.0 0.0 0.0 
0.0 0.0 0.0 0.0 0.0 0.0 0.0 0.0 0.0 0.0 0.0 0.0 0.0 0.0 0.0 0.0 0.0 1.0 0.0 0.0 0.0 1.0 0.0 0.0 
0.0 0.0 0.0 82.0 0.0 78.0 179.0 0.0 0.0 68.0 0.0 0.0 0.0 0.0 0.0 0.0 0.0 0.0 11.0 0.0 0.0 125.0 0.0 0.0 
0.0 0.0 0.0 0.0 0.0 0.0 0.0 0.0 0.0 0.0 0.0 59.0 0.0 0.0 0.0 0.0 0.0 15.0 0.0 1.0 125.0 0.0 104.0 0.0 
0.0 0.0 0.0 0.0 56.0 0.0 0.0 0.0 0.0 0.0 0.0 0.0 0.0 0.0 118.0 9.0 112.0 0.0 0.0 0.0 0.0 104.0 0.0 194.0 
0.0 101.0 74.0 0.0 0.0 0.0 237.0 105.0 0.0 0.0 90.0 0.0 0.0 0.0 0.0 0.0 0.0 0.0 0.0 0.0 0.0 0.0 194.0 0.0 
