q
3.0 209.0 438.0 225.0 399.0 189.0 237.0 283.0 983.0 807.0 814.0 374.0 2.0 186.0 228.0 657.0 260.0 1050.0 668.0 898.0 365.0 0.0 0.0 653.0 
l
0.0 0.0 0.0 0.0 0.0 0.0 0.0 0.0 0.0 0.0 0.0 0.0 0.0 0.0 0.0 2.0 0.0 0.0 0.0 0.0 0.0 0.0 0.0 1.0 
0.0 0.0 0.0 24.0 0.0 0.0 0.0 0.0 0.0 0.0 0.0 0.0 0.0 0.0 0.0 0.0 0.0 0.0 169.0 0.0 0.0 0.0 0.0 0.0 
0.0 0.0 0.0 102.0 0.0 0.0 0.0 0.0 0.0 0.0 0.0 0.0 1.0 0.0 0.0 82.0 0.0 131.0 31.0 0.0 67.0 0.0 0.0 0.0 
0.0 24.0 102.0 0.0 0.0 0.0 0.0 0.0 0.0 0.0 0.0 0.0 0.0 0.0 0.0 0.0 0.0 0.0 85.0 0.0 0.0 0.0 0.0 0.0 
0.0 0.0 0.0 0.0 0.0 0.0 0.0 0.0 90.0 0.0 0.0 0.0 0.0 0.0 0.0 0.0 51.0 0.0 0.0 118.0 121.0 0.0 0.0 0.0 
0.0 0.0 0.0 0.0 0.0 0.0 0.0 0.0 0.0 118.0 0.0 62.0 0.0 0.0 0.0 0.0 0.0 0.0 0.0 0.0 0.0 0.0 0.0 0.0 
0.0 0.0 0.0 0.0 0.0 0.0 0.0 36.0 0.0 0.0 83.0 0.0 0.0 0.0 0.0 0.0 0.0 0.0 0.0 0.0 0.0 0.0 0.0 106.0 
0.0 0.0 0.0 0.0 0.0 0.0 36.0 0.0 0.0 95.0 116.0 0.0 0.0 0.0 19.0 0.0 0.0 0.0 0.0 0.0 0.0 0.0 0.0 0.0 
0.0 0.0 0.0 0.0 90.0 0.0 0.0 0.0 0.0 0.0 0.0 203.0 0.0 0.0 0.0 271.0 101.0 0.0 0.0 149.0 0.0 0.0 0.0 122.0 
0.0 0.0 0.0 0.0 0.0 118.0 0.0 95.0 0.0 0.0 0.0 90.0 0.0 0.0 89.0 0.0 0.0 0.0 0.0 185.0 0.0 0.0 0.0 190.0 
0.0 0.0 0.0 0.0 0.0 0.0 83.0 116.0 0.0 0.0 0.0 0.0 0.0 0.0 107.0 0.0 0.0 271.0 0.0 198.0 0.0 0.0 0.0 0.0 
0.0 0.0 0.0 0.0 0.0 62.0 0.0 0.0 203.0 90.0 0.0 0.0 0.0 0.0 0.0 0.0 0.0 0.0 0.0 0.0 0.0 0.0 0.0 0.0 
0.0 0.0 1.0 0.0 0.0 0.0 0.0 0.0 0.0 0.0 0.0 0.0 0.0 0.0 0.0 0.0 0.0 0.0 0.0 0.0 1.0 0.0 0.0 0.0 
0.0 0.0 0.0 0.0 0.0 0.0 0.0 0.0 0.0 0.0 0.0 0.0 0.0 0.0 0.0 0.0 32.0 0.0 0.0 140.0 0.0 0.0 0.0 0.0 
0.0 0.0 0.0 0.0 0.0 0.0 0.0 19.0 0.0 89.0 107.0 0.0 0.0 0.0 0.0 0.0 0.0 0.0 0.0 0.0 0.0 0.0 0.0 0.0 
2.0 0.0 82.0 0.0 0.0 0.0 0.0 0.0 271.0 0.0 0.0 0.0 0.0 0.0 0.0 0.0 0.0 79.0 136.0 0.0 51.0 0.0 0.0 0.0 
0.0 0.0 0.0 0.0 51.0 0.0 0.0 0.0 101.0 0.0 0.0 0.0 0.0 32.0 0.0 0.0 0.0 0.0 0.0 67.0 0.0 0.0 0.0 0.0 
0.0 0.0 131.0 0.0 0.0 0.0 0.0 0.0 0.0 0.0 271.0 0.0 0.0 0.0 0.0 79.0 0.0 0.0 216.0 0.0 103.0 0.0 0.0 205.0 
0.0 169.0 31.0 85.0 0.0 0.0 0.0 0.0 0.0 0.0 0.0 0.0 0.0 0.0 0.0 136.0 0.0 216.0 0.0 0.0 0.0 0.0 0.0 0.0 
0.0 0.0 0.0 0.0 118.0 0.0 0.0 0.0 149.0 185.0 198.0 0.0 0.0 140.0 0.0 0.0 67.0 0.0 0.0 0.0 0.0 0.0 0.0 0.0 
0.0 0.0 67.0 0.0 121.0 0.0 0.0 0.0 0.0 0.0 0.0 0.0 1.0 0.0 0.0 51.0 0.0 103.0 0.0 0.0 0.0 0.0 0.0 0.0 
0.0 0.0 0.0 0.0 0.0 0.0 0.0 0.0 0.0 0.0 0.0 0.0 0.0 0.0 0.0 0.0 0.0 0.0 0.0 0.0 0.0 0.0 0.0 0.0 
0.0 0.0 0.0 0.0 0.0 0.0 0.0 0.0 0.0 0.0 0.0 0.0 0.0 0.0 0.0 0.0 0.0 0.0 0.0 0.0 0.0 0.0 0.0 0.0 
1.0 0.0 0.0 0.0 0.0 0.0 106.0 0.0 122.0 190.0 0.0 0.0 0.0 0.0 0.0 0.0 0.0 205.0 0.0 0.0 0.0 0.0 0.0 0.0 
