q
251.0 616.0 244.0 792.0 312.0 139.0 103.0 219.0 189.0 617.0 238.0 5.0 29.0 520.0 523.0 1076.0 970.0 236.0 666.0 284.0 906.0 0.0 0.0 421.0 0.0 444.0 
l
0.0 0.0 0.0 93.0 0.0 0.0 0.0 0.0 0.0 57.0 0.0 0.0 0.0 61.0 0.0 0.0 0.0 30.0 0.0 0.0 0.0 0.0 0.0 0.0 0.0 0.0 
0.0 0.0 0.0 0.0 0.0 0.0 0.0 0.0 99.0 82.0 76.0 0.0 16.0 0.0 0.0 165.0 0.0 0.0 0.0 0.0 149.0 0.0 0.0 0.0 0.0 0.0 
0.0 0.0 0.0 0.0 50.0 0.0 14.0 0.0 0.0 0.0 0.0 0.0 0.0 0.0 0.0 0.0 0.0 0.0 112.0 0.0 0.0 0.0 0.0 57.0 0.0 0.0 
93.0 0.0 0.0 0.0 0.0 0.0 0.0 0.0 0.0 120.0 0.0 0.0 0.0 0.0 0.0 162.0 0.0 0.0 0.0 129.0 117.0 0.0 0.0 0.0 0.0 132.0 
0.0 0.0 50.0 0.0 0.0 21.0 19.0 0.0 0.0 0.0 0.0 0.0 0.0 0.0 0.0 0.0 137.0 0.0 72.0 0.0 0.0 0.0 0.0 0.0 0.0 0.0 
0.0 0.0 0.0 0.0 21.0 0.0 16.0 0.0 0.0 0.0 0.0 0.0 0.0 0.0 0.0 0.0 96.0 0.0 0.0 0.0 0.0 0.0 0.0 0.0 0.0 0.0 
0.0 0.0 14.0 0.0 19.0 16.0 0.0 0.0 0.0 0.0 0.0 0.0 0.0 0.0 0.0 0.0 0.0 0.0 0.0 0.0 0.0 0.0 0.0 46.0 0.0 0.0 
0.0 0.0 0.0 0.0 0.0 0.0 0.0 0.0 0.0 0.0 0.0 2.0 0.0 0.0 99.0 0.0 0.0 0.0 0.0 32.0 0.0 0.0 0.0 0.0 0.0 71.0 
0.0 99.0 0.0 0.0 0.0 0.0 0.0 0.0 0.0 0.0 0.0 0.0 3.0 71.0 0.0 0.0 0.0 0.0 0.0 0.0 0.0 0.0 0.0 0.0 0.0 0.0 
57.0 82.0 0.0 120.0 0.0 0.0 0.0 0.0 0.0 0.0 70.0 0.0 0.0 0.0 0.0 0.0 0.0 94.0 0.0 0.0 167.0 0.0 0.0 0.0 0.0 0.0 
0.0 76.0 0.0 0.0 0.0 0.0 0.0 0.0 0.0 70.0 0.0 0.0 6.0 53.0 0.0 0.0 0.0 27.0 0.0 0.0 0.0 0.0 0.0 0.0 0.0 0.0 
0.0 0.0 0.0 0.0 0.0 0.0 0.0 2.0 0.0 0.0 0.0 0.0 0.0 0.0 2.0 0.0 0.0 0.0 0.0 0.0 0.0 0.0 0.0 0.0 0.0 1.0 
0.0 16.0 0.0 0.0 0.0 0.0 0.0 0.0 3.0 0.0 6.0 0.0 0.0 4.0 0.0 0.0 0.0 0.0 0.0 0.0 0.0 0.0 0.0 0.0 0.0 0.0 
61.0 0.0 0.0 0.0 0.0 0.0 0.0 0.0 71.0 0.0 53.0 0.0 4.0 0.0 0.0 222.0 0.0 73.0 0.0 0.0 0.0 0.0 0.0 0.0 0.0 0.0 
0.0 0.0 0.0 0.0 0.0 0.0 0.0 99.0 0.0 0.0 0.0 2.0 0.0 0.0 0.0 0.0 141.0 0.0 0.0 62.0 182.0 0.0 0.0 0.0 0.0 0.0 
0.0 165.0 0.0 162.0 0.0 0.0 0.0 0.0 0.0 0.0 0.0 0.0 0.0 222.0 0.0 0.0 262.0 0.0 0.0 0.0 0.0 0.0 0.0 205.0 0.0 0.0 
0.0 0.0 0.0 0.0 137.0 96.0 0.0 0.0 0.0 0.0 0.0 0.0 0.0 0.0 141.0 262.0 0.0 0.0 120.0 0.0 0.0 0.0 0.0 0.0 0.0 170.0 
30.0 0.0 0.0 0.0 0.0 0.0 0.0 0.0 0.0 94.0 27.0 0.0 0.0 73.0 0.0 0.0 0.0 0.0 0.0 0.0 0.0 0.0 0.0 0.0 0.0 0.0 
0.0 0.0 112.0 0.0 72.0 0.0 0.0 0.0 0.0 0.0 0.0 0.0 0.0 0.0 0.0 0.0 120.0 0.0 0.0 0.0 248.0 0.0 0.0 82.0 0.0 0.0 
0.0 0.0 0.0 129.0 0.0 0.0 0.0 32.0 0.0 0.0 0.0 0.0 0.0 0.0 62.0 0.0 0.0 0.0 0.0 0.0 0.0 0.0 0.0 0.0 0.0 47.0 
0.0 149.0 0.0 117.0 0.0 0.0 0.0 0.0 0.0 167.0 0.0 0.0 0.0 0.0 182.0 0.0 0.0 0.0 248.0 0.0 0.0 0.0 0.0 0.0 0.0 0.0 
0.0 0.0 0.0 0.0 0.0 0.0 0.0 0.0 0.0 0.0 0.0 0.0 0.0 0.0 0.0 0.0 0.0 0.0 0.0 0.0 0.0 0.0 0.0 0.0 0.0 0.0 
0.0 0.0 0.0 0.0 0.0 0.0 0.0 0.0 0.0 0.0 0.0 0.0 0.0 0.0 0.0 0.0 0.0 0.0 0.0 0.0 0.0 0.0 0.0 0.0 0.0 0.0 
0.0 0.0 57.0 0.0 0.0 0.0 46.0 0.0 0.0 0.0 0.0 0.0 0.0 0.0 0.0 205.0 0.0 0.0 82.0 0.0 0.0 0.0 0.0 0.0 0.0 0.0 
0.0 0.0 0.0 0.0 0.0 0.0 0.0 0.0 0.0 0.0 0.0 0.0 0.0 0.0 0.0 0.0 0.0 0.0 0.0 0.0 0.0 0.0 0.0 0.0 0.0 0.0 
0.0 0.0 0.0 132.0 0.0 0.0 0.0 71.0 0.0 0.0 0.0 1.0 0.0 0.0 0.0 0.0 170.0 0.0 0.0 47.0 0.0 0.0 0.0 0.0 0.0 0.0 
