q
249.0 295.0 1031.0 1.0 245.0 330.0 203.0 50.0 285.0 197.0 391.0 660.0 335.0 221.0 217.0 343.0 155.0 531.0 105.0 447.0 863.0 698.0 661.0 971.0 
l
0.0 0.0 0.0 0.0 0.0 0.0 0.0 0.0 0.0 0.0 0.0 97.0 0.0 21.0 0.0 0.0 0.0 0.0 0.0 0.0 0.0 0.0 121.0 0.0 
0.0 0.0 0.0 0.0 52.0 0.0 0.0 0.0 0.0 0.0 0.0 71.0 41.0 0.0 0.0 0.0 0.0 0.0 0.0 0.0 119.0 0.0 0.0 0.0 
0.0 0.0 0.0 0.0 152.0 0.0 0.0 0.0 0.0 0.0 0.0 0.0 142.0 0.0 113.0 0.0 0.0 0.0 0.0 149.0 163.0 0.0 0.0 266.0 
0.0 0.0 0.0 0.0 0.0 0.0 0.0 0.0 0.0 0.0 0.0 0.0 0.0 0.0 0.0 0.0 0.0 0.0 0.0 0.0 0.0 1.0 0.0 0.0 
0.0 52.0 152.0 0.0 0.0 0.0 0.0 0.0 0.0 0.0 0.0 0.0 32.0 0.0 0.0 0.0 0.0 0.0 0.0 0.0 0.0 0.0 0.0 0.0 
0.0 0.0 0.0 0.0 0.0 0.0 0.0 0.0 0.0 0.0 0.0 121.0 0.0 37.0 0.0 0.0 0.0 0.0 0.0 0.0 0.0 0.0 0.0 158.0 
0.0 0.0 0.0 0.0 0.0 0.0 0.0 0.0 0.0 0.0 0.0 0.0 0.0 0.0 0.0 33.0 13.0 54.0 0.0 0.0 0.0 0.0 0.0 96.0 
0.0 0.0 0.0 0.0 0.0 0.0 0.0 0.0 3.0 0.0 0.0 0.0 0.0 0.0 11.0 0.0 0.0 0.0 0.0 0.0 33.0 0.0 0.0 0.0 
0.0 0.0 0.0 0.0 0.0 0.0 0.0 3.0 0.0 0.0 68.0 0.0 0.0 0.0 40.0 0.0 0.0 0.0 0.0 41.0 119.0 0.0 0.0 0.0 
0.0 0.0 0.0 0.0 0.0 0.0 0.0 0.0 0.0 0.0 0.0 0.0 0.0 0.0 0.0 63.0 30.0 0.0 0.0 0.0 0.0 0.0 96.0 0.0 
0.0 0.0 0.0 0.0 0.0 0.0 0.0 0.0 68.0 0.0 0.0 0.0 0.0 0.0 0.0 0.0 0.0 81.0 21.0 89.0 0.0 118.0 0.0 0.0 
97.0 71.0 0.0 0.0 0.0 121.0 0.0 0.0 0.0 0.0 0.0 0.0 100.0 76.0 0.0 0.0 0.0 0.0 0.0 0.0 165.0 0.0 0.0 0.0 
0.0 41.0 142.0 0.0 32.0 0.0 0.0 0.0 0.0 0.0 0.0 100.0 0.0 0.0 0.0 0.0 0.0 0.0 0.0 0.0 0.0 0.0 0.0 0.0 
21.0 0.0 0.0 0.0 0.0 37.0 0.0 0.0 0.0 0.0 0.0 76.0 0.0 0.0 0.0 0.0 0.0 0.0 0.0 0.0 0.0 0.0 76.0 0.0 
0.0 0.0 113.0 0.0 0.0 0.0 0.0 11.0 40.0 0.0 0.0 0.0 0.0 0.0 0.0 0.0 0.0 0.0 0.0 41.0 0.0 0.0 0.0 0.0 
0.0 0.0 0.0 0.0 0.0 0.0 33.0 0.0 0.0 63.0 0.0 0.0 0.0 0.0 0.0 0.0 26.0 89.0 0.0 0.0 0.0 118.0 0.0 0.0 
0.0 0.0 0.0 0.0 0.0 0.0 13.0 0.0 0.0 30.0 0.0 0.0 0.0 0.0 0.0 26.0 0.0 0.0 0.0 0.0 0.0 0.0 0.0 77.0 
0.0 0.0 0.0 0.0 0.0 0.0 54.0 0.0 0.0 0.0 81.0 0.0 0.0 0.0 0.0 89.0 0.0 0.0 35.0 111.0 0.0 0.0 0.0 140.0 
0.0 0.0 0.0 0.0 0.0 0.0 0.0 0.0 0.0 0.0 21.0 0.0 0.0 0.0 0.0 0.0 0.0 35.0 0.0 0.0 0.0 44.0 0.0 0.0 
0.0 0.0 149.0 0.0 0.0 0.0 0.0 0.0 41.0 0.0 89.0 0.0 0.0 0.0 41.0 0.0 0.0 111.0 0.0 0.0 0.0 0.0 0.0 0.0 
0.0 119.0 163.0 0.0 0.0 0.0 0.0 33.0 119.0 0.0 0.0 165.0 0.0 0.0 0.0 0.0 0.0 0.0 0.0 0.0 0.0 220.0 0.0 0.0 
0.0 0.0 0.0 1.0 0.0 0.0 0.0 0.0 0.0 0.0 118.0 0.0 0.0 0.0 0.0 118.0 0.0 0.0 44.0 0.0 220.0 0.0 161.0 0.0 
121.0 0.0 0.0 0.0 0.0 0.0 0.0 0.0 0.0 96.0 0.0 0.0 0.0 76.0 0.0 0.0 0.0 0.0 0.0 0.0 0.0 161.0 0.0 178.0 
0.0 0.0 266.0 0.0 0.0 158.0 96.0 0.0 0.0 0.0 0.0 0.0 0.0 0.0 0.0 0.0 77.0 140.0 0.0 0.0 0.0 0.0 178.0 0.0 
