q
220.0 19.0 537.0 4.0 16.0 207.0 789.0 471.0 912.0 725.0 300.0 243.0 245.0 293.0 244.0 1.0 224.0 455.0 804.0 217.0 597.0 564.0 808.0 487.0 
l
0.0 0.0 0.0 0.0 0.0 0.0 0.0 0.0 0.0 88.0 0.0 0.0 0.0 31.0 0.0 0.0 0.0 0.0 0.0 0.0 0.0 0.0 86.0 0.0 
0.0 0.0 0.0 0.0 0.0 0.0 0.0 0.0 0.0 0.0 0.0 0.0 2.0 0.0 0.0 0.0 0.0 8.0 0.0 0.0 0.0 0.0 0.0 7.0 
0.0 0.0 0.0 4.0 0.0 0.0 0.0 0.0 151.0 126.0 123.0 0.0 0.0 0.0 0.0 0.0 0.0 0.0 0.0 0.0 0.0 0.0 110.0 0.0 
0.0 0.0 4.0 0.0 0.0 0.0 0.0 0.0 0.0 0.0 0.0 0.0 0.0 0.0 0.0 0.0 0.0 0.0 0.0 0.0 0.0 0.0 0.0 0.0 
0.0 0.0 0.0 0.0 0.0 0.0 0.0 2.0 0.0 0.0 0.0 0.0 0.0 0.0 0.0 0.0 0.0 0.0 0.0 3.0 11.0 0.0 0.0 0.0 
0.0 0.0 0.0 0.0 0.0 0.0 99.0 0.0 0.0 0.0 0.0 0.0 18.0 0.0 0.0 0.0 0.0 0.0 79.0 0.0 0.0 0.0 0.0 0.0 
0.0 0.0 0.0 0.0 0.0 99.0 0.0 0.0 210.0 192.0 0.0 0.0 53.0 0.0 0.0 0.0 0.0 104.0 98.0 0.0 0.0 0.0 0.0 0.0 
0.0 0.0 0.0 0.0 2.0 0.0 0.0 0.0 146.0 0.0 66.0 0.0 0.0 0.0 54.0 0.0 0.0 0.0 0.0 85.0 88.0 0.0 0.0 0.0 
0.0 0.0 151.0 0.0 0.0 0.0 210.0 146.0 0.0 0.0 0.0 0.0 0.0 0.0 99.0 0.0 123.0 0.0 132.0 0.0 0.0 0.0 0.0 0.0 
88.0 0.0 126.0 0.0 0.0 0.0 192.0 0.0 0.0 0.0 0.0 0.0 0.0 86.0 0.0 0.0 0.0 106.0 0.0 0.0 0.0 0.0 93.0 0.0 
0.0 0.0 123.0 0.0 0.0 0.0 0.0 66.0 0.0 0.0 0.0 0.0 0.0 0.0 0.0 0.0 0.0 0.0 0.0 30.0 0.0 67.0 0.0 0.0 
0.0 0.0 0.0 0.0 0.0 0.0 0.0 0.0 0.0 0.0 0.0 0.0 0.0 62.0 0.0 0.0 0.0 85.0 0.0 0.0 0.0 0.0 0.0 79.0 
0.0 2.0 0.0 0.0 0.0 18.0 53.0 0.0 0.0 0.0 0.0 0.0 0.0 0.0 0.0 0.0 0.0 64.0 94.0 0.0 0.0 0.0 0.0 0.0 
31.0 0.0 0.0 0.0 0.0 0.0 0.0 0.0 0.0 86.0 0.0 62.0 0.0 0.0 0.0 0.0 0.0 0.0 0.0 0.0 0.0 0.0 100.0 0.0 
0.0 0.0 0.0 0.0 0.0 0.0 0.0 54.0 99.0 0.0 0.0 0.0 0.0 0.0 0.0 0.0 17.0 0.0 0.0 0.0 61.0 0.0 0.0 0.0 
0.0 0.0 0.0 0.0 0.0 0.0 0.0 0.0 0.0 0.0 0.0 0.0 0.0 0.0 0.0 0.0 0.0 0.0 0.0 0.0 0.0 1.0 0.0 0.0 
0.0 0.0 0.0 0.0 0.0 0.0 0.0 0.0 123.0 0.0 0.0 0.0 0.0 0.0 17.0 0.0 0.0 0.0 0.0 0.0 68.0 0.0 0.0 0.0 
0.0 8.0 0.0 0.0 0.0 0.0 104.0 0.0 0.0 106.0 0.0 85.0 64.0 0.0 0.0 0.0 0.0 0.0 0.0 0.0 0.0 0.0 0.0 60.0 
0.0 0.0 0.0 0.0 0.0 79.0 98.0 0.0 132.0 0.0 0.0 0.0 94.0 0.0 0.0 0.0 0.0 0.0 0.0 0.0 189.0 0.0 0.0 170.0 
0.0 0.0 0.0 0.0 3.0 0.0 0.0 85.0 0.0 0.0 30.0 0.0 0.0 0.0 0.0 0.0 0.0 0.0 0.0 0.0 0.0 85.0 0.0 0.0 
0.0 0.0 0.0 0.0 11.0 0.0 0.0 88.0 0.0 0.0 0.0 0.0 0.0 0.0 61.0 0.0 68.0 0.0 189.0 0.0 0.0 149.0 0.0 0.0 
0.0 0.0 0.0 0.0 0.0 0.0 0.0 0.0 0.0 0.0 67.0 0.0 0.0 0.0 0.0 1.0 0.0 0.0 0.0 85.0 149.0 0.0 234.0 0.0 
86.0 0.0 110.0 0.0 0.0 0.0 0.0 0.0 0.0 93.0 0.0 0.0 0.0 100.0 0.0 0.0 0.0 0.0 0.0 0.0 0.0 234.0 0.0 143.0 
0.0 7.0 0.0 0.0 0.0 0.0 0.0 0.0 0.0 0.0 0.0 79.0 0.0 0.0 0.0 0.0 0.0 60.0 170.0 0.0 0.0 0.0 143.0 0.0 
