q
458.0 966.0 843.0 207.0 266.0 749.0 316.0 455.0 500.0 3.0 375.0 1270.0 427.0 395.0 21.0 205.0 213.0 3.0 342.0 188.0 304.0 240.0 0.0 724.0 10.0 
l
0.0 0.0 200.0 0.0 69.0 0.0 0.0 0.0 48.0 0.0 0.0 0.0 0.0 0.0 0.0 55.0 0.0 0.0 0.0 52.0 0.0 0.0 0.0 0.0 0.0 
0.0 0.0 0.0 92.0 135.0 0.0 0.0 94.0 110.0 0.0 0.0 351.0 0.0 0.0 0.0 129.0 0.0 0.0 0.0 0.0 0.0 0.0 0.0 0.0 0.0 
200.0 0.0 0.0 0.0 0.0 0.0 0.0 61.0 124.0 0.0 113.0 163.0 0.0 0.0 0.0 0.0 0.0 0.0 0.0 0.0 0.0 0.0 0.0 144.0 0.0 
0.0 92.0 0.0 0.0 0.0 0.0 0.0 62.0 45.0 0.0 0.0 0.0 0.0 0.0 0.0 0.0 0.0 0.0 0.0 0.0 0.0 0.0 0.0 0.0 0.0 
69.0 135.0 0.0 0.0 0.0 0.0 0.0 0.0 0.0 0.0 0.0 0.0 0.0 0.0 0.0 14.0 0.0 0.0 0.0 35.0 0.0 0.0 0.0 0.0 0.0 
0.0 0.0 0.0 0.0 0.0 0.0 0.0 0.0 0.0 0.0 103.0 248.0 0.0 0.0 12.0 0.0 111.0 0.0 103.0 0.0 0.0 136.0 0.0 0.0 0.0 
0.0 0.0 0.0 0.0 0.0 0.0 0.0 0.0 0.0 0.0 0.0 0.0 94.0 0.0 0.0 0.0 0.0 2.0 0.0 0.0 49.0 0.0 0.0 154.0 0.0 
0.0 94.0 61.0 62.0 0.0 0.0 0.0 0.0 55.0 0.0 0.0 0.0 0.0 0.0 0.0 0.0 0.0 0.0 0.0 0.0 0.0 0.0 0.0 161.0 0.0 
48.0 110.0 124.0 45.0 0.0 0.0 0.0 55.0 0.0 0.0 0.0 0.0 0.0 0.0 0.0 0.0 0.0 0.0 0.0 93.0 0.0 0.0 0.0 0.0 0.0 
0.0 0.0 0.0 0.0 0.0 0.0 0.0 0.0 0.0 0.0 0.0 0.0 0.0 2.0 0.0 0.0 0.0 0.0 0.0 0.0 0.0 1.0 0.0 0.0 0.0 
0.0 0.0 113.0 0.0 0.0 103.0 0.0 0.0 0.0 0.0 0.0 76.0 0.0 0.0 0.0 0.0 0.0 0.0 0.0 0.0 0.0 0.0 0.0 74.0 0.0 
0.0 351.0 163.0 0.0 0.0 248.0 0.0 0.0 0.0 0.0 76.0 0.0 0.0 212.0 0.0 0.0 0.0 0.0 0.0 0.0 163.0 0.0 0.0 0.0 0.0 
0.0 0.0 0.0 0.0 0.0 0.0 94.0 0.0 0.0 0.0 0.0 0.0 0.0 93.0 0.0 0.0 0.0 0.0 74.0 0.0 78.0 69.0 0.0 0.0 0.0 
0.0 0.0 0.0 0.0 0.0 0.0 0.0 0.0 0.0 2.0 0.0 212.0 93.0 0.0 0.0 0.0 70.0 0.0 0.0 0.0 0.0 0.0 0.0 0.0 0.0 
0.0 0.0 0.0 0.0 0.0 12.0 0.0 0.0 0.0 0.0 0.0 0.0 0.0 0.0 0.0 0.0 0.0 0.0 5.0 0.0 0.0 2.0 0.0 0.0 0.0 
55.0 129.0 0.0 0.0 14.0 0.0 0.0 0.0 0.0 0.0 0.0 0.0 0.0 0.0 0.0 0.0 0.0 0.0 0.0 0.0 0.0 0.0 0.0 0.0 0.0 
0.0 0.0 0.0 0.0 0.0 111.0 0.0 0.0 0.0 0.0 0.0 0.0 0.0 70.0 0.0 0.0 0.0 0.0 0.0 0.0 0.0 21.0 0.0 0.0 0.0 
0.0 0.0 0.0 0.0 0.0 0.0 2.0 0.0 0.0 0.0 0.0 0.0 0.0 0.0 0.0 0.0 0.0 0.0 1.0 0.0 0.0 0.0 0.0 0.0 0.0 
0.0 0.0 0.0 0.0 0.0 103.0 0.0 0.0 0.0 0.0 0.0 0.0 74.0 0.0 5.0 0.0 0.0 1.0 0.0 0.0 0.0 0.0 0.0 144.0 0.0 
52.0 0.0 0.0 0.0 35.0 0.0 0.0 0.0 93.0 0.0 0.0 0.0 0.0 0.0 0.0 0.0 0.0 0.0 0.0 0.0 0.0 0.0 0.0 0.0 0.0 
0.0 0.0 0.0 0.0 0.0 0.0 49.0 0.0 0.0 0.0 0.0 163.0 78.0 0.0 0.0 0.0 0.0 0.0 0.0 0.0 0.0 0.0 0.0 0.0 2.0 
0.0 0.0 0.0 0.0 0.0 136.0 0.0 0.0 0.0 1.0 0.0 0.0 69.0 0.0 2.0 0.0 21.0 0.0 0.0 0.0 0.0 0.0 0.0 0.0 0.0 
0.0 0.0 0.0 0.0 0.0 0.0 0.0 0.0 0.0 0.0 0.0 0.0 0.0 0.0 0.0 0.0 0.0 0.0 0.0 0.0 0.0 0.0 0.0 0.0 0.0 
0.0 0.0 144.0 0.0 0.0 0.0 154.0 161.0 0.0 0.0 74.0 0.0 0.0 0.0 0.0 0.0 0.0 0.0 144.0 0.0 0.0 0.0 0.0 0.0 7.0 
0.0 0.0 0.0 0.0 0.0 0.0 0.0 0.0 0.0 0.0 0.0 0.0 0.0 0.0 0.0 0.0 0.0 0.0 0.0 0.0 2.0 0.0 0.0 7.0 0.0 
