q
255.0 333.0 313.0 1051.0 248.0 543.0 321.0 485.0 341.0 476.0 158.0 213.0 202.0 597.0 323.0 20.0 40.0 244.0 145.0 17.0 1014.0 528.0 652.0 1025.0 
l
0.0 0.0 0.0 0.0 0.0 0.0 0.0 40.0 0.0 0.0 0.0 0.0 0.0 0.0 0.0 2.0 13.0 56.0 0.0 0.0 134.0 0.0 0.0 0.0 
0.0 0.0 0.0 90.0 0.0 69.0 31.0 0.0 0.0 94.0 0.0 0.0 36.0 0.0 0.0 0.0 0.0 0.0 0.0 0.0 0.0 0.0 0.0 0.0 
0.0 0.0 0.0 0.0 42.0 0.0 0.0 0.0 0.0 0.0 41.0 0.0 0.0 79.0 0.0 0.0 0.0 0.0 35.0 0.0 0.0 0.0 104.0 0.0 
0.0 90.0 0.0 0.0 0.0 0.0 109.0 0.0 0.0 0.0 0.0 142.0 112.0 0.0 0.0 0.0 0.0 0.0 0.0 0.0 293.0 0.0 0.0 263.0 
0.0 0.0 42.0 0.0 0.0 0.0 0.0 0.0 0.0 0.0 0.0 0.0 0.0 75.0 0.0 0.0 0.0 0.0 8.0 0.0 0.0 0.0 0.0 112.0 
0.0 69.0 0.0 0.0 0.0 0.0 100.0 0.0 0.0 87.0 0.0 0.0 0.0 0.0 78.0 0.0 0.0 0.0 0.0 0.0 0.0 0.0 0.0 180.0 
0.0 31.0 0.0 109.0 0.0 100.0 0.0 0.0 0.0 0.0 0.0 43.0 26.0 0.0 0.0 0.0 0.0 0.0 0.0 0.0 0.0 0.0 0.0 0.0 
40.0 0.0 0.0 0.0 0.0 0.0 0.0 0.0 56.0 0.0 0.0 0.0 0.0 144.0 0.0 0.0 0.0 49.0 0.0 0.0 170.0 0.0 0.0 0.0 
0.0 0.0 0.0 0.0 0.0 0.0 0.0 56.0 0.0 0.0 44.0 0.0 0.0 108.0 0.0 0.0 0.0 41.0 0.0 4.0 0.0 68.0 0.0 0.0 
0.0 94.0 0.0 0.0 0.0 87.0 0.0 0.0 0.0 0.0 0.0 0.0 0.0 0.0 91.0 0.0 0.0 0.0 0.0 0.0 187.0 0.0 0.0 0.0 
0.0 0.0 41.0 0.0 0.0 0.0 0.0 0.0 44.0 0.0 0.0 0.0 0.0 0.0 0.0 0.0 0.0 0.0 0.0 3.0 0.0 0.0 62.0 0.0 
0.0 0.0 0.0 142.0 0.0 0.0 43.0 0.0 0.0 0.0 0.0 0.0 17.0 0.0 0.0 0.0 0.0 0.0 0.0 0.0 0.0 0.0 0.0 0.0 
0.0 36.0 0.0 112.0 0.0 0.0 26.0 0.0 0.0 0.0 0.0 17.0 0.0 0.0 0.0 0.0 0.0 0.0 0.0 0.0 0.0 0.0 0.0 0.0 
0.0 0.0 79.0 0.0 75.0 0.0 0.0 144.0 108.0 0.0 0.0 0.0 0.0 0.0 0.0 0.0 0.0 0.0 0.0 0.0 0.0 0.0 0.0 162.0 
0.0 0.0 0.0 0.0 0.0 78.0 0.0 0.0 0.0 91.0 0.0 0.0 0.0 0.0 0.0 0.0 0.0 0.0 0.0 0.0 0.0 0.0 131.0 0.0 
2.0 0.0 0.0 0.0 0.0 0.0 0.0 0.0 0.0 0.0 0.0 0.0 0.0 0.0 0.0 0.0 3.0 0.0 0.0 0.0 14.0 0.0 0.0 0.0 
13.0 0.0 0.0 0.0 0.0 0.0 0.0 0.0 0.0 0.0 0.0 0.0 0.0 0.0 0.0 3.0 0.0 5.0 0.0 0.0 0.0 18.0 0.0 0.0 
56.0 0.0 0.0 0.0 0.0 0.0 0.0 49.0 41.0 0.0 0.0 0.0 0.0 0.0 0.0 0.0 5.0 0.0 0.0 0.0 0.0 80.0 0.0 0.0 
0.0 0.0 35.0 0.0 8.0 0.0 0.0 0.0 0.0 0.0 0.0 0.0 0.0 0.0 0.0 0.0 0.0 0.0 0.0 0.0 0.0 0.0 0.0 98.0 
0.0 0.0 0.0 0.0 0.0 0.0 0.0 0.0 4.0 0.0 3.0 0.0 0.0 0.0 0.0 0.0 0.0 0.0 0.0 0.0 0.0 9.0 0.0 0.0 
134.0 0.0 0.0 293.0 0.0 0.0 0.0 170.0 0.0 187.0 0.0 0.0 0.0 0.0 0.0 14.0 0.0 0.0 0.0 0.0 0.0 170.0 0.0 0.0 
0.0 0.0 0.0 0.0 0.0 0.0 0.0 0.0 68.0 0.0 0.0 0.0 0.0 0.0 0.0 0.0 18.0 80.0 0.0 9.0 170.0 0.0 151.0 0.0 
0.0 0.0 104.0 0.0 0.0 0.0 0.0 0.0 0.0 0.0 62.0 0.0 0.0 0.0 131.0 0.0 0.0 0.0 0.0 0.0 0.0 151.0 0.0 161.0 
0.0 0.0 0.0 263.0 112.0 180.0 0.0 0.0 0.0 0.0 0.0 0.0 0.0 162.0 0.0 0.0 0.0 0.0 98.0 0.0 0.0 0.0 161.0 0.0 
