q
62.0 138.0 198.0 474.0 251.0 319.0 1.0 251.0 432.0 1054.0 821.0 286.0 315.0 507.0 395.0 821.0 1109.0 302.0 1.0 635.0 287.0 0.0 719.0 270.0 
l
0.0 1.0 0.0 35.0 0.0 0.0 0.0 0.0 0.0 0.0 0.0 22.0 0.0 0.0 0.0 0.0 0.0 0.0 0.0 0.0 0.0 0.0 0.0 0.0 
1.0 0.0 0.0 68.0 0.0 0.0 0.0 0.0 0.0 0.0 0.0 20.0 0.0 0.0 39.0 0.0 0.0 0.0 0.0 0.0 0.0 0.0 0.0 0.0 
0.0 0.0 0.0 0.0 0.0 45.0 0.0 0.0 0.0 142.0 0.0 0.0 0.0 0.0 0.0 0.0 0.0 0.0 0.0 0.0 0.0 0.0 0.0 0.0 
35.0 68.0 0.0 0.0 0.0 0.0 0.0 0.0 0.0 0.0 0.0 29.0 0.0 0.0 45.0 0.0 121.0 0.0 0.0 156.0 0.0 0.0 0.0 0.0 
0.0 0.0 0.0 0.0 0.0 0.0 0.0 0.0 0.0 0.0 91.0 0.0 36.0 0.0 0.0 79.0 0.0 32.0 0.0 0.0 0.0 0.0 0.0 0.0 
0.0 0.0 45.0 0.0 0.0 0.0 0.0 0.0 0.0 99.0 0.0 0.0 0.0 42.0 0.0 116.0 0.0 0.0 0.0 0.0 0.0 0.0 0.0 0.0 
0.0 0.0 0.0 0.0 0.0 0.0 0.0 0.0 0.0 0.0 0.0 0.0 0.0 0.0 0.0 0.0 0.0 0.0 0.0 0.0 0.0 0.0 1.0 0.0 
0.0 0.0 0.0 0.0 0.0 0.0 0.0 0.0 70.0 0.0 0.0 0.0 50.0 78.0 0.0 0.0 0.0 41.0 0.0 0.0 0.0 0.0 0.0 0.0 
0.0 0.0 0.0 0.0 0.0 0.0 0.0 70.0 0.0 135.0 90.0 0.0 0.0 58.0 0.0 0.0 0.0 57.0 0.0 0.0 0.0 0.0 0.0 0.0 
0.0 0.0 142.0 0.0 0.0 99.0 0.0 0.0 135.0 0.0 129.0 0.0 0.0 142.0 0.0 0.0 365.0 0.0 0.0 0.0 0.0 0.0 0.0 0.0 
0.0 0.0 0.0 0.0 91.0 0.0 0.0 0.0 90.0 129.0 0.0 0.0 0.0 0.0 0.0 90.0 0.0 122.0 0.0 260.0 0.0 0.0 0.0 0.0 
22.0 20.0 0.0 29.0 0.0 0.0 0.0 0.0 0.0 0.0 0.0 0.0 0.0 0.0 32.0 0.0 170.0 0.0 0.0 0.0 0.0 0.0 0.0 0.0 
0.0 0.0 0.0 0.0 36.0 0.0 0.0 50.0 0.0 0.0 0.0 0.0 0.0 60.0 0.0 112.0 0.0 40.0 0.0 0.0 0.0 0.0 0.0 0.0 
0.0 0.0 0.0 0.0 0.0 42.0 0.0 78.0 58.0 142.0 0.0 0.0 60.0 0.0 0.0 102.0 0.0 0.0 0.0 0.0 0.0 0.0 0.0 0.0 
0.0 39.0 0.0 45.0 0.0 0.0 0.0 0.0 0.0 0.0 0.0 32.0 0.0 0.0 0.0 0.0 163.0 0.0 0.0 0.0 95.0 0.0 0.0 0.0 
0.0 0.0 0.0 0.0 79.0 116.0 0.0 0.0 0.0 0.0 90.0 0.0 112.0 102.0 0.0 0.0 0.0 0.0 0.0 0.0 0.0 0.0 286.0 0.0 
0.0 0.0 0.0 121.0 0.0 0.0 0.0 0.0 0.0 365.0 0.0 170.0 0.0 0.0 163.0 0.0 0.0 0.0 0.0 81.0 0.0 0.0 166.0 0.0 
0.0 0.0 0.0 0.0 32.0 0.0 0.0 41.0 57.0 0.0 122.0 0.0 40.0 0.0 0.0 0.0 0.0 0.0 0.0 0.0 0.0 0.0 0.0 0.0 
0.0 0.0 0.0 0.0 0.0 0.0 0.0 0.0 0.0 0.0 0.0 0.0 0.0 0.0 0.0 0.0 0.0 0.0 0.0 0.0 0.0 0.0 0.0 1.0 
0.0 0.0 0.0 156.0 0.0 0.0 0.0 0.0 0.0 0.0 260.0 0.0 0.0 0.0 0.0 0.0 81.0 0.0 0.0 0.0 0.0 0.0 0.0 106.0 
0.0 0.0 0.0 0.0 0.0 0.0 0.0 0.0 0.0 0.0 0.0 0.0 0.0 0.0 95.0 0.0 0.0 0.0 0.0 0.0 0.0 0.0 129.0 47.0 
0.0 0.0 0.0 0.0 0.0 0.0 0.0 0.0 0.0 0.0 0.0 0.0 0.0 0.0 0.0 0.0 0.0 0.0 0.0 0.0 0.0 0.0 0.0 0.0 
0.0 0.0 0.0 0.0 0.0 0.0 1.0 0.0 0.0 0.0 0.0 0.0 0.0 0.0 0.0 286.0 166.0 0.0 0.0 0.0 129.0 0.0 0.0 106.0 
0.0 0.0 0.0 0.0 0.0 0.0 0.0 0.0 0.0 0.0 0.0 0.0 0.0 0.0 0.0 0.0 0.0 0.0 1.0 106.0 47.0 0.0 106.0 0.0 
