q
285.0 456.0 487.0 274.0 680.0 255.0 258.0 84.0 327.0 277.0 29.0 151.0 803.0 274.0 673.0 23.0 233.0 8.0 180.0 227.0 748.0 906.0 675.0 717.0 
l
0.0 88.0 0.0 0.0 0.0 0.0 0.0 0.0 0.0 51.0 0.0 0.0 0.0 0.0 0.0 0.0 0.0 0.0 0.0 0.0 0.0 0.0 136.0 0.0 
88.0 0.0 0.0 0.0 0.0 0.0 0.0 0.0 0.0 60.0 0.0 0.0 204.0 0.0 0.0 0.0 73.0 0.0 0.0 0.0 0.0 0.0 0.0 0.0 
0.0 0.0 0.0 0.0 127.0 65.0 0.0 22.0 51.0 0.0 0.0 42.0 0.0 0.0 0.0 0.0 0.0 0.0 0.0 0.0 0.0 151.0 0.0 0.0 
0.0 0.0 0.0 0.0 0.0 0.0 0.0 0.0 0.0 0.0 9.0 0.0 0.0 45.0 84.0 0.0 0.0 0.0 0.0 0.0 0.0 0.0 0.0 119.0 
0.0 0.0 127.0 0.0 0.0 73.0 0.0 0.0 83.0 0.0 0.0 0.0 0.0 0.0 192.0 0.0 0.0 0.0 50.0 0.0 0.0 0.0 0.0 118.0 
0.0 0.0 65.0 0.0 73.0 0.0 0.0 0.0 0.0 0.0 0.0 0.0 0.0 0.0 0.0 0.0 0.0 0.0 0.0 0.0 103.0 0.0 0.0 0.0 
0.0 0.0 0.0 0.0 0.0 0.0 0.0 0.0 0.0 0.0 0.0 0.0 107.0 15.0 78.0 0.0 0.0 2.0 0.0 37.0 0.0 0.0 0.0 0.0 
0.0 0.0 22.0 0.0 0.0 0.0 0.0 0.0 0.0 0.0 0.0 9.0 0.0 0.0 0.0 0.0 0.0 0.0 0.0 0.0 0.0 47.0 0.0 0.0 
0.0 0.0 51.0 0.0 83.0 0.0 0.0 0.0 0.0 0.0 0.0 33.0 0.0 0.0 0.0 4.0 0.0 0.0 46.0 0.0 0.0 0.0 90.0 0.0 
51.0 60.0 0.0 0.0 0.0 0.0 0.0 0.0 0.0 0.0 0.0 0.0 0.0 0.0 0.0 0.0 19.0 0.0 0.0 0.0 0.0 135.0 0.0 0.0 
0.0 0.0 0.0 9.0 0.0 0.0 0.0 0.0 0.0 0.0 0.0 0.0 15.0 3.0 0.0 0.0 0.0 0.0 0.0 0.0 0.0 0.0 0.0 0.0 
0.0 0.0 42.0 0.0 0.0 0.0 0.0 9.0 33.0 0.0 0.0 0.0 0.0 0.0 0.0 0.0 0.0 0.0 0.0 0.0 0.0 0.0 61.0 0.0 
0.0 204.0 0.0 0.0 0.0 0.0 107.0 0.0 0.0 0.0 15.0 0.0 0.0 109.0 0.0 0.0 0.0 0.0 0.0 0.0 131.0 0.0 0.0 186.0 
0.0 0.0 0.0 45.0 0.0 0.0 15.0 0.0 0.0 0.0 3.0 0.0 109.0 0.0 87.0 0.0 0.0 0.0 0.0 0.0 0.0 0.0 0.0 0.0 
0.0 0.0 0.0 84.0 192.0 0.0 78.0 0.0 0.0 0.0 0.0 0.0 0.0 87.0 0.0 0.0 0.0 0.0 0.0 68.0 128.0 0.0 0.0 0.0 
0.0 0.0 0.0 0.0 0.0 0.0 0.0 0.0 4.0 0.0 0.0 0.0 0.0 0.0 0.0 0.0 0.0 0.0 5.0 0.0 0.0 0.0 12.0 0.0 
0.0 73.0 0.0 0.0 0.0 0.0 0.0 0.0 0.0 19.0 0.0 0.0 0.0 0.0 0.0 0.0 0.0 0.0 0.0 0.0 0.0 122.0 0.0 0.0 
0.0 0.0 0.0 0.0 0.0 0.0 2.0 0.0 0.0 0.0 0.0 0.0 0.0 0.0 0.0 0.0 0.0 0.0 0.0 2.0 4.0 0.0 0.0 0.0 
0.0 0.0 0.0 0.0 50.0 0.0 0.0 0.0 46.0 0.0 0.0 0.0 0.0 0.0 0.0 5.0 0.0 0.0 0.0 0.0 0.0 0.0 0.0 72.0 
0.0 0.0 0.0 0.0 0.0 0.0 37.0 0.0 0.0 0.0 0.0 0.0 0.0 0.0 68.0 0.0 0.0 2.0 0.0 0.0 106.0 0.0 0.0 0.0 
0.0 0.0 0.0 0.0 0.0 103.0 0.0 0.0 0.0 0.0 0.0 0.0 131.0 0.0 128.0 0.0 0.0 4.0 0.0 106.0 0.0 238.0 0.0 0.0 
0.0 0.0 151.0 0.0 0.0 0.0 0.0 47.0 0.0 135.0 0.0 0.0 0.0 0.0 0.0 0.0 122.0 0.0 0.0 0.0 238.0 0.0 166.0 0.0 
136.0 0.0 0.0 0.0 0.0 0.0 0.0 0.0 90.0 0.0 0.0 61.0 0.0 0.0 0.0 12.0 0.0 0.0 0.0 0.0 0.0 166.0 0.0 176.0 
0.0 0.0 0.0 119.0 118.0 0.0 0.0 0.0 0.0 0.0 0.0 0.0 186.0 0.0 0.0 0.0 0.0 0.0 72.0 0.0 0.0 0.0 176.0 0.0 
