q
2.0 443.0 558.0 13.0 330.0 371.0 482.0 1094.0 448.0 327.0 275.0 180.0 319.0 355.0 251.0 243.0 1.0 402.0 64.0 471.0 704.0 574.0 813.0 812.0 
l
0.0 0.0 0.0 0.0 0.0 0.0 0.0 0.0 0.0 1.0 0.0 0.0 0.0 0.0 0.0 0.0 0.0 0.0 0.0 0.0 0.0 0.0 0.0 1.0 
0.0 0.0 77.0 0.0 0.0 54.0 0.0 142.0 0.0 0.0 0.0 0.0 0.0 0.0 39.0 0.0 0.0 0.0 0.0 110.0 0.0 0.0 0.0 0.0 
0.0 77.0 0.0 0.0 0.0 93.0 111.0 0.0 0.0 0.0 0.0 65.0 0.0 0.0 0.0 0.0 0.0 0.0 0.0 89.0 0.0 98.0 0.0 0.0 
0.0 0.0 0.0 0.0 1.0 0.0 0.0 0.0 0.0 0.0 0.0 0.0 4.0 0.0 0.0 0.0 0.0 0.0 0.0 0.0 0.0 0.0 8.0 0.0 
0.0 0.0 0.0 1.0 0.0 0.0 0.0 0.0 65.0 0.0 0.0 0.0 81.0 32.0 0.0 0.0 0.0 0.0 0.0 0.0 0.0 0.0 140.0 0.0 
0.0 54.0 93.0 0.0 0.0 0.0 0.0 0.0 0.0 0.0 0.0 29.0 0.0 0.0 67.0 0.0 0.0 0.0 0.0 0.0 103.0 0.0 0.0 0.0 
0.0 0.0 111.0 0.0 0.0 0.0 0.0 0.0 0.0 71.0 0.0 0.0 0.0 0.0 0.0 0.0 0.0 108.0 11.0 49.0 0.0 110.0 0.0 0.0 
0.0 142.0 0.0 0.0 0.0 0.0 0.0 0.0 187.0 0.0 143.0 0.0 0.0 0.0 128.0 0.0 0.0 0.0 0.0 0.0 182.0 0.0 0.0 266.0 
0.0 0.0 0.0 0.0 65.0 0.0 0.0 187.0 0.0 0.0 39.0 0.0 73.0 60.0 0.0 0.0 0.0 0.0 0.0 0.0 0.0 0.0 0.0 0.0 
1.0 0.0 0.0 0.0 0.0 0.0 71.0 0.0 0.0 0.0 0.0 0.0 0.0 0.0 0.0 38.0 0.0 41.0 0.0 75.0 0.0 0.0 0.0 88.0 
0.0 0.0 0.0 0.0 0.0 0.0 0.0 143.0 39.0 0.0 0.0 0.0 0.0 87.0 0.0 0.0 0.0 0.0 0.0 0.0 0.0 0.0 0.0 0.0 
0.0 0.0 65.0 0.0 0.0 29.0 0.0 0.0 0.0 0.0 0.0 0.0 0.0 0.0 0.0 0.0 0.0 0.0 0.0 0.0 80.0 0.0 0.0 0.0 
0.0 0.0 0.0 4.0 81.0 0.0 0.0 0.0 73.0 0.0 0.0 0.0 0.0 0.0 0.0 0.0 0.0 0.0 0.0 0.0 137.0 0.0 0.0 0.0 
0.0 0.0 0.0 0.0 32.0 0.0 0.0 0.0 60.0 0.0 87.0 0.0 0.0 0.0 0.0 0.0 0.0 0.0 0.0 0.0 0.0 0.0 155.0 0.0 
0.0 39.0 0.0 0.0 0.0 67.0 0.0 128.0 0.0 0.0 0.0 0.0 0.0 0.0 0.0 0.0 0.0 0.0 0.0 0.0 0.0 0.0 0.0 0.0 
0.0 0.0 0.0 0.0 0.0 0.0 0.0 0.0 0.0 38.0 0.0 0.0 0.0 0.0 0.0 0.0 0.0 50.0 0.0 0.0 0.0 0.0 0.0 138.0 
0.0 0.0 0.0 0.0 0.0 0.0 0.0 0.0 0.0 0.0 0.0 0.0 0.0 0.0 0.0 0.0 0.0 0.0 0.0 0.0 1.0 0.0 0.0 0.0 
0.0 0.0 0.0 0.0 0.0 0.0 108.0 0.0 0.0 41.0 0.0 0.0 0.0 0.0 0.0 50.0 0.0 0.0 21.0 0.0 0.0 0.0 155.0 0.0 
0.0 0.0 0.0 0.0 0.0 0.0 11.0 0.0 0.0 0.0 0.0 0.0 0.0 0.0 0.0 0.0 0.0 21.0 0.0 0.0 0.0 27.0 0.0 0.0 
0.0 110.0 89.0 0.0 0.0 0.0 49.0 0.0 0.0 75.0 0.0 0.0 0.0 0.0 0.0 0.0 0.0 0.0 0.0 0.0 0.0 0.0 0.0 123.0 
0.0 0.0 0.0 0.0 0.0 103.0 0.0 182.0 0.0 0.0 0.0 80.0 137.0 0.0 0.0 0.0 1.0 0.0 0.0 0.0 0.0 156.0 0.0 0.0 
0.0 0.0 98.0 0.0 0.0 0.0 110.0 0.0 0.0 0.0 0.0 0.0 0.0 0.0 0.0 0.0 0.0 0.0 27.0 0.0 156.0 0.0 147.0 0.0 
0.0 0.0 0.0 8.0 140.0 0.0 0.0 0.0 0.0 0.0 0.0 0.0 0.0 155.0 0.0 0.0 0.0 155.0 0.0 0.0 0.0 147.0 0.0 160.0 
1.0 0.0 0.0 0.0 0.0 0.0 0.0 266.0 0.0 88.0 0.0 0.0 0.0 0.0 0.0 138.0 0.0 0.0 0.0 123.0 0.0 0.0 160.0 0.0 
