q
260.0 250.0 6.0 261.0 295.0 477.0 624.0 364.0 458.0 710.0 335.0 29.0 673.0 1.0 1088.0 272.0 233.0 370.0 1.0 314.0 733.0 733.0 995.0 614.0 
l
0.0 0.0 0.0 27.0 48.0 0.0 0.0 0.0 0.0 0.0 0.0 9.0 71.0 1.0 0.0 0.0 0.0 0.0 0.0 0.0 90.0 0.0 0.0 0.0 
0.0 0.0 0.0 0.0 0.0 111.0 0.0 0.0 0.0 0.0 0.0 0.0 0.0 0.0 0.0 0.0 0.0 0.0 0.0 0.0 0.0 0.0 0.0 127.0 
0.0 0.0 0.0 0.0 0.0 1.0 0.0 0.0 3.0 0.0 0.0 0.0 0.0 0.0 0.0 0.0 0.0 0.0 0.0 0.0 0.0 0.0 0.0 2.0 
27.0 0.0 0.0 0.0 0.0 0.0 0.0 0.0 0.0 0.0 0.0 0.0 106.0 0.0 0.0 0.0 0.0 0.0 0.0 0.0 116.0 0.0 0.0 0.0 
48.0 0.0 0.0 0.0 0.0 0.0 0.0 0.0 0.0 0.0 0.0 2.0 88.0 0.0 0.0 0.0 0.0 0.0 0.0 0.0 0.0 137.0 0.0 0.0 
0.0 111.0 1.0 0.0 0.0 0.0 0.0 0.0 100.0 0.0 0.0 0.0 89.0 0.0 152.0 0.0 0.0 0.0 0.0 0.0 0.0 0.0 0.0 0.0 
0.0 0.0 0.0 0.0 0.0 0.0 0.0 69.0 0.0 110.0 93.0 0.0 0.0 0.0 0.0 0.0 73.0 79.0 0.0 0.0 0.0 168.0 0.0 0.0 
0.0 0.0 0.0 0.0 0.0 0.0 69.0 0.0 0.0 66.0 76.0 0.0 0.0 0.0 129.0 0.0 0.0 0.0 0.0 0.0 0.0 0.0 0.0 0.0 
0.0 0.0 3.0 0.0 0.0 100.0 0.0 0.0 0.0 0.0 0.0 0.0 119.0 0.0 0.0 0.0 0.0 0.0 0.0 0.0 0.0 0.0 213.0 0.0 
0.0 0.0 0.0 0.0 0.0 0.0 110.0 66.0 0.0 0.0 0.0 0.0 0.0 0.0 202.0 111.0 0.0 87.0 0.0 95.0 0.0 0.0 0.0 0.0 
0.0 0.0 0.0 0.0 0.0 0.0 93.0 76.0 0.0 0.0 0.0 0.0 0.0 0.0 0.0 0.0 0.0 0.0 0.0 0.0 139.0 0.0 0.0 0.0 
9.0 0.0 0.0 0.0 2.0 0.0 0.0 0.0 0.0 0.0 0.0 0.0 0.0 0.0 0.0 0.0 0.0 0.0 0.0 0.0 0.0 17.0 0.0 0.0 
71.0 0.0 0.0 106.0 88.0 89.0 0.0 0.0 119.0 0.0 0.0 0.0 0.0 0.0 179.0 0.0 0.0 0.0 0.0 0.0 0.0 0.0 0.0 0.0 
1.0 0.0 0.0 0.0 0.0 0.0 0.0 0.0 0.0 0.0 0.0 0.0 0.0 0.0 0.0 0.0 0.0 0.0 0.0 0.0 0.0 0.0 0.0 0.0 
0.0 0.0 0.0 0.0 0.0 152.0 0.0 129.0 0.0 202.0 0.0 0.0 179.0 0.0 0.0 0.0 0.0 0.0 0.0 0.0 198.0 0.0 0.0 175.0 
0.0 0.0 0.0 0.0 0.0 0.0 0.0 0.0 0.0 111.0 0.0 0.0 0.0 0.0 0.0 0.0 0.0 0.0 0.0 46.0 0.0 0.0 0.0 101.0 
0.0 0.0 0.0 0.0 0.0 0.0 73.0 0.0 0.0 0.0 0.0 0.0 0.0 0.0 0.0 0.0 0.0 37.0 0.0 0.0 0.0 0.0 112.0 0.0 
0.0 0.0 0.0 0.0 0.0 0.0 79.0 0.0 0.0 87.0 0.0 0.0 0.0 0.0 0.0 0.0 37.0 0.0 0.0 42.0 0.0 0.0 110.0 0.0 
0.0 0.0 0.0 0.0 0.0 0.0 0.0 0.0 0.0 0.0 0.0 0.0 0.0 0.0 0.0 0.0 0.0 0.0 0.0 0.0 0.0 0.0 0.0 1.0 
0.0 0.0 0.0 0.0 0.0 0.0 0.0 0.0 0.0 95.0 0.0 0.0 0.0 0.0 0.0 46.0 0.0 42.0 0.0 0.0 0.0 0.0 110.0 0.0 
90.0 0.0 0.0 116.0 0.0 0.0 0.0 0.0 0.0 0.0 139.0 0.0 0.0 0.0 198.0 0.0 0.0 0.0 0.0 0.0 0.0 154.0 0.0 0.0 
0.0 0.0 0.0 0.0 137.0 0.0 168.0 0.0 0.0 0.0 0.0 17.0 0.0 0.0 0.0 0.0 0.0 0.0 0.0 0.0 154.0 0.0 220.0 0.0 
0.0 0.0 0.0 0.0 0.0 0.0 0.0 0.0 213.0 0.0 0.0 0.0 0.0 0.0 0.0 0.0 112.0 110.0 0.0 110.0 0.0 220.0 0.0 182.0 
0.0 127.0 2.0 0.0 0.0 0.0 0.0 0.0 0.0 0.0 0.0 0.0 0.0 0.0 175.0 101.0 0.0 0.0 1.0 0.0 0.0 0.0 182.0 0.0 
