q
315.0 245.0 296.0 288.0 478.0 1025.0 209.0 736.0 267.0 1262.0 241.0 974.0 1.0 199.0 17.0 514.0 384.0 385.0 930.0 277.0 550.0 0.0 717.0 
l
0.0 0.0 0.0 0.0 0.0 0.0 0.0 83.0 0.0 0.0 0.0 0.0 0.0 37.0 4.0 0.0 0.0 0.0 0.0 55.0 0.0 0.0 123.0 
0.0 0.0 0.0 0.0 0.0 0.0 0.0 0.0 0.0 0.0 43.0 0.0 0.0 0.0 0.0 0.0 48.0 0.0 139.0 0.0 0.0 0.0 0.0 
0.0 0.0 0.0 37.0 40.0 97.0 30.0 0.0 0.0 0.0 0.0 0.0 0.0 0.0 0.0 78.0 0.0 0.0 0.0 0.0 0.0 0.0 0.0 
0.0 0.0 37.0 0.0 0.0 84.0 0.0 0.0 0.0 0.0 0.0 0.0 0.0 0.0 0.0 50.0 0.0 0.0 0.0 0.0 101.0 0.0 0.0 
0.0 0.0 40.0 0.0 0.0 147.0 53.0 0.0 83.0 0.0 0.0 0.0 0.0 0.0 0.0 85.0 0.0 50.0 0.0 0.0 0.0 0.0 0.0 
0.0 0.0 97.0 84.0 147.0 0.0 120.0 0.0 0.0 406.0 0.0 0.0 0.0 0.0 0.0 0.0 0.0 125.0 0.0 0.0 0.0 0.0 0.0 
0.0 0.0 30.0 0.0 53.0 120.0 0.0 0.0 0.0 0.0 0.0 0.0 0.0 0.0 0.0 0.0 0.0 0.0 0.0 0.0 0.0 0.0 0.0 
83.0 0.0 0.0 0.0 0.0 0.0 0.0 0.0 0.0 196.0 0.0 0.0 0.0 144.0 0.0 0.0 75.0 0.0 131.0 0.0 0.0 0.0 65.0 
0.0 0.0 0.0 0.0 83.0 0.0 0.0 0.0 0.0 0.0 0.0 141.0 0.0 0.0 0.0 0.0 0.0 29.0 0.0 0.0 0.0 0.0 0.0 
0.0 0.0 0.0 0.0 0.0 406.0 0.0 196.0 0.0 0.0 151.0 0.0 0.0 0.0 0.0 0.0 115.0 0.0 0.0 0.0 143.0 0.0 197.0 
0.0 43.0 0.0 0.0 0.0 0.0 0.0 0.0 0.0 151.0 0.0 0.0 0.0 0.0 0.0 0.0 38.0 0.0 0.0 0.0 0.0 0.0 0.0 
0.0 0.0 0.0 0.0 0.0 0.0 0.0 0.0 141.0 0.0 0.0 0.0 0.0 0.0 0.0 159.0 0.0 162.0 244.0 0.0 0.0 0.0 221.0 
0.0 0.0 0.0 0.0 0.0 0.0 0.0 0.0 0.0 0.0 0.0 0.0 0.0 0.0 0.0 0.0 0.0 0.0 0.0 0.0 1.0 0.0 0.0 
37.0 0.0 0.0 0.0 0.0 0.0 0.0 144.0 0.0 0.0 0.0 0.0 0.0 0.0 4.0 0.0 0.0 0.0 0.0 0.0 0.0 0.0 0.0 
4.0 0.0 0.0 0.0 0.0 0.0 0.0 0.0 0.0 0.0 0.0 0.0 0.0 4.0 0.0 0.0 0.0 0.0 0.0 9.0 0.0 0.0 0.0 
0.0 0.0 78.0 50.0 85.0 0.0 0.0 0.0 0.0 0.0 0.0 159.0 0.0 0.0 0.0 0.0 0.0 0.0 0.0 0.0 114.0 0.0 0.0 
0.0 48.0 0.0 0.0 0.0 0.0 0.0 75.0 0.0 115.0 38.0 0.0 0.0 0.0 0.0 0.0 0.0 0.0 95.0 0.0 0.0 0.0 0.0 
0.0 0.0 0.0 0.0 50.0 125.0 0.0 0.0 29.0 0.0 0.0 162.0 0.0 0.0 0.0 0.0 0.0 0.0 0.0 0.0 0.0 0.0 0.0 
0.0 139.0 0.0 0.0 0.0 0.0 0.0 131.0 0.0 0.0 0.0 244.0 0.0 0.0 0.0 0.0 95.0 0.0 0.0 111.0 162.0 0.0 0.0 
55.0 0.0 0.0 0.0 0.0 0.0 0.0 0.0 0.0 0.0 0.0 0.0 0.0 0.0 9.0 0.0 0.0 0.0 111.0 0.0 0.0 0.0 94.0 
0.0 0.0 0.0 101.0 0.0 0.0 0.0 0.0 0.0 143.0 0.0 0.0 1.0 0.0 0.0 114.0 0.0 0.0 162.0 0.0 0.0 0.0 0.0 
0.0 0.0 0.0 0.0 0.0 0.0 0.0 0.0 0.0 0.0 0.0 0.0 0.0 0.0 0.0 0.0 0.0 0.0 0.0 0.0 0.0 0.0 0.0 
123.0 0.0 0.0 0.0 0.0 0.0 0.0 65.0 0.0 197.0 0.0 221.0 0.0 0.0 0.0 0.0 0.0 0.0 0.0 94.0 0.0 0.0 0.0 
