q
291.0 207.0 938.0 1207.0 1217.0 221.0 274.0 1.0 501.0 720.0 330.0 260.0 889.0 1061.0 275.0 378.0 297.0 449.0 250.0 11.0 343.0 360.0 
l
0.0 0.0 78.0 103.0 96.0 0.0 0.0 0.0 0.0 0.0 0.0 0.0 0.0 0.0 0.0 0.0 0.0 0.0 0.0 0.0 0.0 0.0 
0.0 0.0 0.0 0.0 0.0 0.0 0.0 0.0 0.0 0.0 29.0 0.0 0.0 150.0 17.0 0.0 0.0 0.0 0.0 0.0 0.0 0.0 
78.0 0.0 0.0 305.0 0.0 0.0 148.0 0.0 0.0 115.0 0.0 124.0 0.0 0.0 0.0 0.0 0.0 0.0 0.0 0.0 121.0 0.0 
103.0 0.0 305.0 0.0 180.0 0.0 0.0 0.0 0.0 0.0 0.0 0.0 119.0 436.0 0.0 0.0 0.0 0.0 0.0 0.0 0.0 0.0 
96.0 0.0 0.0 180.0 0.0 0.0 0.0 0.0 0.0 278.0 0.0 0.0 202.0 0.0 0.0 0.0 0.0 229.0 0.0 0.0 0.0 180.0 
0.0 0.0 0.0 0.0 0.0 0.0 32.0 0.0 0.0 119.0 0.0 31.0 0.0 0.0 0.0 0.0 22.0 0.0 0.0 3.0 0.0 0.0 
0.0 0.0 148.0 0.0 0.0 32.0 0.0 0.0 0.0 0.0 0.0 22.0 0.0 0.0 0.0 0.0 56.0 0.0 0.0 4.0 0.0 0.0 
0.0 0.0 0.0 0.0 0.0 0.0 0.0 0.0 0.0 0.0 0.0 0.0 0.0 0.0 0.0 0.0 0.0 0.0 0.0 0.0 1.0 0.0 
0.0 0.0 0.0 0.0 0.0 0.0 0.0 0.0 0.0 0.0 93.0 0.0 158.0 78.0 0.0 0.0 0.0 101.0 51.0 0.0 0.0 0.0 
0.0 0.0 115.0 0.0 278.0 119.0 0.0 0.0 0.0 0.0 0.0 67.0 0.0 0.0 0.0 0.0 100.0 0.0 0.0 0.0 0.0 0.0 
0.0 29.0 0.0 0.0 0.0 0.0 0.0 0.0 93.0 0.0 0.0 0.0 0.0 106.0 26.0 58.0 0.0 0.0 0.0 0.0 0.0 0.0 
0.0 0.0 124.0 0.0 0.0 31.0 22.0 0.0 0.0 67.0 0.0 0.0 0.0 0.0 0.0 0.0 0.0 0.0 0.0 3.0 0.0 0.0 
0.0 0.0 0.0 119.0 202.0 0.0 0.0 0.0 158.0 0.0 0.0 0.0 0.0 0.0 0.0 209.0 0.0 0.0 0.0 0.0 146.0 0.0 
0.0 150.0 0.0 436.0 0.0 0.0 0.0 0.0 78.0 0.0 106.0 0.0 0.0 0.0 146.0 0.0 0.0 0.0 93.0 0.0 0.0 0.0 
0.0 17.0 0.0 0.0 0.0 0.0 0.0 0.0 0.0 0.0 26.0 0.0 0.0 146.0 0.0 70.0 0.0 0.0 0.0 0.0 0.0 0.0 
0.0 0.0 0.0 0.0 0.0 0.0 0.0 0.0 0.0 0.0 58.0 0.0 209.0 0.0 70.0 0.0 0.0 0.0 0.0 0.0 0.0 0.0 
0.0 0.0 0.0 0.0 0.0 22.0 56.0 0.0 0.0 100.0 0.0 0.0 0.0 0.0 0.0 0.0 0.0 0.0 0.0 0.0 0.0 99.0 
0.0 0.0 0.0 0.0 229.0 0.0 0.0 0.0 101.0 0.0 0.0 0.0 0.0 0.0 0.0 0.0 0.0 0.0 92.0 0.0 0.0 0.0 
0.0 0.0 0.0 0.0 0.0 0.0 0.0 0.0 51.0 0.0 0.0 0.0 0.0 93.0 0.0 0.0 0.0 92.0 0.0 0.0 0.0 0.0 
0.0 0.0 0.0 0.0 0.0 3.0 4.0 0.0 0.0 0.0 0.0 3.0 0.0 0.0 0.0 0.0 0.0 0.0 0.0 0.0 0.0 0.0 
0.0 0.0 121.0 0.0 0.0 0.0 0.0 1.0 0.0 0.0 0.0 0.0 146.0 0.0 0.0 0.0 0.0 0.0 0.0 0.0 0.0 65.0 
0.0 0.0 0.0 0.0 180.0 0.0 0.0 0.0 0.0 0.0 0.0 0.0 0.0 0.0 0.0 0.0 99.0 0.0 0.0 0.0 65.0 0.0 
