q
769.0 307.0 35.0 255.0 210.0 255.0 320.0 1021.0 419.0 405.0 334.0 246.0 29.0 367.0 240.0 256.0 1.0 1.0 681.0 483.0 902.0 666.0 817.0 1241.0 
l
0.0 0.0 0.0 0.0 0.0 0.0 113.0 0.0 0.0 0.0 0.0 90.0 0.0 95.0 0.0 0.0 0.0 0.0 219.0 103.0 0.0 0.0 99.0 0.0 
0.0 0.0 0.0 0.0 0.0 59.0 0.0 0.0 56.0 0.0 0.0 0.0 4.0 0.0 0.0 17.0 0.0 0.0 0.0 0.0 149.0 0.0 0.0 0.0 
0.0 0.0 0.0 0.0 1.0 0.0 0.0 0.0 0.0 0.0 0.0 0.0 0.0 0.0 0.0 0.0 0.0 0.0 0.0 11.0 0.0 17.0 0.0 0.0 
0.0 0.0 0.0 0.0 0.0 0.0 0.0 111.0 0.0 0.0 59.0 0.0 0.0 0.0 0.0 0.0 0.0 0.0 75.0 0.0 0.0 0.0 0.0 0.0 
0.0 0.0 1.0 0.0 0.0 0.0 0.0 0.0 0.0 0.0 0.0 0.0 0.0 62.0 0.0 0.0 0.0 0.0 0.0 52.0 0.0 84.0 0.0 0.0 
0.0 59.0 0.0 0.0 0.0 0.0 0.0 0.0 21.0 0.0 0.0 0.0 0.0 0.0 0.0 0.0 0.0 0.0 0.0 0.0 0.0 0.0 0.0 162.0 
113.0 0.0 0.0 0.0 0.0 0.0 0.0 0.0 0.0 0.0 49.0 0.0 0.0 0.0 0.0 0.0 0.0 0.0 0.0 0.0 0.0 0.0 0.0 140.0 
0.0 0.0 0.0 111.0 0.0 0.0 0.0 0.0 0.0 124.0 0.0 0.0 0.0 0.0 111.0 0.0 0.0 0.0 106.0 0.0 293.0 0.0 0.0 240.0 
0.0 56.0 0.0 0.0 0.0 21.0 0.0 0.0 0.0 0.0 0.0 0.0 0.0 0.0 0.0 85.0 0.0 0.0 0.0 0.0 0.0 0.0 0.0 230.0 
0.0 0.0 0.0 0.0 0.0 0.0 0.0 124.0 0.0 0.0 0.0 0.0 0.0 0.0 46.0 0.0 0.0 0.0 81.0 140.0 0.0 0.0 0.0 0.0 
0.0 0.0 0.0 59.0 0.0 0.0 49.0 0.0 0.0 0.0 0.0 0.0 0.0 0.0 0.0 0.0 0.0 0.0 88.0 0.0 0.0 0.0 0.0 122.0 
90.0 0.0 0.0 0.0 0.0 0.0 0.0 0.0 0.0 0.0 0.0 0.0 0.0 28.0 0.0 0.0 0.0 0.0 0.0 0.0 0.0 0.0 111.0 0.0 
0.0 4.0 0.0 0.0 0.0 0.0 0.0 0.0 0.0 0.0 0.0 0.0 0.0 0.0 0.0 3.0 0.0 0.0 0.0 0.0 21.0 0.0 0.0 0.0 
95.0 0.0 0.0 0.0 62.0 0.0 0.0 0.0 0.0 0.0 0.0 28.0 0.0 0.0 0.0 0.0 0.0 0.0 0.0 57.0 0.0 0.0 102.0 0.0 
0.0 0.0 0.0 0.0 0.0 0.0 0.0 111.0 0.0 46.0 0.0 0.0 0.0 0.0 0.0 0.0 0.0 0.0 75.0 0.0 0.0 0.0 0.0 0.0 
0.0 17.0 0.0 0.0 0.0 0.0 0.0 0.0 85.0 0.0 0.0 0.0 3.0 0.0 0.0 0.0 0.0 0.0 0.0 0.0 143.0 0.0 0.0 0.0 
0.0 0.0 0.0 0.0 0.0 0.0 0.0 0.0 0.0 0.0 0.0 0.0 0.0 0.0 0.0 0.0 0.0 0.0 0.0 0.0 1.0 0.0 0.0 0.0 
0.0 0.0 0.0 0.0 0.0 0.0 0.0 0.0 0.0 0.0 0.0 0.0 0.0 0.0 0.0 0.0 0.0 0.0 0.0 0.0 0.0 0.0 1.0 0.0 
219.0 0.0 0.0 75.0 0.0 0.0 0.0 106.0 0.0 81.0 88.0 0.0 0.0 0.0 75.0 0.0 0.0 0.0 0.0 0.0 0.0 0.0 0.0 0.0 
103.0 0.0 11.0 0.0 52.0 0.0 0.0 0.0 0.0 140.0 0.0 0.0 0.0 57.0 0.0 0.0 0.0 0.0 0.0 0.0 0.0 101.0 0.0 0.0 
0.0 149.0 0.0 0.0 0.0 0.0 0.0 293.0 0.0 0.0 0.0 0.0 21.0 0.0 0.0 143.0 1.0 0.0 0.0 0.0 0.0 254.0 0.0 0.0 
0.0 0.0 17.0 0.0 84.0 0.0 0.0 0.0 0.0 0.0 0.0 0.0 0.0 0.0 0.0 0.0 0.0 0.0 0.0 101.0 254.0 0.0 177.0 0.0 
99.0 0.0 0.0 0.0 0.0 0.0 0.0 0.0 0.0 0.0 0.0 111.0 0.0 102.0 0.0 0.0 0.0 1.0 0.0 0.0 0.0 177.0 0.0 288.0 
0.0 0.0 0.0 0.0 0.0 162.0 140.0 240.0 230.0 0.0 122.0 0.0 0.0 0.0 0.0 0.0 0.0 0.0 0.0 0.0 0.0 0.0 288.0 0.0 
