q
87.0 679.0 285.0 488.0 380.0 234.0 380.0 1024.0 679.0 15.0 9.0 178.0 322.0 256.0 636.0 300.0 42.0 550.0 223.0 424.0 914.0 792.0 564.0 847.0 
l
0.0 36.0 0.0 0.0 0.0 0.0 0.0 0.0 0.0 0.0 0.0 0.0 0.0 0.0 0.0 0.0 0.0 0.0 5.0 0.0 0.0 43.0 0.0 0.0 
36.0 0.0 0.0 0.0 0.0 0.0 78.0 0.0 0.0 0.0 0.0 0.0 0.0 0.0 160.0 0.0 0.0 88.0 82.0 0.0 192.0 0.0 0.0 0.0 
0.0 0.0 0.0 0.0 60.0 0.0 0.0 128.0 0.0 0.0 0.0 0.0 0.0 0.0 78.0 0.0 0.0 0.0 0.0 0.0 0.0 0.0 0.0 0.0 
0.0 0.0 0.0 0.0 0.0 53.0 0.0 0.0 149.0 0.0 0.0 0.0 0.0 0.0 0.0 0.0 12.0 0.0 0.0 66.0 0.0 177.0 0.0 0.0 
0.0 0.0 60.0 0.0 0.0 0.0 0.0 0.0 0.0 0.0 0.0 0.0 0.0 0.0 59.0 0.0 0.0 88.0 0.0 0.0 0.0 0.0 0.0 147.0 
0.0 0.0 0.0 53.0 0.0 0.0 0.0 0.0 0.0 0.0 0.0 0.0 0.0 0.0 0.0 0.0 1.0 0.0 0.0 50.0 113.0 0.0 0.0 0.0 
0.0 78.0 0.0 0.0 0.0 0.0 0.0 0.0 0.0 0.0 3.0 38.0 0.0 0.0 0.0 0.0 0.0 82.0 29.0 0.0 0.0 127.0 0.0 0.0 
0.0 0.0 128.0 0.0 0.0 0.0 0.0 0.0 0.0 0.0 0.0 0.0 154.0 0.0 182.0 133.0 0.0 0.0 0.0 0.0 241.0 0.0 0.0 140.0 
0.0 0.0 0.0 149.0 0.0 0.0 0.0 0.0 0.0 0.0 0.0 0.0 71.0 69.0 0.0 74.0 0.0 0.0 0.0 109.0 0.0 0.0 0.0 173.0 
0.0 0.0 0.0 0.0 0.0 0.0 0.0 0.0 0.0 0.0 0.0 0.0 0.0 1.0 0.0 3.0 0.0 0.0 0.0 0.0 0.0 0.0 0.0 10.0 
0.0 0.0 0.0 0.0 0.0 0.0 3.0 0.0 0.0 0.0 0.0 1.0 0.0 0.0 0.0 0.0 0.0 0.0 0.0 0.0 0.0 0.0 5.0 0.0 
0.0 0.0 0.0 0.0 0.0 0.0 38.0 0.0 0.0 0.0 1.0 0.0 0.0 0.0 0.0 0.0 0.0 51.0 0.0 0.0 0.0 0.0 80.0 0.0 
0.0 0.0 0.0 0.0 0.0 0.0 0.0 154.0 71.0 0.0 0.0 0.0 0.0 0.0 0.0 27.0 0.0 0.0 0.0 56.0 0.0 0.0 0.0 0.0 
0.0 0.0 0.0 0.0 0.0 0.0 0.0 0.0 69.0 1.0 0.0 0.0 0.0 0.0 0.0 49.0 0.0 0.0 0.0 0.0 0.0 0.0 0.0 124.0 
0.0 160.0 78.0 0.0 59.0 0.0 0.0 182.0 0.0 0.0 0.0 0.0 0.0 0.0 0.0 0.0 0.0 124.0 0.0 0.0 0.0 0.0 0.0 0.0 
0.0 0.0 0.0 0.0 0.0 0.0 0.0 133.0 74.0 3.0 0.0 0.0 27.0 49.0 0.0 0.0 0.0 0.0 0.0 0.0 0.0 0.0 0.0 0.0 
0.0 0.0 0.0 12.0 0.0 1.0 0.0 0.0 0.0 0.0 0.0 0.0 0.0 0.0 0.0 0.0 0.0 0.0 0.0 0.0 27.0 0.0 0.0 0.0 
0.0 88.0 0.0 0.0 88.0 0.0 82.0 0.0 0.0 0.0 0.0 51.0 0.0 0.0 124.0 0.0 0.0 0.0 0.0 0.0 0.0 0.0 92.0 0.0 
5.0 82.0 0.0 0.0 0.0 0.0 29.0 0.0 0.0 0.0 0.0 0.0 0.0 0.0 0.0 0.0 0.0 0.0 0.0 0.0 0.0 95.0 0.0 0.0 
0.0 0.0 0.0 66.0 0.0 50.0 0.0 0.0 109.0 0.0 0.0 0.0 56.0 0.0 0.0 0.0 0.0 0.0 0.0 0.0 129.0 0.0 0.0 0.0 
0.0 192.0 0.0 0.0 0.0 113.0 0.0 241.0 0.0 0.0 0.0 0.0 0.0 0.0 0.0 0.0 27.0 0.0 0.0 129.0 0.0 158.0 0.0 0.0 
43.0 0.0 0.0 177.0 0.0 0.0 127.0 0.0 0.0 0.0 0.0 0.0 0.0 0.0 0.0 0.0 0.0 0.0 95.0 0.0 158.0 0.0 148.0 0.0 
0.0 0.0 0.0 0.0 0.0 0.0 0.0 0.0 0.0 0.0 5.0 80.0 0.0 0.0 0.0 0.0 0.0 92.0 0.0 0.0 0.0 148.0 0.0 203.0 
0.0 0.0 0.0 0.0 147.0 0.0 0.0 140.0 173.0 10.0 0.0 0.0 0.0 124.0 0.0 0.0 0.0 0.0 0.0 0.0 0.0 0.0 203.0 0.0 
