q
266.0 864.0 300.0 655.0 201.0 127.0 551.0 204.0 153.0 651.0 349.0 413.0 93.0 275.0 732.0 322.0 223.0 6.0 217.0 172.0 918.0 610.0 779.0 589.0 
l
0.0 128.0 0.0 0.0 0.0 0.0 73.0 0.0 0.0 0.0 0.0 0.0 0.0 0.0 0.0 48.0 0.0 0.0 0.0 0.0 0.0 0.0 0.0 0.0 
128.0 0.0 0.0 127.0 0.0 0.0 0.0 0.0 0.0 0.0 111.0 0.0 0.0 0.0 0.0 0.0 107.0 0.0 0.0 0.0 176.0 0.0 0.0 175.0 
0.0 0.0 0.0 0.0 0.0 0.0 0.0 0.0 17.0 90.0 0.0 0.0 0.0 0.0 81.0 0.0 0.0 0.0 0.0 0.0 0.0 99.0 0.0 0.0 
0.0 127.0 0.0 0.0 0.0 0.0 0.0 0.0 0.0 92.0 57.0 0.0 0.0 0.0 166.0 0.0 78.0 0.0 101.0 0.0 0.0 0.0 0.0 0.0 
0.0 0.0 0.0 0.0 0.0 0.0 47.0 0.0 0.0 0.0 0.0 0.0 0.0 38.0 0.0 0.0 0.0 0.0 0.0 0.0 106.0 0.0 0.0 0.0 
0.0 0.0 0.0 0.0 0.0 0.0 0.0 0.0 0.0 0.0 0.0 30.0 21.0 0.0 0.0 14.0 0.0 0.0 0.0 0.0 0.0 0.0 0.0 53.0 
73.0 0.0 0.0 0.0 47.0 0.0 0.0 0.0 0.0 0.0 0.0 92.0 0.0 52.0 0.0 86.0 0.0 0.0 0.0 0.0 172.0 0.0 0.0 0.0 
0.0 0.0 0.0 0.0 0.0 0.0 0.0 0.0 0.0 0.0 0.0 0.0 0.0 0.0 66.0 0.0 0.0 2.0 34.0 0.0 0.0 0.0 85.0 0.0 
0.0 0.0 17.0 0.0 0.0 0.0 0.0 0.0 0.0 0.0 0.0 0.0 0.0 0.0 76.0 0.0 0.0 0.0 0.0 0.0 0.0 55.0 0.0 0.0 
0.0 0.0 90.0 92.0 0.0 0.0 0.0 0.0 0.0 0.0 93.0 0.0 0.0 0.0 129.0 0.0 0.0 0.0 0.0 40.0 174.0 0.0 0.0 0.0 
0.0 111.0 0.0 57.0 0.0 0.0 0.0 0.0 0.0 93.0 0.0 0.0 0.0 0.0 0.0 0.0 28.0 0.0 0.0 44.0 0.0 0.0 0.0 0.0 
0.0 0.0 0.0 0.0 0.0 30.0 92.0 0.0 0.0 0.0 0.0 0.0 22.0 64.0 0.0 52.0 0.0 0.0 0.0 0.0 0.0 0.0 133.0 0.0 
0.0 0.0 0.0 0.0 0.0 21.0 0.0 0.0 0.0 0.0 0.0 22.0 0.0 0.0 0.0 0.0 0.0 0.0 0.0 0.0 0.0 0.0 46.0 0.0 
0.0 0.0 0.0 0.0 38.0 0.0 52.0 0.0 0.0 0.0 0.0 64.0 0.0 0.0 0.0 0.0 0.0 0.0 0.0 0.0 0.0 104.0 0.0 0.0 
0.0 0.0 81.0 166.0 0.0 0.0 0.0 66.0 76.0 129.0 0.0 0.0 0.0 0.0 0.0 0.0 0.0 0.0 0.0 0.0 0.0 0.0 177.0 0.0 
48.0 0.0 0.0 0.0 0.0 14.0 86.0 0.0 0.0 0.0 0.0 52.0 0.0 0.0 0.0 0.0 0.0 0.0 0.0 0.0 0.0 0.0 0.0 108.0 
0.0 107.0 0.0 78.0 0.0 0.0 0.0 0.0 0.0 0.0 28.0 0.0 0.0 0.0 0.0 0.0 0.0 0.0 0.0 0.0 0.0 0.0 0.0 0.0 
0.0 0.0 0.0 0.0 0.0 0.0 0.0 2.0 0.0 0.0 0.0 0.0 0.0 0.0 0.0 0.0 0.0 0.0 0.0 0.0 0.0 0.0 0.0 4.0 
0.0 0.0 0.0 101.0 0.0 0.0 0.0 34.0 0.0 0.0 0.0 0.0 0.0 0.0 0.0 0.0 0.0 0.0 0.0 0.0 0.0 0.0 0.0 69.0 
0.0 0.0 0.0 0.0 0.0 0.0 0.0 0.0 0.0 40.0 44.0 0.0 0.0 0.0 0.0 0.0 0.0 0.0 0.0 0.0 74.0 0.0 0.0 0.0 
0.0 176.0 0.0 0.0 106.0 0.0 172.0 0.0 0.0 174.0 0.0 0.0 0.0 0.0 0.0 0.0 0.0 0.0 0.0 74.0 0.0 174.0 0.0 0.0 
0.0 0.0 99.0 0.0 0.0 0.0 0.0 0.0 55.0 0.0 0.0 0.0 0.0 104.0 0.0 0.0 0.0 0.0 0.0 0.0 174.0 0.0 144.0 0.0 
0.0 0.0 0.0 0.0 0.0 0.0 0.0 85.0 0.0 0.0 0.0 133.0 46.0 0.0 177.0 0.0 0.0 0.0 0.0 0.0 0.0 144.0 0.0 151.0 
0.0 175.0 0.0 0.0 0.0 53.0 0.0 0.0 0.0 0.0 0.0 0.0 0.0 0.0 0.0 108.0 0.0 4.0 69.0 0.0 0.0 0.0 151.0 0.0 
