q
2.0 300.0 322.0 7.0 1.0 243.0 626.0 273.0 244.0 24.0 388.0 234.0 593.0 529.0 384.0 826.0 259.0 462.0 399.0 641.0 703.0 581.0 995.0 828.0 
l
0.0 0.0 0.0 0.0 0.0 0.0 0.0 0.0 0.0 0.0 0.0 0.0 2.0 0.0 0.0 0.0 0.0 0.0 0.0 0.0 0.0 0.0 0.0 0.0 
0.0 0.0 0.0 0.0 0.0 0.0 49.0 0.0 0.0 0.0 0.0 0.0 0.0 0.0 0.0 0.0 0.0 0.0 39.0 94.0 0.0 0.0 0.0 100.0 
0.0 0.0 0.0 0.0 0.0 0.0 0.0 0.0 0.0 0.0 0.0 0.0 0.0 0.0 67.0 0.0 0.0 0.0 0.0 87.0 142.0 0.0 0.0 0.0 
0.0 0.0 0.0 0.0 0.0 0.0 0.0 0.0 0.0 0.0 3.0 2.0 0.0 0.0 0.0 0.0 0.0 0.0 0.0 0.0 2.0 0.0 0.0 0.0 
0.0 0.0 0.0 0.0 0.0 0.0 0.0 0.0 0.0 0.0 0.0 0.0 0.0 0.0 0.0 0.0 0.0 0.0 0.0 0.0 0.0 0.0 0.0 1.0 
0.0 0.0 0.0 0.0 0.0 0.0 0.0 0.0 0.0 1.0 0.0 0.0 0.0 57.0 0.0 0.0 0.0 65.0 0.0 0.0 0.0 106.0 0.0 0.0 
0.0 49.0 0.0 0.0 0.0 0.0 0.0 0.0 0.0 0.0 0.0 0.0 0.0 0.0 99.0 0.0 88.0 0.0 74.0 135.0 0.0 0.0 153.0 0.0 
0.0 0.0 0.0 0.0 0.0 0.0 0.0 0.0 0.0 0.0 31.0 23.0 96.0 0.0 0.0 105.0 0.0 0.0 0.0 0.0 0.0 0.0 0.0 0.0 
0.0 0.0 0.0 0.0 0.0 0.0 0.0 0.0 0.0 0.0 0.0 0.0 0.0 0.0 0.0 0.0 17.0 0.0 75.0 0.0 0.0 0.0 141.0 0.0 
0.0 0.0 0.0 0.0 0.0 1.0 0.0 0.0 0.0 0.0 0.0 0.0 0.0 12.0 0.0 0.0 0.0 0.0 0.0 0.0 0.0 9.0 0.0 0.0 
0.0 0.0 0.0 3.0 0.0 0.0 0.0 31.0 0.0 0.0 0.0 64.0 84.0 0.0 0.0 0.0 0.0 75.0 0.0 0.0 115.0 0.0 0.0 0.0 
0.0 0.0 0.0 2.0 0.0 0.0 0.0 23.0 0.0 0.0 64.0 0.0 0.0 0.0 0.0 131.0 0.0 0.0 0.0 0.0 0.0 0.0 0.0 0.0 
2.0 0.0 0.0 0.0 0.0 0.0 0.0 96.0 0.0 0.0 84.0 0.0 0.0 116.0 0.0 0.0 0.0 68.0 0.0 0.0 0.0 0.0 0.0 189.0 
0.0 0.0 0.0 0.0 0.0 57.0 0.0 0.0 0.0 12.0 0.0 0.0 116.0 0.0 0.0 0.0 0.0 108.0 0.0 0.0 0.0 0.0 207.0 0.0 
0.0 0.0 67.0 0.0 0.0 0.0 99.0 0.0 0.0 0.0 0.0 0.0 0.0 0.0 0.0 0.0 0.0 0.0 0.0 87.0 0.0 105.0 0.0 0.0 
0.0 0.0 0.0 0.0 0.0 0.0 0.0 105.0 0.0 0.0 0.0 131.0 0.0 0.0 0.0 0.0 0.0 0.0 0.0 202.0 148.0 0.0 0.0 196.0 
0.0 0.0 0.0 0.0 0.0 0.0 88.0 0.0 17.0 0.0 0.0 0.0 0.0 0.0 0.0 0.0 0.0 0.0 42.0 0.0 0.0 0.0 103.0 0.0 
0.0 0.0 0.0 0.0 0.0 65.0 0.0 0.0 0.0 0.0 75.0 0.0 68.0 108.0 0.0 0.0 0.0 0.0 0.0 0.0 123.0 0.0 0.0 0.0 
0.0 39.0 0.0 0.0 0.0 0.0 74.0 0.0 75.0 0.0 0.0 0.0 0.0 0.0 0.0 0.0 42.0 0.0 0.0 0.0 0.0 0.0 0.0 151.0 
0.0 94.0 87.0 0.0 0.0 0.0 135.0 0.0 0.0 0.0 0.0 0.0 0.0 0.0 87.0 202.0 0.0 0.0 0.0 0.0 0.0 0.0 0.0 0.0 
0.0 0.0 142.0 2.0 0.0 0.0 0.0 0.0 0.0 0.0 115.0 0.0 0.0 0.0 0.0 148.0 0.0 123.0 0.0 0.0 0.0 142.0 0.0 0.0 
0.0 0.0 0.0 0.0 0.0 106.0 0.0 0.0 0.0 9.0 0.0 0.0 0.0 0.0 105.0 0.0 0.0 0.0 0.0 0.0 142.0 0.0 188.0 0.0 
0.0 0.0 0.0 0.0 0.0 0.0 153.0 0.0 141.0 0.0 0.0 0.0 0.0 207.0 0.0 0.0 103.0 0.0 0.0 0.0 0.0 188.0 0.0 156.0 
0.0 100.0 0.0 0.0 1.0 0.0 0.0 0.0 0.0 0.0 0.0 0.0 189.0 0.0 0.0 196.0 0.0 0.0 151.0 0.0 0.0 0.0 156.0 0.0 
