q
372.0 11.0 324.0 491.0 106.0 465.0 503.0 419.0 345.0 570.0 847.0 243.0 162.0 11.0 705.0 320.0 1.0 229.0 256.0 241.0 964.0 918.0 1060.0 763.0 
l
0.0 0.0 85.0 0.0 0.0 0.0 0.0 0.0 0.0 0.0 0.0 0.0 0.0 0.0 0.0 0.0 0.0 0.0 55.0 0.0 0.0 0.0 205.0 0.0 
0.0 0.0 0.0 0.0 0.0 0.0 0.0 0.0 6.0 0.0 0.0 0.0 0.0 0.0 5.0 0.0 0.0 0.0 0.0 0.0 0.0 0.0 0.0 0.0 
85.0 0.0 0.0 0.0 0.0 0.0 0.0 0.0 0.0 0.0 0.0 0.0 0.0 0.0 0.0 0.0 0.0 0.0 36.0 0.0 175.0 0.0 0.0 0.0 
0.0 0.0 0.0 0.0 0.0 0.0 0.0 0.0 59.0 78.0 101.0 0.0 0.0 5.0 123.0 94.0 0.0 0.0 0.0 0.0 0.0 0.0 0.0 0.0 
0.0 0.0 0.0 0.0 0.0 0.0 0.0 24.0 0.0 0.0 0.0 0.0 10.0 0.0 0.0 0.0 0.0 0.0 0.0 0.0 65.0 0.0 0.0 0.0 
0.0 0.0 0.0 0.0 0.0 0.0 50.0 67.0 0.0 0.0 167.0 0.0 0.0 0.0 0.0 0.0 0.0 0.0 0.0 57.0 0.0 98.0 0.0 0.0 
0.0 0.0 0.0 0.0 0.0 50.0 0.0 92.0 95.0 0.0 127.0 0.0 0.0 0.0 0.0 0.0 0.0 0.0 0.0 0.0 113.0 0.0 0.0 0.0 
0.0 0.0 0.0 0.0 24.0 67.0 92.0 0.0 0.0 0.0 0.0 0.0 45.0 0.0 0.0 0.0 0.0 0.0 0.0 45.0 120.0 0.0 0.0 0.0 
0.0 6.0 0.0 59.0 0.0 0.0 95.0 0.0 0.0 0.0 92.0 0.0 0.0 1.0 78.0 0.0 0.0 0.0 0.0 0.0 0.0 0.0 0.0 0.0 
0.0 0.0 0.0 78.0 0.0 0.0 0.0 0.0 0.0 0.0 151.0 96.0 0.0 0.0 0.0 78.0 0.0 0.0 0.0 0.0 0.0 0.0 136.0 0.0 
0.0 0.0 0.0 101.0 0.0 167.0 127.0 0.0 92.0 151.0 0.0 0.0 0.0 0.0 0.0 0.0 0.0 0.0 0.0 0.0 0.0 0.0 161.0 0.0 
0.0 0.0 0.0 0.0 0.0 0.0 0.0 0.0 0.0 96.0 0.0 0.0 0.0 0.0 0.0 11.0 0.0 28.0 0.0 0.0 0.0 0.0 0.0 89.0 
0.0 0.0 0.0 0.0 10.0 0.0 0.0 45.0 0.0 0.0 0.0 0.0 0.0 0.0 0.0 0.0 0.0 0.0 0.0 15.0 0.0 88.0 0.0 0.0 
0.0 0.0 0.0 5.0 0.0 0.0 0.0 0.0 1.0 0.0 0.0 0.0 0.0 0.0 5.0 0.0 0.0 0.0 0.0 0.0 0.0 0.0 0.0 0.0 
0.0 5.0 0.0 123.0 0.0 0.0 0.0 0.0 78.0 0.0 0.0 0.0 0.0 5.0 0.0 0.0 0.0 0.0 0.0 0.0 271.0 0.0 0.0 187.0 
0.0 0.0 0.0 94.0 0.0 0.0 0.0 0.0 0.0 78.0 0.0 11.0 0.0 0.0 0.0 0.0 0.0 51.0 0.0 0.0 0.0 0.0 0.0 64.0 
0.0 0.0 0.0 0.0 0.0 0.0 0.0 0.0 0.0 0.0 0.0 0.0 0.0 0.0 0.0 0.0 0.0 0.0 0.0 0.0 0.0 0.0 0.0 1.0 
0.0 0.0 0.0 0.0 0.0 0.0 0.0 0.0 0.0 0.0 0.0 28.0 0.0 0.0 0.0 51.0 0.0 0.0 0.0 0.0 0.0 0.0 0.0 135.0 
55.0 0.0 36.0 0.0 0.0 0.0 0.0 0.0 0.0 0.0 0.0 0.0 0.0 0.0 0.0 0.0 0.0 0.0 0.0 0.0 0.0 148.0 0.0 0.0 
0.0 0.0 0.0 0.0 0.0 57.0 0.0 45.0 0.0 0.0 0.0 0.0 15.0 0.0 0.0 0.0 0.0 0.0 0.0 0.0 0.0 112.0 0.0 0.0 
0.0 0.0 175.0 0.0 65.0 0.0 113.0 120.0 0.0 0.0 0.0 0.0 0.0 0.0 271.0 0.0 0.0 0.0 0.0 0.0 0.0 160.0 0.0 0.0 
0.0 0.0 0.0 0.0 0.0 98.0 0.0 0.0 0.0 0.0 0.0 0.0 88.0 0.0 0.0 0.0 0.0 0.0 148.0 112.0 160.0 0.0 264.0 0.0 
205.0 0.0 0.0 0.0 0.0 0.0 0.0 0.0 0.0 136.0 161.0 0.0 0.0 0.0 0.0 0.0 0.0 0.0 0.0 0.0 0.0 264.0 0.0 245.0 
0.0 0.0 0.0 0.0 0.0 0.0 0.0 0.0 0.0 0.0 0.0 89.0 0.0 0.0 187.0 64.0 1.0 135.0 0.0 0.0 0.0 0.0 245.0 0.0 
