q
316.0 1.0 1009.0 256.0 269.0 436.0 247.0 272.0 80.0 420.0 528.0 521.0 1.0 6.0 323.0 438.0 351.0 1181.0 220.0 643.0 780.0 668.0 1026.0 680.0 
l
0.0 0.0 0.0 44.0 0.0 65.0 0.0 0.0 0.0 0.0 0.0 0.0 0.0 0.0 0.0 79.0 0.0 0.0 0.0 0.0 118.0 0.0 0.0 0.0 
0.0 0.0 0.0 0.0 0.0 0.0 0.0 0.0 0.0 0.0 0.0 0.0 0.0 0.0 0.0 0.0 0.0 0.0 0.0 0.0 0.0 1.0 0.0 0.0 
0.0 0.0 0.0 0.0 0.0 126.0 0.0 0.0 0.0 0.0 178.0 0.0 0.0 0.0 113.0 128.0 0.0 224.0 0.0 196.0 0.0 0.0 0.0 0.0 
44.0 0.0 0.0 0.0 0.0 0.0 0.0 0.0 0.0 0.0 0.0 0.0 0.0 0.0 0.0 39.0 0.0 160.0 0.0 0.0 0.0 0.0 0.0 0.0 
0.0 0.0 0.0 0.0 0.0 0.0 0.0 0.0 0.0 0.0 0.0 0.0 0.0 0.0 0.0 0.0 0.0 0.0 0.0 129.0 0.0 0.0 0.0 124.0 
65.0 0.0 126.0 0.0 0.0 0.0 0.0 0.0 0.0 0.0 0.0 0.0 0.0 0.0 73.0 40.0 0.0 0.0 0.0 0.0 111.0 0.0 0.0 0.0 
0.0 0.0 0.0 0.0 0.0 0.0 0.0 22.0 0.0 0.0 98.0 0.0 0.0 0.0 0.0 0.0 0.0 0.0 0.0 0.0 0.0 0.0 117.0 0.0 
0.0 0.0 0.0 0.0 0.0 0.0 22.0 0.0 0.0 0.0 59.0 0.0 0.0 0.0 0.0 0.0 0.0 0.0 0.0 65.0 0.0 0.0 114.0 0.0 
0.0 0.0 0.0 0.0 0.0 0.0 0.0 0.0 0.0 0.0 0.0 0.0 0.0 0.0 26.0 0.0 0.0 0.0 0.0 0.0 0.0 52.0 0.0 0.0 
0.0 0.0 0.0 0.0 0.0 0.0 0.0 0.0 0.0 0.0 0.0 95.0 0.0 2.0 0.0 0.0 48.0 201.0 51.0 0.0 0.0 0.0 0.0 0.0 
0.0 0.0 178.0 0.0 0.0 0.0 98.0 59.0 0.0 0.0 0.0 0.0 0.0 0.0 0.0 0.0 0.0 0.0 0.0 69.0 0.0 108.0 0.0 0.0 
0.0 0.0 0.0 0.0 0.0 0.0 0.0 0.0 0.0 95.0 0.0 0.0 0.0 0.0 0.0 0.0 111.0 0.0 64.0 0.0 0.0 0.0 221.0 0.0 
0.0 0.0 0.0 0.0 0.0 0.0 0.0 0.0 0.0 0.0 0.0 0.0 0.0 0.0 0.0 0.0 0.0 0.0 0.0 0.0 1.0 0.0 0.0 0.0 
0.0 0.0 0.0 0.0 0.0 0.0 0.0 0.0 0.0 2.0 0.0 0.0 0.0 0.0 0.0 0.0 0.0 0.0 0.0 0.0 0.0 0.0 0.0 4.0 
0.0 0.0 113.0 0.0 0.0 73.0 0.0 0.0 26.0 0.0 0.0 0.0 0.0 0.0 0.0 0.0 0.0 0.0 0.0 0.0 0.0 92.0 0.0 0.0 
79.0 0.0 128.0 39.0 0.0 40.0 0.0 0.0 0.0 0.0 0.0 0.0 0.0 0.0 0.0 0.0 0.0 131.0 0.0 0.0 0.0 0.0 0.0 0.0 
0.0 0.0 0.0 0.0 0.0 0.0 0.0 0.0 0.0 48.0 0.0 111.0 0.0 0.0 0.0 0.0 0.0 0.0 0.0 0.0 168.0 0.0 0.0 0.0 
0.0 0.0 224.0 160.0 0.0 0.0 0.0 0.0 0.0 201.0 0.0 0.0 0.0 0.0 0.0 131.0 0.0 0.0 0.0 0.0 164.0 0.0 0.0 243.0 
0.0 0.0 0.0 0.0 0.0 0.0 0.0 0.0 0.0 51.0 0.0 64.0 0.0 0.0 0.0 0.0 0.0 0.0 0.0 0.0 0.0 0.0 0.0 92.0 
0.0 0.0 196.0 0.0 129.0 0.0 0.0 65.0 0.0 0.0 69.0 0.0 0.0 0.0 0.0 0.0 0.0 0.0 0.0 0.0 0.0 0.0 146.0 0.0 
118.0 0.0 0.0 0.0 0.0 111.0 0.0 0.0 0.0 0.0 0.0 0.0 1.0 0.0 0.0 0.0 168.0 164.0 0.0 0.0 0.0 182.0 0.0 0.0 
0.0 1.0 0.0 0.0 0.0 0.0 0.0 0.0 52.0 0.0 108.0 0.0 0.0 0.0 92.0 0.0 0.0 0.0 0.0 0.0 182.0 0.0 206.0 0.0 
0.0 0.0 0.0 0.0 0.0 0.0 117.0 114.0 0.0 0.0 0.0 221.0 0.0 0.0 0.0 0.0 0.0 0.0 0.0 146.0 0.0 206.0 0.0 184.0 
0.0 0.0 0.0 0.0 124.0 0.0 0.0 0.0 0.0 0.0 0.0 0.0 0.0 4.0 0.0 0.0 0.0 243.0 92.0 0.0 0.0 0.0 184.0 0.0 
