q
536.0 298.0 178.0 308.0 53.0 609.0 1055.0 22.0 407.0 199.0 686.0 252.0 230.0 218.0 8.0 223.0 260.0 458.0 355.0 639.0 990.0 883.0 1066.0 717.0 
l
0.0 0.0 0.0 0.0 0.0 0.0 0.0 0.0 0.0 0.0 105.0 0.0 0.0 0.0 0.0 111.0 0.0 63.0 55.0 0.0 0.0 0.0 182.0 0.0 
0.0 0.0 0.0 0.0 0.0 92.0 0.0 0.0 0.0 0.0 0.0 44.0 0.0 0.0 0.0 0.0 0.0 0.0 0.0 0.0 151.0 0.0 0.0 0.0 
0.0 0.0 0.0 0.0 0.0 0.0 0.0 0.0 0.0 0.0 0.0 0.0 0.0 0.0 0.0 0.0 42.0 0.0 0.0 34.0 0.0 0.0 91.0 0.0 
0.0 0.0 0.0 0.0 0.0 0.0 0.0 0.0 0.0 0.0 94.0 0.0 23.0 0.0 1.0 0.0 0.0 56.0 0.0 0.0 0.0 119.0 0.0 0.0 
0.0 0.0 0.0 0.0 0.0 0.0 0.0 6.0 0.0 4.0 0.0 0.0 0.0 0.0 0.0 0.0 0.0 0.0 15.0 0.0 24.0 0.0 0.0 0.0 
0.0 92.0 0.0 0.0 0.0 0.0 129.0 0.0 118.0 0.0 0.0 71.0 0.0 35.0 0.0 0.0 0.0 0.0 0.0 131.0 0.0 0.0 0.0 0.0 
0.0 0.0 0.0 0.0 0.0 129.0 0.0 0.0 0.0 0.0 0.0 127.0 0.0 98.0 0.0 0.0 128.0 0.0 0.0 0.0 264.0 0.0 0.0 253.0 
0.0 0.0 0.0 0.0 6.0 0.0 0.0 0.0 0.0 0.0 0.0 0.0 0.0 0.0 0.0 0.0 0.0 0.0 7.0 0.0 0.0 0.0 0.0 8.0 
0.0 0.0 0.0 0.0 0.0 118.0 0.0 0.0 0.0 0.0 0.0 0.0 0.0 0.0 0.0 0.0 0.0 0.0 0.0 90.0 0.0 175.0 0.0 0.0 
0.0 0.0 0.0 0.0 4.0 0.0 0.0 0.0 0.0 0.0 69.0 0.0 0.0 0.0 0.0 0.0 0.0 0.0 42.0 0.0 79.0 0.0 0.0 0.0 
105.0 0.0 0.0 94.0 0.0 0.0 0.0 0.0 0.0 69.0 0.0 0.0 0.0 0.0 0.0 0.0 0.0 101.0 77.0 0.0 202.0 0.0 0.0 0.0 
0.0 44.0 0.0 0.0 0.0 71.0 127.0 0.0 0.0 0.0 0.0 0.0 0.0 0.0 0.0 0.0 0.0 0.0 0.0 0.0 0.0 0.0 0.0 0.0 
0.0 0.0 0.0 23.0 0.0 0.0 0.0 0.0 0.0 0.0 0.0 0.0 0.0 0.0 1.0 0.0 0.0 66.0 0.0 0.0 0.0 129.0 0.0 0.0 
0.0 0.0 0.0 0.0 0.0 35.0 98.0 0.0 0.0 0.0 0.0 0.0 0.0 0.0 0.0 0.0 16.0 0.0 0.0 60.0 0.0 0.0 0.0 0.0 
0.0 0.0 0.0 1.0 0.0 0.0 0.0 0.0 0.0 0.0 0.0 0.0 1.0 0.0 0.0 0.0 0.0 0.0 0.0 0.0 0.0 4.0 0.0 0.0 
111.0 0.0 0.0 0.0 0.0 0.0 0.0 0.0 0.0 0.0 0.0 0.0 0.0 0.0 0.0 0.0 0.0 0.0 0.0 0.0 0.0 0.0 0.0 103.0 
0.0 0.0 42.0 0.0 0.0 0.0 128.0 0.0 0.0 0.0 0.0 0.0 0.0 16.0 0.0 0.0 0.0 0.0 0.0 65.0 0.0 0.0 0.0 0.0 
63.0 0.0 0.0 56.0 0.0 0.0 0.0 0.0 0.0 0.0 101.0 0.0 66.0 0.0 0.0 0.0 0.0 0.0 0.0 0.0 0.0 0.0 146.0 0.0 
55.0 0.0 0.0 0.0 15.0 0.0 0.0 7.0 0.0 42.0 77.0 0.0 0.0 0.0 0.0 0.0 0.0 0.0 0.0 0.0 0.0 0.0 0.0 138.0 
0.0 0.0 34.0 0.0 0.0 131.0 0.0 0.0 90.0 0.0 0.0 0.0 0.0 60.0 0.0 0.0 65.0 0.0 0.0 0.0 0.0 0.0 229.0 0.0 
0.0 151.0 0.0 0.0 24.0 0.0 264.0 0.0 0.0 79.0 202.0 0.0 0.0 0.0 0.0 0.0 0.0 0.0 0.0 0.0 0.0 211.0 0.0 0.0 
0.0 0.0 0.0 119.0 0.0 0.0 0.0 0.0 175.0 0.0 0.0 0.0 129.0 0.0 4.0 0.0 0.0 0.0 0.0 0.0 211.0 0.0 190.0 0.0 
182.0 0.0 91.0 0.0 0.0 0.0 0.0 0.0 0.0 0.0 0.0 0.0 0.0 0.0 0.0 0.0 0.0 146.0 0.0 229.0 0.0 190.0 0.0 170.0 
0.0 0.0 0.0 0.0 0.0 0.0 253.0 8.0 0.0 0.0 0.0 0.0 0.0 0.0 0.0 103.0 0.0 0.0 138.0 0.0 0.0 0.0 170.0 0.0 
