q
22.0 138.0 492.0 192.0 453.0 185.0 473.0 1.0 138.0 673.0 579.0 266.0 497.0 798.0 142.0 480.0 809.0 300.0 246.0 302.0 922.0 1089.0 657.0 892.0 
l
0.0 0.0 0.0 1.0 0.0 0.0 0.0 0.0 0.0 0.0 0.0 0.0 0.0 17.0 0.0 0.0 0.0 3.0 0.0 0.0 0.0 0.0 0.0 0.0 
0.0 0.0 0.0 0.0 0.0 0.0 0.0 0.0 3.0 0.0 59.0 0.0 0.0 0.0 0.0 0.0 0.0 0.0 0.0 0.0 0.0 0.0 66.0 0.0 
0.0 0.0 0.0 0.0 0.0 0.0 82.0 0.0 0.0 71.0 0.0 82.0 0.0 0.0 0.0 0.0 125.0 0.0 0.0 0.0 102.0 0.0 0.0 0.0 
1.0 0.0 0.0 0.0 0.0 0.0 37.0 0.0 0.0 69.0 0.0 0.0 0.0 62.0 0.0 0.0 0.0 16.0 0.0 0.0 0.0 0.0 0.0 0.0 
0.0 0.0 0.0 0.0 0.0 0.0 0.0 0.0 0.0 0.0 79.0 0.0 75.0 0.0 0.0 70.0 114.0 0.0 0.0 0.0 0.0 96.0 0.0 0.0 
0.0 0.0 0.0 0.0 0.0 0.0 43.0 0.0 0.0 0.0 0.0 0.0 0.0 0.0 6.0 0.0 0.0 32.0 0.0 0.0 96.0 0.0 0.0 0.0 
0.0 0.0 82.0 37.0 0.0 43.0 0.0 0.0 0.0 95.0 0.0 0.0 0.0 0.0 0.0 0.0 0.0 64.0 0.0 0.0 130.0 0.0 0.0 0.0 
0.0 0.0 0.0 0.0 0.0 0.0 0.0 0.0 0.0 0.0 0.0 0.0 0.0 0.0 0.0 0.0 0.0 0.0 0.0 0.0 0.0 0.0 1.0 0.0 
0.0 3.0 0.0 0.0 0.0 0.0 0.0 0.0 0.0 0.0 54.0 0.0 0.0 0.0 0.0 0.0 0.0 0.0 11.0 0.0 0.0 0.0 65.0 0.0 
0.0 0.0 71.0 69.0 0.0 0.0 95.0 0.0 0.0 0.0 0.0 0.0 0.0 106.0 0.0 0.0 173.0 0.0 0.0 123.0 0.0 0.0 0.0 0.0 
0.0 59.0 0.0 0.0 79.0 0.0 0.0 0.0 54.0 0.0 0.0 0.0 93.0 0.0 0.0 0.0 0.0 0.0 69.0 0.0 0.0 188.0 0.0 0.0 
0.0 0.0 82.0 0.0 0.0 0.0 0.0 0.0 0.0 0.0 0.0 0.0 0.0 0.0 0.0 0.0 69.0 0.0 0.0 0.0 0.0 101.0 0.0 0.0 
0.0 0.0 0.0 0.0 75.0 0.0 0.0 0.0 0.0 0.0 93.0 0.0 0.0 0.0 0.0 76.0 0.0 0.0 74.0 0.0 0.0 0.0 0.0 158.0 
17.0 0.0 0.0 62.0 0.0 0.0 0.0 0.0 0.0 106.0 0.0 0.0 0.0 0.0 0.0 0.0 0.0 135.0 0.0 0.0 148.0 0.0 0.0 297.0 
0.0 0.0 0.0 0.0 0.0 6.0 0.0 0.0 0.0 0.0 0.0 0.0 0.0 0.0 0.0 0.0 0.0 36.0 0.0 0.0 94.0 0.0 0.0 0.0 
0.0 0.0 0.0 0.0 70.0 0.0 0.0 0.0 0.0 0.0 0.0 0.0 76.0 0.0 0.0 0.0 141.0 0.0 0.0 63.0 0.0 0.0 0.0 100.0 
0.0 0.0 125.0 0.0 114.0 0.0 0.0 0.0 0.0 173.0 0.0 69.0 0.0 0.0 0.0 141.0 0.0 0.0 0.0 0.0 0.0 130.0 0.0 0.0 
3.0 0.0 0.0 16.0 0.0 32.0 64.0 0.0 0.0 0.0 0.0 0.0 0.0 135.0 36.0 0.0 0.0 0.0 0.0 0.0 0.0 0.0 0.0 0.0 
0.0 0.0 0.0 0.0 0.0 0.0 0.0 0.0 11.0 0.0 69.0 0.0 74.0 0.0 0.0 0.0 0.0 0.0 0.0 0.0 0.0 0.0 77.0 0.0 
0.0 0.0 0.0 0.0 0.0 0.0 0.0 0.0 0.0 123.0 0.0 0.0 0.0 0.0 0.0 63.0 0.0 0.0 0.0 0.0 0.0 0.0 0.0 93.0 
0.0 0.0 102.0 0.0 0.0 96.0 130.0 0.0 0.0 0.0 0.0 0.0 0.0 148.0 94.0 0.0 0.0 0.0 0.0 0.0 0.0 299.0 0.0 0.0 
0.0 0.0 0.0 0.0 96.0 0.0 0.0 0.0 0.0 0.0 188.0 101.0 0.0 0.0 0.0 0.0 130.0 0.0 0.0 0.0 299.0 0.0 216.0 0.0 
0.0 66.0 0.0 0.0 0.0 0.0 0.0 1.0 65.0 0.0 0.0 0.0 0.0 0.0 0.0 0.0 0.0 0.0 77.0 0.0 0.0 216.0 0.0 206.0 
0.0 0.0 0.0 0.0 0.0 0.0 0.0 0.0 0.0 0.0 0.0 0.0 158.0 297.0 0.0 100.0 0.0 0.0 0.0 93.0 0.0 0.0 206.0 0.0 
