q
600.0 548.0 290.0 83.0 31.0 177.0 353.0 657.0 224.0 311.0 265.0 434.0 255.0 695.0 806.0 215.0 224.0 363.0 267.0 45.0 984.0 832.0 802.0 773.0 
l
0.0 101.0 0.0 0.0 0.0 50.0 0.0 0.0 73.0 80.0 0.0 96.0 0.0 0.0 0.0 0.0 0.0 0.0 0.0 0.0 0.0 0.0 0.0 166.0 
101.0 0.0 0.0 0.0 0.0 0.0 0.0 0.0 43.0 0.0 0.0 79.0 0.0 0.0 162.0 71.0 64.0 0.0 0.0 0.0 0.0 0.0 0.0 0.0 
0.0 0.0 0.0 0.0 0.0 0.0 49.0 0.0 0.0 0.0 0.0 0.0 0.0 75.0 0.0 0.0 0.0 36.0 0.0 0.0 0.0 0.0 0.0 113.0 
0.0 0.0 0.0 0.0 0.0 0.0 0.0 0.0 0.0 16.0 0.0 15.0 0.0 0.0 0.0 0.0 0.0 0.0 0.0 0.0 0.0 46.0 0.0 0.0 
0.0 0.0 0.0 0.0 0.0 0.0 3.0 0.0 0.0 0.0 0.0 0.0 0.0 0.0 17.0 0.0 0.0 0.0 8.0 0.0 0.0 0.0 0.0 0.0 
50.0 0.0 0.0 0.0 0.0 0.0 0.0 0.0 0.0 18.0 0.0 0.0 0.0 0.0 0.0 0.0 0.0 0.0 0.0 4.0 0.0 0.0 90.0 0.0 
0.0 0.0 49.0 0.0 3.0 0.0 0.0 0.0 0.0 0.0 0.0 0.0 0.0 98.0 151.0 0.0 0.0 0.0 41.0 0.0 0.0 0.0 0.0 0.0 
0.0 0.0 0.0 0.0 0.0 0.0 0.0 0.0 0.0 0.0 93.0 0.0 79.0 174.0 0.0 0.0 0.0 87.0 0.0 0.0 0.0 0.0 192.0 0.0 
73.0 43.0 0.0 0.0 0.0 0.0 0.0 0.0 0.0 0.0 0.0 0.0 0.0 0.0 98.0 0.0 0.0 0.0 0.0 0.0 0.0 0.0 0.0 0.0 
80.0 0.0 0.0 16.0 0.0 18.0 0.0 0.0 0.0 0.0 0.0 61.0 0.0 0.0 0.0 0.0 0.0 0.0 0.0 7.0 0.0 0.0 113.0 0.0 
0.0 0.0 0.0 0.0 0.0 0.0 0.0 93.0 0.0 0.0 0.0 0.0 37.0 0.0 0.0 0.0 0.0 0.0 0.0 0.0 0.0 117.0 0.0 0.0 
96.0 79.0 0.0 15.0 0.0 0.0 0.0 0.0 0.0 61.0 0.0 0.0 0.0 0.0 0.0 0.0 32.0 0.0 0.0 0.0 0.0 135.0 0.0 0.0 
0.0 0.0 0.0 0.0 0.0 0.0 0.0 79.0 0.0 0.0 37.0 0.0 0.0 0.0 0.0 0.0 0.0 0.0 0.0 0.0 129.0 0.0 0.0 0.0 
0.0 0.0 75.0 0.0 0.0 0.0 98.0 174.0 0.0 0.0 0.0 0.0 0.0 0.0 0.0 0.0 0.0 90.0 71.0 0.0 160.0 0.0 0.0 0.0 
0.0 162.0 0.0 0.0 17.0 0.0 151.0 0.0 98.0 0.0 0.0 0.0 0.0 0.0 0.0 0.0 0.0 0.0 0.0 0.0 181.0 0.0 0.0 161.0 
0.0 71.0 0.0 0.0 0.0 0.0 0.0 0.0 0.0 0.0 0.0 0.0 0.0 0.0 0.0 0.0 34.0 0.0 0.0 0.0 99.0 0.0 0.0 0.0 
0.0 64.0 0.0 0.0 0.0 0.0 0.0 0.0 0.0 0.0 0.0 32.0 0.0 0.0 0.0 34.0 0.0 0.0 0.0 0.0 0.0 87.0 0.0 0.0 
0.0 0.0 36.0 0.0 0.0 0.0 0.0 87.0 0.0 0.0 0.0 0.0 0.0 90.0 0.0 0.0 0.0 0.0 0.0 0.0 0.0 0.0 0.0 130.0 
0.0 0.0 0.0 0.0 8.0 0.0 41.0 0.0 0.0 0.0 0.0 0.0 0.0 71.0 0.0 0.0 0.0 0.0 0.0 0.0 135.0 0.0 0.0 0.0 
0.0 0.0 0.0 0.0 0.0 4.0 0.0 0.0 0.0 7.0 0.0 0.0 0.0 0.0 0.0 0.0 0.0 0.0 0.0 0.0 0.0 0.0 32.0 0.0 
0.0 0.0 0.0 0.0 0.0 0.0 0.0 0.0 0.0 0.0 0.0 0.0 129.0 160.0 181.0 99.0 0.0 0.0 135.0 0.0 0.0 229.0 0.0 0.0 
0.0 0.0 0.0 46.0 0.0 0.0 0.0 0.0 0.0 0.0 117.0 135.0 0.0 0.0 0.0 0.0 87.0 0.0 0.0 0.0 229.0 0.0 175.0 0.0 
0.0 0.0 0.0 0.0 0.0 90.0 0.0 192.0 0.0 113.0 0.0 0.0 0.0 0.0 0.0 0.0 0.0 0.0 0.0 32.0 0.0 175.0 0.0 155.0 
166.0 0.0 113.0 0.0 0.0 0.0 0.0 0.0 0.0 0.0 0.0 0.0 0.0 0.0 161.0 0.0 0.0 130.0 0.0 0.0 0.0 0.0 155.0 0.0 
