q
567.0 249.0 255.0 355.0 334.0 279.0 603.0 2.0 584.0 1.0 267.0 660.0 992.0 389.0 548.0 286.0 286.0 406.0 122.0 2.0 796.0 798.0 894.0 951.0 
l
0.0 81.0 0.0 0.0 0.0 0.0 0.0 0.0 121.0 0.0 0.0 0.0 0.0 65.0 0.0 0.0 0.0 100.0 0.0 0.0 0.0 176.0 0.0 0.0 
81.0 0.0 0.0 0.0 0.0 0.0 0.0 0.0 0.0 0.0 0.0 0.0 0.0 27.0 0.0 0.0 0.0 0.0 0.0 0.0 0.0 0.0 129.0 0.0 
0.0 0.0 0.0 0.0 0.0 37.0 0.0 0.0 0.0 0.0 0.0 88.0 0.0 0.0 0.0 0.0 0.0 0.0 0.0 0.0 0.0 0.0 116.0 0.0 
0.0 0.0 0.0 0.0 0.0 0.0 88.0 0.0 0.0 0.0 0.0 95.0 0.0 0.0 0.0 34.0 0.0 0.0 0.0 0.0 0.0 0.0 0.0 112.0 
0.0 0.0 0.0 0.0 0.0 38.0 0.0 0.0 0.0 0.0 0.0 63.0 0.0 0.0 92.0 0.0 0.0 0.0 0.0 1.0 0.0 120.0 0.0 0.0 
0.0 0.0 37.0 0.0 38.0 0.0 0.0 0.0 0.0 0.0 0.0 85.0 0.0 0.0 0.0 0.0 0.0 0.0 0.0 1.0 0.0 107.0 0.0 0.0 
0.0 0.0 0.0 88.0 0.0 0.0 0.0 0.0 0.0 0.0 89.0 0.0 180.0 0.0 108.0 80.0 0.0 0.0 28.0 0.0 0.0 0.0 0.0 0.0 
0.0 0.0 0.0 0.0 0.0 0.0 0.0 0.0 0.0 0.0 0.0 0.0 0.0 0.0 0.0 1.0 0.0 0.0 0.0 0.0 0.0 0.0 0.0 1.0 
121.0 0.0 0.0 0.0 0.0 0.0 0.0 0.0 0.0 0.0 0.0 0.0 196.0 115.0 0.0 0.0 61.0 62.0 0.0 0.0 0.0 0.0 0.0 0.0 
0.0 0.0 0.0 0.0 0.0 0.0 0.0 0.0 0.0 0.0 0.0 0.0 0.0 0.0 0.0 0.0 0.0 0.0 0.0 0.0 1.0 0.0 0.0 0.0 
0.0 0.0 0.0 0.0 0.0 0.0 89.0 0.0 0.0 0.0 0.0 0.0 0.0 0.0 49.0 0.0 0.0 0.0 0.0 0.0 118.0 0.0 0.0 0.0 
0.0 0.0 88.0 95.0 63.0 85.0 0.0 0.0 0.0 0.0 0.0 0.0 0.0 0.0 130.0 0.0 0.0 0.0 0.0 0.0 0.0 0.0 0.0 170.0 
0.0 0.0 0.0 0.0 0.0 0.0 180.0 0.0 196.0 0.0 0.0 0.0 0.0 0.0 0.0 0.0 145.0 0.0 59.0 0.0 148.0 0.0 0.0 224.0 
65.0 27.0 0.0 0.0 0.0 0.0 0.0 0.0 115.0 0.0 0.0 0.0 0.0 0.0 0.0 0.0 0.0 0.0 0.0 0.0 0.0 0.0 160.0 0.0 
0.0 0.0 0.0 0.0 92.0 0.0 108.0 0.0 0.0 0.0 49.0 130.0 0.0 0.0 0.0 0.0 0.0 0.0 0.0 0.0 140.0 0.0 0.0 0.0 
0.0 0.0 0.0 34.0 0.0 0.0 80.0 1.0 0.0 0.0 0.0 0.0 0.0 0.0 0.0 0.0 0.0 0.0 27.0 0.0 0.0 0.0 0.0 127.0 
0.0 0.0 0.0 0.0 0.0 0.0 0.0 0.0 61.0 0.0 0.0 0.0 145.0 0.0 0.0 0.0 0.0 62.0 0.0 0.0 0.0 0.0 0.0 0.0 
100.0 0.0 0.0 0.0 0.0 0.0 0.0 0.0 62.0 0.0 0.0 0.0 0.0 0.0 0.0 0.0 62.0 0.0 0.0 0.0 158.0 0.0 0.0 0.0 
0.0 0.0 0.0 0.0 0.0 0.0 28.0 0.0 0.0 0.0 0.0 0.0 59.0 0.0 0.0 27.0 0.0 0.0 0.0 0.0 0.0 0.0 0.0 0.0 
0.0 0.0 0.0 0.0 1.0 1.0 0.0 0.0 0.0 0.0 0.0 0.0 0.0 0.0 0.0 0.0 0.0 0.0 0.0 0.0 0.0 0.0 0.0 0.0 
0.0 0.0 0.0 0.0 0.0 0.0 0.0 0.0 0.0 1.0 118.0 0.0 148.0 0.0 140.0 0.0 0.0 158.0 0.0 0.0 0.0 189.0 0.0 0.0 
176.0 0.0 0.0 0.0 120.0 107.0 0.0 0.0 0.0 0.0 0.0 0.0 0.0 0.0 0.0 0.0 0.0 0.0 0.0 0.0 189.0 0.0 165.0 0.0 
0.0 129.0 116.0 0.0 0.0 0.0 0.0 0.0 0.0 0.0 0.0 0.0 0.0 160.0 0.0 0.0 0.0 0.0 0.0 0.0 0.0 165.0 0.0 275.0 
0.0 0.0 0.0 112.0 0.0 0.0 0.0 1.0 0.0 0.0 0.0 170.0 224.0 0.0 0.0 127.0 0.0 0.0 0.0 0.0 0.0 0.0 275.0 0.0 
