q
1306.0 777.0 1.0 270.0 383.0 1.0 232.0 543.0 253.0 515.0 232.0 293.0 289.0 47.0 377.0 232.0 23.0 482.0 437.0 499.0 1015.0 625.0 643.0 1351.0 
l
0.0 0.0 0.0 0.0 0.0 0.0 133.0 0.0 0.0 145.0 0.0 137.0 0.0 0.0 0.0 152.0 0.0 0.0 0.0 0.0 394.0 0.0 0.0 280.0 
0.0 0.0 0.0 127.0 126.0 0.0 0.0 103.0 0.0 0.0 0.0 0.0 0.0 0.0 0.0 0.0 0.0 0.0 0.0 112.0 0.0 0.0 0.0 264.0 
0.0 0.0 0.0 0.0 0.0 0.0 0.0 0.0 0.0 0.0 0.0 0.0 0.0 0.0 0.0 0.0 0.0 0.0 0.0 0.0 1.0 0.0 0.0 0.0 
0.0 127.0 0.0 0.0 30.0 0.0 0.0 0.0 0.0 0.0 0.0 0.0 0.0 0.0 0.0 0.0 0.0 0.0 0.0 0.0 99.0 0.0 0.0 0.0 
0.0 126.0 0.0 30.0 0.0 0.0 0.0 0.0 0.0 0.0 0.0 0.0 27.0 0.0 0.0 0.0 0.0 0.0 0.0 60.0 124.0 0.0 0.0 0.0 
0.0 0.0 0.0 0.0 0.0 0.0 0.0 0.0 0.0 0.0 0.0 0.0 0.0 0.0 0.0 0.0 0.0 0.0 0.0 0.0 0.0 1.0 0.0 0.0 
133.0 0.0 0.0 0.0 0.0 0.0 0.0 0.0 0.0 54.0 0.0 26.0 0.0 0.0 0.0 11.0 0.0 0.0 0.0 0.0 0.0 0.0 0.0 0.0 
0.0 103.0 0.0 0.0 0.0 0.0 0.0 0.0 0.0 0.0 75.0 0.0 0.0 0.0 115.0 0.0 0.0 0.0 0.0 0.0 0.0 0.0 0.0 209.0 
0.0 0.0 0.0 0.0 0.0 0.0 0.0 0.0 0.0 0.0 0.0 0.0 0.0 0.0 0.0 0.0 7.0 36.0 47.0 0.0 0.0 0.0 0.0 147.0 
145.0 0.0 0.0 0.0 0.0 0.0 54.0 0.0 0.0 0.0 0.0 30.0 0.0 0.0 0.0 55.0 0.0 75.0 131.0 0.0 0.0 0.0 0.0 0.0 
0.0 0.0 0.0 0.0 0.0 0.0 0.0 75.0 0.0 0.0 0.0 0.0 0.0 0.0 51.0 0.0 0.0 0.0 0.0 0.0 0.0 0.0 87.0 0.0 
137.0 0.0 0.0 0.0 0.0 0.0 26.0 0.0 0.0 30.0 0.0 0.0 0.0 0.0 0.0 0.0 0.0 89.0 0.0 0.0 0.0 0.0 0.0 0.0 
0.0 0.0 0.0 0.0 27.0 0.0 0.0 0.0 0.0 0.0 0.0 0.0 0.0 0.0 0.0 0.0 0.0 0.0 0.0 105.0 148.0 0.0 0.0 0.0 
0.0 0.0 0.0 0.0 0.0 0.0 0.0 0.0 0.0 0.0 0.0 0.0 0.0 0.0 8.0 0.0 0.0 0.0 0.0 19.0 0.0 20.0 0.0 0.0 
0.0 0.0 0.0 0.0 0.0 0.0 0.0 115.0 0.0 0.0 51.0 0.0 0.0 8.0 0.0 0.0 0.0 0.0 0.0 78.0 0.0 98.0 0.0 0.0 
152.0 0.0 0.0 0.0 0.0 0.0 11.0 0.0 0.0 55.0 0.0 0.0 0.0 0.0 0.0 0.0 0.0 0.0 0.0 0.0 0.0 0.0 0.0 0.0 
0.0 0.0 0.0 0.0 0.0 0.0 0.0 0.0 7.0 0.0 0.0 0.0 0.0 0.0 0.0 0.0 0.0 0.0 6.0 0.0 0.0 0.0 10.0 0.0 
0.0 0.0 0.0 0.0 0.0 0.0 0.0 0.0 36.0 75.0 0.0 89.0 0.0 0.0 0.0 0.0 0.0 0.0 62.0 0.0 0.0 0.0 0.0 196.0 
0.0 0.0 0.0 0.0 0.0 0.0 0.0 0.0 47.0 131.0 0.0 0.0 0.0 0.0 0.0 0.0 6.0 62.0 0.0 0.0 0.0 0.0 165.0 0.0 
0.0 112.0 0.0 0.0 60.0 0.0 0.0 0.0 0.0 0.0 0.0 0.0 105.0 19.0 78.0 0.0 0.0 0.0 0.0 0.0 0.0 105.0 0.0 0.0 
394.0 0.0 1.0 99.0 124.0 0.0 0.0 0.0 0.0 0.0 0.0 0.0 148.0 0.0 0.0 0.0 0.0 0.0 0.0 0.0 0.0 196.0 0.0 0.0 
0.0 0.0 0.0 0.0 0.0 1.0 0.0 0.0 0.0 0.0 0.0 0.0 0.0 20.0 98.0 0.0 0.0 0.0 0.0 105.0 196.0 0.0 177.0 0.0 
0.0 0.0 0.0 0.0 0.0 0.0 0.0 0.0 0.0 0.0 87.0 0.0 0.0 0.0 0.0 0.0 10.0 0.0 165.0 0.0 0.0 177.0 0.0 176.0 
280.0 264.0 0.0 0.0 0.0 0.0 0.0 209.0 147.0 0.0 0.0 0.0 0.0 0.0 0.0 0.0 0.0 196.0 0.0 0.0 0.0 0.0 176.0 0.0 
