q
326.0 247.0 250.0 672.0 368.0 737.0 113.0 1020.0 289.0 367.0 536.0 261.0 352.0 706.0 905.0 1136.0 5.0 535.0 189.0 246.0 78.0 1056.0 54.0 392.0 
l
0.0 0.0 0.0 0.0 0.0 67.0 24.0 0.0 0.0 55.0 0.0 0.0 0.0 0.0 0.0 167.0 0.0 0.0 0.0 0.0 0.0 0.0 0.0 0.0 
0.0 0.0 0.0 0.0 0.0 0.0 0.0 147.0 0.0 0.0 59.0 0.0 30.0 0.0 0.0 0.0 0.0 0.0 0.0 0.0 0.0 0.0 0.0 0.0 
0.0 0.0 0.0 109.0 0.0 0.0 0.0 0.0 0.0 0.0 57.0 0.0 42.0 0.0 0.0 0.0 0.0 0.0 0.0 32.0 0.0 0.0 0.0 0.0 
0.0 0.0 109.0 0.0 72.0 0.0 0.0 0.0 0.0 0.0 0.0 0.0 102.0 93.0 0.0 0.0 0.0 0.0 0.0 59.0 0.0 213.0 0.0 0.0 
0.0 0.0 0.0 72.0 0.0 0.0 0.0 0.0 0.0 0.0 0.0 0.0 0.0 65.0 0.0 125.0 0.0 0.0 0.0 0.0 0.0 99.0 0.0 0.0 
67.0 0.0 0.0 0.0 0.0 0.0 0.0 0.0 86.0 167.0 0.0 0.0 0.0 0.0 0.0 168.0 0.0 193.0 0.0 0.0 32.0 0.0 0.0 0.0 
24.0 0.0 0.0 0.0 0.0 0.0 0.0 0.0 0.0 16.0 0.0 0.0 0.0 0.0 53.0 0.0 1.0 0.0 5.0 0.0 0.0 0.0 0.0 0.0 
0.0 147.0 0.0 0.0 0.0 0.0 0.0 0.0 0.0 0.0 142.0 0.0 128.0 0.0 0.0 0.0 0.0 189.0 0.0 0.0 0.0 229.0 0.0 141.0 
0.0 0.0 0.0 0.0 0.0 86.0 0.0 0.0 0.0 0.0 0.0 0.0 0.0 0.0 0.0 0.0 0.0 58.0 0.0 0.0 0.0 134.0 0.0 0.0 
55.0 0.0 0.0 0.0 0.0 167.0 16.0 0.0 0.0 0.0 0.0 72.0 0.0 0.0 0.0 0.0 2.0 0.0 39.0 0.0 0.0 0.0 0.0 0.0 
0.0 59.0 57.0 0.0 0.0 0.0 0.0 142.0 0.0 0.0 0.0 0.0 43.0 153.0 0.0 0.0 0.0 0.0 0.0 57.0 0.0 0.0 0.0 0.0 
0.0 0.0 0.0 0.0 0.0 0.0 0.0 0.0 0.0 72.0 0.0 0.0 0.0 0.0 160.0 0.0 0.0 0.0 13.0 0.0 0.0 0.0 0.0 0.0 
0.0 30.0 42.0 102.0 0.0 0.0 0.0 128.0 0.0 0.0 43.0 0.0 0.0 0.0 0.0 0.0 0.0 0.0 0.0 0.0 0.0 0.0 0.0 0.0 
0.0 0.0 0.0 93.0 65.0 0.0 0.0 0.0 0.0 0.0 153.0 0.0 0.0 0.0 0.0 270.0 0.0 0.0 0.0 92.0 0.0 0.0 0.0 0.0 
0.0 0.0 0.0 0.0 0.0 0.0 53.0 0.0 0.0 0.0 0.0 160.0 0.0 0.0 0.0 199.0 0.0 0.0 114.0 0.0 23.0 301.0 0.0 0.0 
167.0 0.0 0.0 0.0 125.0 168.0 0.0 0.0 0.0 0.0 0.0 0.0 0.0 270.0 199.0 0.0 0.0 0.0 0.0 0.0 0.0 0.0 0.0 171.0 
0.0 0.0 0.0 0.0 0.0 0.0 1.0 0.0 0.0 2.0 0.0 0.0 0.0 0.0 0.0 0.0 0.0 0.0 2.0 0.0 0.0 0.0 0.0 0.0 
0.0 0.0 0.0 0.0 0.0 193.0 0.0 189.0 58.0 0.0 0.0 0.0 0.0 0.0 0.0 0.0 0.0 0.0 0.0 0.0 0.0 0.0 0.0 67.0 
0.0 0.0 0.0 0.0 0.0 0.0 5.0 0.0 0.0 39.0 0.0 13.0 0.0 0.0 114.0 0.0 2.0 0.0 0.0 0.0 0.0 0.0 0.0 0.0 
0.0 0.0 32.0 59.0 0.0 0.0 0.0 0.0 0.0 0.0 57.0 0.0 0.0 92.0 0.0 0.0 0.0 0.0 0.0 0.0 0.0 0.0 0.0 0.0 
0.0 0.0 0.0 0.0 0.0 32.0 0.0 0.0 0.0 0.0 0.0 0.0 0.0 0.0 23.0 0.0 0.0 0.0 0.0 0.0 0.0 0.0 19.0 0.0 
0.0 0.0 0.0 213.0 99.0 0.0 0.0 229.0 134.0 0.0 0.0 0.0 0.0 0.0 301.0 0.0 0.0 0.0 0.0 0.0 0.0 0.0 34.0 0.0 
0.0 0.0 0.0 0.0 0.0 0.0 0.0 0.0 0.0 0.0 0.0 0.0 0.0 0.0 0.0 0.0 0.0 0.0 0.0 0.0 19.0 34.0 0.0 0.0 
0.0 0.0 0.0 0.0 0.0 0.0 0.0 141.0 0.0 0.0 0.0 0.0 0.0 0.0 0.0 171.0 0.0 67.0 0.0 0.0 0.0 0.0 0.0 0.0 
