q
302.0 142.0 349.0 838.0 11.0 460.0 1.0 195.0 193.0 285.0 242.0 608.0 167.0 445.0 468.0 684.0 843.0 102.0 589.0 264.0 905.0 1089.0 730.0 818.0 
l
0.0 0.0 0.0 0.0 0.0 68.0 0.0 0.0 0.0 0.0 0.0 0.0 15.0 0.0 0.0 81.0 0.0 0.0 0.0 0.0 0.0 0.0 112.0 0.0 
0.0 0.0 0.0 0.0 0.0 0.0 0.0 13.0 0.0 0.0 0.0 0.0 0.0 0.0 0.0 0.0 0.0 0.0 45.0 0.0 0.0 78.0 0.0 0.0 
0.0 0.0 0.0 0.0 2.0 0.0 0.0 0.0 0.0 0.0 51.0 72.0 0.0 0.0 0.0 0.0 88.0 0.0 0.0 0.0 0.0 0.0 0.0 121.0 
0.0 0.0 0.0 0.0 9.0 0.0 0.0 0.0 0.0 0.0 120.0 137.0 0.0 204.0 0.0 0.0 0.0 0.0 0.0 0.0 193.0 0.0 0.0 133.0 
0.0 0.0 2.0 9.0 0.0 0.0 0.0 0.0 0.0 0.0 0.0 0.0 0.0 0.0 0.0 0.0 0.0 0.0 0.0 0.0 0.0 0.0 0.0 0.0 
68.0 0.0 0.0 0.0 0.0 0.0 0.0 0.0 0.0 0.0 0.0 0.0 0.0 70.0 0.0 110.0 0.0 0.0 0.0 0.0 0.0 0.0 0.0 188.0 
0.0 0.0 0.0 0.0 0.0 0.0 0.0 0.0 0.0 0.0 0.0 0.0 0.0 0.0 0.0 0.0 0.0 0.0 0.0 0.0 0.0 0.0 1.0 0.0 
0.0 13.0 0.0 0.0 0.0 0.0 0.0 0.0 16.0 0.0 0.0 0.0 0.0 0.0 0.0 0.0 0.0 0.0 62.0 0.0 96.0 0.0 0.0 0.0 
0.0 0.0 0.0 0.0 0.0 0.0 0.0 16.0 0.0 0.0 0.0 0.0 0.0 0.0 46.0 0.0 0.0 0.0 49.0 0.0 73.0 0.0 0.0 0.0 
0.0 0.0 0.0 0.0 0.0 0.0 0.0 0.0 0.0 0.0 0.0 99.0 0.0 0.0 44.0 0.0 0.0 0.0 0.0 0.0 124.0 0.0 0.0 0.0 
0.0 0.0 51.0 120.0 0.0 0.0 0.0 0.0 0.0 0.0 0.0 65.0 0.0 0.0 0.0 0.0 0.0 0.0 0.0 0.0 0.0 0.0 0.0 0.0 
0.0 0.0 72.0 137.0 0.0 0.0 0.0 0.0 0.0 99.0 65.0 0.0 0.0 0.0 82.0 0.0 120.0 0.0 0.0 0.0 0.0 0.0 0.0 0.0 
15.0 0.0 0.0 0.0 0.0 0.0 0.0 0.0 0.0 0.0 0.0 0.0 0.0 0.0 0.0 48.0 0.0 10.0 0.0 0.0 0.0 0.0 87.0 0.0 
0.0 0.0 0.0 204.0 0.0 70.0 0.0 0.0 0.0 0.0 0.0 0.0 0.0 0.0 0.0 141.0 0.0 0.0 0.0 0.0 0.0 0.0 0.0 0.0 
0.0 0.0 0.0 0.0 0.0 0.0 0.0 0.0 46.0 44.0 0.0 82.0 0.0 0.0 0.0 0.0 111.0 0.0 72.0 0.0 94.0 0.0 0.0 0.0 
81.0 0.0 0.0 0.0 0.0 110.0 0.0 0.0 0.0 0.0 0.0 0.0 48.0 141.0 0.0 0.0 0.0 25.0 0.0 0.0 0.0 237.0 0.0 0.0 
0.0 0.0 88.0 0.0 0.0 0.0 0.0 0.0 0.0 0.0 0.0 120.0 0.0 0.0 111.0 0.0 0.0 0.0 165.0 137.0 0.0 0.0 0.0 179.0 
0.0 0.0 0.0 0.0 0.0 0.0 0.0 0.0 0.0 0.0 0.0 0.0 10.0 0.0 0.0 25.0 0.0 0.0 0.0 0.0 0.0 65.0 0.0 0.0 
0.0 45.0 0.0 0.0 0.0 0.0 0.0 62.0 49.0 0.0 0.0 0.0 0.0 0.0 72.0 0.0 165.0 0.0 0.0 0.0 0.0 168.0 0.0 0.0 
0.0 0.0 0.0 0.0 0.0 0.0 0.0 0.0 0.0 0.0 0.0 0.0 0.0 0.0 0.0 0.0 137.0 0.0 0.0 0.0 0.0 0.0 109.0 0.0 
0.0 0.0 0.0 193.0 0.0 0.0 0.0 96.0 73.0 124.0 0.0 0.0 0.0 0.0 94.0 0.0 0.0 0.0 0.0 0.0 0.0 274.0 0.0 0.0 
0.0 78.0 0.0 0.0 0.0 0.0 0.0 0.0 0.0 0.0 0.0 0.0 0.0 0.0 0.0 237.0 0.0 65.0 168.0 0.0 274.0 0.0 216.0 0.0 
112.0 0.0 0.0 0.0 0.0 0.0 1.0 0.0 0.0 0.0 0.0 0.0 87.0 0.0 0.0 0.0 0.0 0.0 0.0 109.0 0.0 216.0 0.0 168.0 
0.0 0.0 121.0 133.0 0.0 188.0 0.0 0.0 0.0 0.0 0.0 0.0 0.0 0.0 0.0 0.0 179.0 0.0 0.0 0.0 0.0 0.0 168.0 0.0 
