q
337.0 298.0 95.0 346.0 1.0 601.0 279.0 399.0 234.0 320.0 530.0 298.0 464.0 15.0 15.0 661.0 431.0 685.0 1143.0 336.0 1045.0 552.0 605.0 806.0 
l
0.0 0.0 0.0 0.0 0.0 101.0 0.0 0.0 0.0 0.0 0.0 32.0 0.0 4.0 8.0 0.0 0.0 62.0 0.0 0.0 0.0 0.0 0.0 115.0 
0.0 0.0 0.0 0.0 0.0 0.0 0.0 0.0 0.0 0.0 0.0 0.0 57.0 0.0 0.0 0.0 0.0 0.0 161.0 68.0 0.0 0.0 0.0 0.0 
0.0 0.0 0.0 0.0 0.0 0.0 0.0 27.0 0.0 30.0 0.0 0.0 0.0 0.0 0.0 0.0 0.0 0.0 0.0 0.0 0.0 35.0 0.0 0.0 
0.0 0.0 0.0 0.0 0.0 0.0 0.0 0.0 43.0 0.0 0.0 0.0 0.0 0.0 0.0 94.0 61.0 0.0 0.0 0.0 0.0 0.0 127.0 0.0 
0.0 0.0 0.0 0.0 0.0 0.0 0.0 0.0 0.0 0.0 0.0 0.0 0.0 0.0 0.0 0.0 0.0 0.0 0.0 0.0 0.0 1.0 0.0 0.0 
101.0 0.0 0.0 0.0 0.0 0.0 0.0 117.0 0.0 0.0 97.0 0.0 0.0 0.0 2.0 0.0 0.0 119.0 0.0 0.0 0.0 0.0 140.0 0.0 
0.0 0.0 0.0 0.0 0.0 0.0 0.0 0.0 0.0 0.0 0.0 53.0 0.0 0.0 0.0 0.0 0.0 80.0 136.0 0.0 0.0 0.0 0.0 0.0 
0.0 0.0 27.0 0.0 0.0 117.0 0.0 0.0 0.0 59.0 75.0 0.0 0.0 0.0 0.0 0.0 0.0 0.0 0.0 0.0 0.0 99.0 0.0 0.0 
0.0 0.0 0.0 43.0 0.0 0.0 0.0 0.0 0.0 0.0 0.0 0.0 0.0 0.0 0.0 89.0 0.0 0.0 0.0 0.0 0.0 77.0 0.0 0.0 
0.0 0.0 30.0 0.0 0.0 0.0 0.0 59.0 0.0 0.0 67.0 0.0 0.0 0.0 0.0 0.0 0.0 0.0 0.0 0.0 153.0 0.0 0.0 0.0 
0.0 0.0 0.0 0.0 0.0 97.0 0.0 75.0 0.0 67.0 0.0 0.0 0.0 0.0 0.0 0.0 0.0 129.0 0.0 0.0 143.0 0.0 0.0 0.0 
32.0 0.0 0.0 0.0 0.0 0.0 53.0 0.0 0.0 0.0 0.0 0.0 0.0 2.0 0.0 0.0 0.0 81.0 0.0 0.0 0.0 0.0 0.0 121.0 
0.0 57.0 0.0 0.0 0.0 0.0 0.0 0.0 0.0 0.0 0.0 0.0 0.0 0.0 0.0 98.0 81.0 0.0 155.0 51.0 0.0 0.0 0.0 0.0 
4.0 0.0 0.0 0.0 0.0 0.0 0.0 0.0 0.0 0.0 0.0 2.0 0.0 0.0 0.0 0.0 0.0 0.0 0.0 0.0 0.0 0.0 0.0 9.0 
8.0 0.0 0.0 0.0 0.0 2.0 0.0 0.0 0.0 0.0 0.0 0.0 0.0 0.0 0.0 0.0 0.0 0.0 0.0 0.0 0.0 0.0 4.0 0.0 
0.0 0.0 0.0 94.0 0.0 0.0 0.0 0.0 89.0 0.0 0.0 0.0 98.0 0.0 0.0 0.0 112.0 0.0 0.0 75.0 156.0 0.0 0.0 0.0 
0.0 0.0 0.0 61.0 0.0 0.0 0.0 0.0 0.0 0.0 0.0 0.0 81.0 0.0 0.0 112.0 0.0 0.0 0.0 0.0 0.0 0.0 0.0 152.0 
62.0 0.0 0.0 0.0 0.0 119.0 80.0 0.0 0.0 0.0 129.0 81.0 0.0 0.0 0.0 0.0 0.0 0.0 190.0 0.0 0.0 0.0 0.0 0.0 
0.0 161.0 0.0 0.0 0.0 0.0 136.0 0.0 0.0 0.0 0.0 0.0 155.0 0.0 0.0 0.0 0.0 190.0 0.0 0.0 246.0 0.0 0.0 198.0 
0.0 68.0 0.0 0.0 0.0 0.0 0.0 0.0 0.0 0.0 0.0 0.0 51.0 0.0 0.0 75.0 0.0 0.0 0.0 0.0 127.0 0.0 0.0 0.0 
0.0 0.0 0.0 0.0 0.0 0.0 0.0 0.0 0.0 153.0 143.0 0.0 0.0 0.0 0.0 156.0 0.0 0.0 246.0 127.0 0.0 165.0 0.0 0.0 
0.0 0.0 35.0 0.0 1.0 0.0 0.0 99.0 77.0 0.0 0.0 0.0 0.0 0.0 0.0 0.0 0.0 0.0 0.0 0.0 165.0 0.0 134.0 0.0 
0.0 0.0 0.0 127.0 0.0 140.0 0.0 0.0 0.0 0.0 0.0 0.0 0.0 0.0 4.0 0.0 0.0 0.0 0.0 0.0 0.0 134.0 0.0 172.0 
115.0 0.0 0.0 0.0 0.0 0.0 0.0 0.0 0.0 0.0 0.0 121.0 0.0 9.0 0.0 0.0 152.0 0.0 198.0 0.0 0.0 0.0 172.0 0.0 
