q
395.0 329.0 300.0 440.0 537.0 189.0 143.0 249.0 371.0 134.0 1046.0 450.0 105.0 502.0 91.0 461.0 624.0 47.0 418.0 278.0 1058.0 908.0 1162.0 1079.0 
l
0.0 0.0 0.0 58.0 70.0 0.0 0.0 0.0 54.0 0.0 0.0 0.0 0.0 0.0 0.0 50.0 0.0 0.0 0.0 0.0 0.0 0.0 0.0 141.0 
0.0 0.0 0.0 81.0 0.0 21.0 0.0 0.0 52.0 0.0 0.0 0.0 0.0 0.0 0.0 0.0 0.0 8.0 0.0 0.0 0.0 0.0 151.0 0.0 
0.0 0.0 0.0 0.0 0.0 0.0 0.0 0.0 0.0 0.0 0.0 0.0 0.0 31.0 0.0 0.0 97.0 0.0 0.0 0.0 0.0 0.0 155.0 0.0 
58.0 81.0 0.0 0.0 98.0 0.0 0.0 0.0 56.0 0.0 0.0 0.0 0.0 0.0 0.0 0.0 0.0 10.0 0.0 0.0 0.0 122.0 0.0 0.0 
70.0 0.0 0.0 98.0 0.0 0.0 0.0 48.0 0.0 0.0 0.0 93.0 0.0 0.0 0.0 75.0 0.0 0.0 0.0 0.0 0.0 130.0 0.0 0.0 
0.0 21.0 0.0 0.0 0.0 0.0 0.0 0.0 51.0 0.0 0.0 0.0 0.0 0.0 0.0 0.0 0.0 0.0 0.0 0.0 0.0 0.0 108.0 0.0 
0.0 0.0 0.0 0.0 0.0 0.0 0.0 32.0 0.0 0.0 0.0 30.0 0.0 0.0 0.0 0.0 0.0 0.0 0.0 0.0 73.0 0.0 0.0 0.0 
0.0 0.0 0.0 0.0 48.0 0.0 32.0 0.0 0.0 0.0 0.0 48.0 0.0 0.0 0.0 0.0 0.0 0.0 0.0 0.0 0.0 107.0 0.0 0.0 
54.0 52.0 0.0 56.0 0.0 51.0 0.0 0.0 0.0 0.0 0.0 0.0 0.0 0.0 0.0 0.0 0.0 0.0 0.0 0.0 0.0 0.0 0.0 141.0 
0.0 0.0 0.0 0.0 0.0 0.0 0.0 0.0 0.0 0.0 82.0 0.0 2.0 0.0 0.0 0.0 0.0 0.0 31.0 11.0 0.0 0.0 0.0 0.0 
0.0 0.0 0.0 0.0 0.0 0.0 0.0 0.0 0.0 82.0 0.0 0.0 78.0 0.0 0.0 0.0 0.0 0.0 143.0 112.0 242.0 0.0 0.0 326.0 
0.0 0.0 0.0 0.0 93.0 0.0 30.0 48.0 0.0 0.0 0.0 0.0 0.0 0.0 9.0 86.0 0.0 0.0 0.0 0.0 159.0 0.0 0.0 0.0 
0.0 0.0 0.0 0.0 0.0 0.0 0.0 0.0 0.0 2.0 78.0 0.0 0.0 0.0 0.0 0.0 0.0 0.0 0.0 16.0 0.0 0.0 0.0 0.0 
0.0 0.0 31.0 0.0 0.0 0.0 0.0 0.0 0.0 0.0 0.0 0.0 0.0 0.0 0.0 0.0 93.0 0.0 127.0 0.0 0.0 0.0 225.0 0.0 
0.0 0.0 0.0 0.0 0.0 0.0 0.0 0.0 0.0 0.0 0.0 9.0 0.0 0.0 0.0 34.0 0.0 0.0 0.0 0.0 40.0 0.0 0.0 0.0 
50.0 0.0 0.0 0.0 75.0 0.0 0.0 0.0 0.0 0.0 0.0 86.0 0.0 0.0 34.0 0.0 0.0 0.0 0.0 0.0 0.0 0.0 0.0 195.0 
0.0 0.0 97.0 0.0 0.0 0.0 0.0 0.0 0.0 0.0 0.0 0.0 0.0 93.0 0.0 0.0 0.0 0.0 65.0 92.0 232.0 0.0 0.0 0.0 
0.0 8.0 0.0 10.0 0.0 0.0 0.0 0.0 0.0 0.0 0.0 0.0 0.0 0.0 0.0 0.0 0.0 0.0 0.0 0.0 0.0 26.0 0.0 0.0 
0.0 0.0 0.0 0.0 0.0 0.0 0.0 0.0 0.0 31.0 143.0 0.0 0.0 127.0 0.0 0.0 65.0 0.0 0.0 29.0 0.0 0.0 0.0 0.0 
0.0 0.0 0.0 0.0 0.0 0.0 0.0 0.0 0.0 11.0 112.0 0.0 16.0 0.0 0.0 0.0 92.0 0.0 29.0 0.0 0.0 0.0 0.0 0.0 
0.0 0.0 0.0 0.0 0.0 0.0 73.0 0.0 0.0 0.0 242.0 159.0 0.0 0.0 40.0 0.0 232.0 0.0 0.0 0.0 0.0 240.0 0.0 0.0 
0.0 0.0 0.0 122.0 130.0 0.0 0.0 107.0 0.0 0.0 0.0 0.0 0.0 0.0 0.0 0.0 0.0 26.0 0.0 0.0 240.0 0.0 242.0 0.0 
0.0 151.0 155.0 0.0 0.0 108.0 0.0 0.0 0.0 0.0 0.0 0.0 0.0 225.0 0.0 0.0 0.0 0.0 0.0 0.0 0.0 242.0 0.0 220.0 
141.0 0.0 0.0 0.0 0.0 0.0 0.0 0.0 141.0 0.0 326.0 0.0 0.0 0.0 0.0 195.0 0.0 0.0 0.0 0.0 0.0 0.0 220.0 0.0 
