q
857.0 25.0 590.0 366.0 442.0 520.0 371.0 360.0 267.0 438.0 404.0 267.0 346.0 338.0 1.0 39.0 535.0 592.0 315.0 1.0 933.0 1187.0 930.0 874.0 
l
0.0 0.0 108.0 0.0 0.0 105.0 0.0 0.0 0.0 105.0 142.0 0.0 0.0 0.0 0.0 0.0 0.0 0.0 118.0 0.0 0.0 240.0 0.0 0.0 
0.0 0.0 0.0 0.0 0.0 0.0 0.0 7.0 0.0 0.0 0.0 0.0 0.0 0.0 0.0 0.0 4.0 0.0 0.0 0.0 0.0 0.0 14.0 0.0 
108.0 0.0 0.0 0.0 121.0 106.0 0.0 0.0 0.0 86.0 0.0 0.0 0.0 0.0 0.0 0.0 0.0 0.0 0.0 0.0 0.0 0.0 0.0 142.0 
0.0 0.0 0.0 0.0 0.0 0.0 71.0 0.0 0.0 0.0 0.0 0.0 0.0 0.0 0.0 0.0 79.0 0.0 0.0 0.0 0.0 190.0 0.0 0.0 
0.0 0.0 121.0 0.0 0.0 0.0 0.0 0.0 0.0 58.0 0.0 44.0 51.0 0.0 0.0 0.0 0.0 0.0 0.0 0.0 0.0 0.0 146.0 0.0 
105.0 0.0 106.0 0.0 0.0 0.0 0.0 0.0 97.0 0.0 62.0 0.0 0.0 0.0 1.0 0.0 0.0 0.0 0.0 0.0 0.0 0.0 0.0 122.0 
0.0 0.0 0.0 71.0 0.0 0.0 0.0 0.0 0.0 0.0 0.0 0.0 0.0 40.0 0.0 0.0 85.0 0.0 0.0 0.0 147.0 0.0 0.0 0.0 
0.0 7.0 0.0 0.0 0.0 0.0 0.0 0.0 0.0 0.0 0.0 0.0 0.0 66.0 0.0 7.0 80.0 0.0 0.0 0.0 0.0 0.0 0.0 178.0 
0.0 0.0 0.0 0.0 0.0 97.0 0.0 0.0 0.0 0.0 48.0 0.0 0.0 0.0 0.0 0.0 0.0 103.0 0.0 1.0 0.0 0.0 0.0 0.0 
105.0 0.0 86.0 0.0 58.0 0.0 0.0 0.0 0.0 0.0 0.0 0.0 54.0 0.0 0.0 0.0 0.0 0.0 0.0 0.0 0.0 122.0 0.0 0.0 
142.0 0.0 0.0 0.0 0.0 62.0 0.0 0.0 48.0 0.0 0.0 0.0 0.0 0.0 0.0 0.0 0.0 83.0 50.0 0.0 0.0 0.0 0.0 0.0 
0.0 0.0 0.0 0.0 44.0 0.0 0.0 0.0 0.0 0.0 0.0 0.0 65.0 0.0 0.0 0.0 0.0 0.0 0.0 0.0 0.0 0.0 143.0 0.0 
0.0 0.0 0.0 0.0 51.0 0.0 0.0 0.0 0.0 54.0 0.0 65.0 0.0 0.0 0.0 0.0 0.0 0.0 0.0 0.0 0.0 161.0 0.0 0.0 
0.0 0.0 0.0 0.0 0.0 0.0 40.0 66.0 0.0 0.0 0.0 0.0 0.0 0.0 0.0 5.0 72.0 0.0 0.0 0.0 141.0 0.0 0.0 0.0 
0.0 0.0 0.0 0.0 0.0 1.0 0.0 0.0 0.0 0.0 0.0 0.0 0.0 0.0 0.0 0.0 0.0 0.0 0.0 0.0 0.0 0.0 0.0 0.0 
0.0 0.0 0.0 0.0 0.0 0.0 0.0 7.0 0.0 0.0 0.0 0.0 0.0 5.0 0.0 0.0 0.0 0.0 0.0 0.0 22.0 0.0 0.0 0.0 
0.0 4.0 0.0 79.0 0.0 0.0 85.0 80.0 0.0 0.0 0.0 0.0 0.0 72.0 0.0 0.0 0.0 0.0 0.0 0.0 0.0 0.0 183.0 0.0 
0.0 0.0 0.0 0.0 0.0 0.0 0.0 0.0 103.0 0.0 83.0 0.0 0.0 0.0 0.0 0.0 0.0 0.0 0.0 0.0 209.0 0.0 0.0 160.0 
118.0 0.0 0.0 0.0 0.0 0.0 0.0 0.0 0.0 0.0 50.0 0.0 0.0 0.0 0.0 0.0 0.0 0.0 0.0 0.0 123.0 0.0 0.0 0.0 
0.0 0.0 0.0 0.0 0.0 0.0 0.0 0.0 1.0 0.0 0.0 0.0 0.0 0.0 0.0 0.0 0.0 0.0 0.0 0.0 0.0 0.0 0.0 0.0 
0.0 0.0 0.0 0.0 0.0 0.0 147.0 0.0 0.0 0.0 0.0 0.0 0.0 141.0 0.0 22.0 0.0 209.0 123.0 0.0 0.0 236.0 0.0 0.0 
240.0 0.0 0.0 190.0 0.0 0.0 0.0 0.0 0.0 122.0 0.0 0.0 161.0 0.0 0.0 0.0 0.0 0.0 0.0 0.0 236.0 0.0 183.0 0.0 
0.0 14.0 0.0 0.0 146.0 0.0 0.0 0.0 0.0 0.0 0.0 143.0 0.0 0.0 0.0 0.0 183.0 0.0 0.0 0.0 0.0 183.0 0.0 218.0 
0.0 0.0 142.0 0.0 0.0 122.0 0.0 178.0 0.0 0.0 0.0 0.0 0.0 0.0 0.0 0.0 0.0 160.0 0.0 0.0 0.0 0.0 218.0 0.0 
