q
383.0 340.0 888.0 177.0 284.0 721.0 383.0 274.0 765.0 75.0 12.0 423.0 83.0 839.0 155.0 462.0 361.0 342.0 482.0 271.0 754.0 929.0 808.0 1197.0 
l
0.0 0.0 0.0 0.0 0.0 0.0 0.0 0.0 140.0 0.0 0.0 0.0 19.0 0.0 30.0 58.0 0.0 0.0 0.0 0.0 111.0 0.0 0.0 0.0 
0.0 0.0 0.0 0.0 0.0 0.0 77.0 0.0 0.0 0.0 0.0 0.0 0.0 0.0 0.0 0.0 0.0 0.0 87.0 0.0 0.0 162.0 0.0 0.0 
0.0 0.0 0.0 0.0 106.0 0.0 0.0 0.0 0.0 0.0 0.0 0.0 0.0 0.0 68.0 146.0 0.0 0.0 0.0 124.0 176.0 0.0 0.0 230.0 
0.0 0.0 0.0 0.0 0.0 34.0 0.0 0.0 0.0 0.0 0.0 0.0 0.0 0.0 0.0 0.0 0.0 0.0 0.0 35.0 0.0 0.0 0.0 100.0 
0.0 0.0 106.0 0.0 0.0 78.0 0.0 0.0 0.0 0.0 1.0 0.0 0.0 0.0 0.0 0.0 0.0 0.0 63.0 24.0 0.0 0.0 0.0 0.0 
0.0 0.0 0.0 34.0 78.0 0.0 135.0 0.0 0.0 0.0 0.0 0.0 0.0 0.0 0.0 0.0 0.0 0.0 156.0 74.0 0.0 0.0 0.0 216.0 
0.0 77.0 0.0 0.0 0.0 135.0 0.0 0.0 0.0 0.0 0.0 0.0 0.0 0.0 0.0 0.0 0.0 0.0 0.0 0.0 0.0 0.0 154.0 0.0 
0.0 0.0 0.0 0.0 0.0 0.0 0.0 0.0 0.0 0.0 0.0 0.0 0.0 124.0 0.0 0.0 0.0 25.0 0.0 0.0 0.0 0.0 113.0 0.0 
140.0 0.0 0.0 0.0 0.0 0.0 0.0 0.0 0.0 0.0 0.0 86.0 0.0 139.0 0.0 117.0 72.0 0.0 0.0 0.0 0.0 176.0 0.0 0.0 
0.0 0.0 0.0 0.0 0.0 0.0 0.0 0.0 0.0 0.0 0.0 0.0 0.0 0.0 0.0 0.0 11.0 27.0 0.0 0.0 0.0 33.0 0.0 0.0 
0.0 0.0 0.0 0.0 1.0 0.0 0.0 0.0 0.0 0.0 0.0 0.0 0.0 0.0 0.0 0.0 0.0 0.0 3.0 0.0 8.0 0.0 0.0 0.0 
0.0 0.0 0.0 0.0 0.0 0.0 0.0 0.0 86.0 0.0 0.0 0.0 0.0 81.0 0.0 90.0 0.0 0.0 0.0 0.0 0.0 0.0 0.0 150.0 
19.0 0.0 0.0 0.0 0.0 0.0 0.0 0.0 0.0 0.0 0.0 0.0 0.0 0.0 11.0 0.0 0.0 0.0 0.0 0.0 46.0 0.0 0.0 0.0 
0.0 0.0 0.0 0.0 0.0 0.0 0.0 124.0 139.0 0.0 0.0 81.0 0.0 0.0 0.0 0.0 98.0 109.0 0.0 0.0 0.0 0.0 0.0 255.0 
30.0 0.0 68.0 0.0 0.0 0.0 0.0 0.0 0.0 0.0 0.0 0.0 11.0 0.0 0.0 34.0 0.0 0.0 0.0 0.0 0.0 0.0 0.0 0.0 
58.0 0.0 146.0 0.0 0.0 0.0 0.0 0.0 117.0 0.0 0.0 90.0 0.0 0.0 34.0 0.0 0.0 0.0 0.0 0.0 0.0 0.0 0.0 0.0 
0.0 0.0 0.0 0.0 0.0 0.0 0.0 0.0 72.0 11.0 0.0 0.0 0.0 98.0 0.0 0.0 0.0 52.0 0.0 0.0 0.0 110.0 0.0 0.0 
0.0 0.0 0.0 0.0 0.0 0.0 0.0 25.0 0.0 27.0 0.0 0.0 0.0 109.0 0.0 0.0 52.0 0.0 0.0 0.0 0.0 0.0 110.0 0.0 
0.0 87.0 0.0 0.0 63.0 156.0 0.0 0.0 0.0 0.0 3.0 0.0 0.0 0.0 0.0 0.0 0.0 0.0 0.0 0.0 148.0 0.0 0.0 0.0 
0.0 0.0 124.0 35.0 24.0 74.0 0.0 0.0 0.0 0.0 0.0 0.0 0.0 0.0 0.0 0.0 0.0 0.0 0.0 0.0 0.0 0.0 0.0 0.0 
111.0 0.0 176.0 0.0 0.0 0.0 0.0 0.0 0.0 0.0 8.0 0.0 46.0 0.0 0.0 0.0 0.0 0.0 148.0 0.0 0.0 221.0 0.0 0.0 
0.0 162.0 0.0 0.0 0.0 0.0 0.0 0.0 176.0 33.0 0.0 0.0 0.0 0.0 0.0 0.0 110.0 0.0 0.0 0.0 221.0 0.0 193.0 0.0 
0.0 0.0 0.0 0.0 0.0 0.0 154.0 113.0 0.0 0.0 0.0 0.0 0.0 0.0 0.0 0.0 0.0 110.0 0.0 0.0 0.0 193.0 0.0 201.0 
0.0 0.0 230.0 100.0 0.0 216.0 0.0 0.0 0.0 0.0 0.0 150.0 0.0 255.0 0.0 0.0 0.0 0.0 0.0 0.0 0.0 0.0 201.0 0.0 
