q
475.0 293.0 6.0 338.0 251.0 235.0 582.0 414.0 729.0 351.0 288.0 426.0 13.0 718.0 968.0 132.0 36.0 534.0 309.0 337.0 1187.0 579.0 785.0 1358.0 
l
0.0 0.0 0.0 0.0 0.0 0.0 0.0 0.0 123.0 0.0 0.0 0.0 0.0 0.0 0.0 0.0 0.0 0.0 118.0 45.0 172.0 0.0 0.0 0.0 
0.0 0.0 0.0 0.0 0.0 0.0 0.0 0.0 0.0 0.0 0.0 51.0 0.0 0.0 136.0 0.0 4.0 89.0 0.0 0.0 0.0 0.0 0.0 0.0 
0.0 0.0 0.0 0.0 0.0 0.0 0.0 0.0 0.0 2.0 0.0 0.0 0.0 0.0 0.0 0.0 0.0 0.0 0.0 0.0 0.0 0.0 4.0 0.0 
0.0 0.0 0.0 0.0 0.0 39.0 0.0 66.0 90.0 0.0 0.0 0.0 3.0 0.0 0.0 15.0 0.0 0.0 0.0 0.0 0.0 114.0 0.0 0.0 
0.0 0.0 0.0 0.0 0.0 0.0 0.0 0.0 0.0 0.0 0.0 60.0 0.0 41.0 0.0 0.0 0.0 0.0 0.0 0.0 0.0 0.0 0.0 138.0 
0.0 0.0 0.0 39.0 0.0 0.0 0.0 61.0 0.0 0.0 0.0 0.0 4.0 0.0 0.0 0.0 0.0 0.0 0.0 0.0 0.0 0.0 120.0 0.0 
0.0 0.0 0.0 0.0 0.0 0.0 0.0 0.0 0.0 83.0 102.0 0.0 0.0 97.0 0.0 0.0 0.0 64.0 0.0 0.0 208.0 0.0 0.0 0.0 
0.0 0.0 0.0 66.0 0.0 61.0 0.0 0.0 85.0 0.0 0.0 0.0 0.0 0.0 0.0 0.0 0.0 0.0 0.0 0.0 0.0 0.0 0.0 191.0 
123.0 0.0 0.0 90.0 0.0 0.0 0.0 85.0 0.0 0.0 0.0 0.0 0.0 0.0 0.0 35.0 0.0 0.0 0.0 115.0 0.0 0.0 0.0 259.0 
0.0 0.0 2.0 0.0 0.0 0.0 83.0 0.0 0.0 0.0 31.0 0.0 0.0 110.0 0.0 0.0 0.0 0.0 0.0 0.0 0.0 0.0 112.0 0.0 
0.0 0.0 0.0 0.0 0.0 0.0 102.0 0.0 0.0 31.0 0.0 0.0 0.0 0.0 0.0 0.0 0.0 0.0 0.0 0.0 0.0 0.0 142.0 0.0 
0.0 51.0 0.0 0.0 60.0 0.0 0.0 0.0 0.0 0.0 0.0 0.0 0.0 109.0 101.0 0.0 9.0 69.0 0.0 0.0 0.0 0.0 0.0 0.0 
0.0 0.0 0.0 3.0 0.0 4.0 0.0 0.0 0.0 0.0 0.0 0.0 0.0 0.0 0.0 0.0 0.0 0.0 0.0 0.0 0.0 6.0 0.0 0.0 
0.0 0.0 0.0 0.0 41.0 0.0 97.0 0.0 0.0 110.0 0.0 109.0 0.0 0.0 0.0 0.0 0.0 107.0 0.0 0.0 0.0 0.0 0.0 227.0 
0.0 136.0 0.0 0.0 0.0 0.0 0.0 0.0 0.0 0.0 0.0 101.0 0.0 0.0 0.0 0.0 19.0 0.0 164.0 0.0 208.0 0.0 0.0 269.0 
0.0 0.0 0.0 15.0 0.0 0.0 0.0 0.0 35.0 0.0 0.0 0.0 0.0 0.0 0.0 0.0 0.0 0.0 0.0 28.0 0.0 49.0 0.0 0.0 
0.0 4.0 0.0 0.0 0.0 0.0 0.0 0.0 0.0 0.0 0.0 9.0 0.0 0.0 19.0 0.0 0.0 0.0 0.0 0.0 0.0 0.0 0.0 0.0 
0.0 89.0 0.0 0.0 0.0 0.0 64.0 0.0 0.0 0.0 0.0 69.0 0.0 107.0 0.0 0.0 0.0 0.0 0.0 0.0 176.0 0.0 0.0 0.0 
118.0 0.0 0.0 0.0 0.0 0.0 0.0 0.0 0.0 0.0 0.0 0.0 0.0 0.0 164.0 0.0 0.0 0.0 0.0 0.0 0.0 0.0 0.0 0.0 
45.0 0.0 0.0 0.0 0.0 0.0 0.0 0.0 115.0 0.0 0.0 0.0 0.0 0.0 0.0 28.0 0.0 0.0 0.0 0.0 137.0 0.0 0.0 0.0 
172.0 0.0 0.0 0.0 0.0 0.0 208.0 0.0 0.0 0.0 0.0 0.0 0.0 0.0 208.0 0.0 0.0 176.0 0.0 137.0 0.0 231.0 0.0 0.0 
0.0 0.0 0.0 114.0 0.0 0.0 0.0 0.0 0.0 0.0 0.0 0.0 6.0 0.0 0.0 49.0 0.0 0.0 0.0 0.0 231.0 0.0 154.0 0.0 
0.0 0.0 4.0 0.0 0.0 120.0 0.0 0.0 0.0 112.0 142.0 0.0 0.0 0.0 0.0 0.0 0.0 0.0 0.0 0.0 0.0 154.0 0.0 222.0 
0.0 0.0 0.0 0.0 138.0 0.0 0.0 191.0 259.0 0.0 0.0 0.0 0.0 227.0 269.0 0.0 0.0 0.0 0.0 0.0 0.0 0.0 222.0 0.0 
