q
743.0 401.0 406.0 354.0 267.0 342.0 63.0 195.0 293.0 510.0 665.0 787.0 383.0 846.0 332.0 1.0 130.0 4.0 313.0 248.0 846.0 822.0 1015.0 1146.0 
l
0.0 96.0 0.0 88.0 0.0 0.0 0.0 0.0 0.0 94.0 123.0 145.0 0.0 0.0 0.0 0.0 0.0 0.0 0.0 0.0 0.0 0.0 0.0 166.0 
96.0 0.0 0.0 64.0 0.0 0.0 20.0 34.0 0.0 0.0 82.0 0.0 0.0 87.0 0.0 0.0 0.0 0.0 0.0 0.0 0.0 0.0 0.0 0.0 
0.0 0.0 0.0 0.0 0.0 0.0 0.0 0.0 0.0 74.0 84.0 0.0 0.0 0.0 0.0 0.0 44.0 0.0 50.0 0.0 0.0 139.0 0.0 0.0 
88.0 64.0 0.0 0.0 0.0 0.0 0.0 50.0 0.0 0.0 0.0 0.0 0.0 0.0 0.0 0.0 0.0 0.0 0.0 0.0 0.0 0.0 0.0 140.0 
0.0 0.0 0.0 0.0 0.0 0.0 0.0 0.0 0.0 0.0 0.0 0.0 80.0 0.0 0.0 0.0 0.0 0.0 0.0 7.0 0.0 0.0 161.0 0.0 
0.0 0.0 0.0 0.0 0.0 0.0 0.0 0.0 17.0 0.0 0.0 105.0 0.0 0.0 60.0 0.0 0.0 0.0 0.0 0.0 0.0 0.0 0.0 138.0 
0.0 20.0 0.0 0.0 0.0 0.0 0.0 3.0 0.0 0.0 0.0 0.0 0.0 38.0 0.0 0.0 0.0 0.0 0.0 0.0 0.0 0.0 0.0 0.0 
0.0 34.0 0.0 50.0 0.0 0.0 3.0 0.0 0.0 0.0 0.0 0.0 0.0 100.0 0.0 0.0 0.0 0.0 0.0 0.0 0.0 0.0 0.0 0.0 
0.0 0.0 0.0 0.0 0.0 17.0 0.0 0.0 0.0 0.0 0.0 113.0 0.0 0.0 0.0 0.0 0.0 0.0 0.0 0.0 0.0 0.0 0.0 150.0 
94.0 0.0 74.0 0.0 0.0 0.0 0.0 0.0 0.0 0.0 92.0 120.0 0.0 0.0 0.0 0.0 0.0 0.0 0.0 0.0 0.0 107.0 0.0 0.0 
123.0 82.0 84.0 0.0 0.0 0.0 0.0 0.0 0.0 92.0 0.0 0.0 0.0 126.0 0.0 0.0 0.0 0.0 124.0 0.0 0.0 0.0 0.0 0.0 
145.0 0.0 0.0 0.0 0.0 105.0 0.0 0.0 113.0 120.0 0.0 0.0 0.0 0.0 112.0 0.0 0.0 0.0 0.0 0.0 0.0 153.0 0.0 0.0 
0.0 0.0 0.0 0.0 80.0 0.0 0.0 0.0 0.0 0.0 0.0 0.0 0.0 0.0 0.0 0.0 0.0 0.0 0.0 63.0 217.0 0.0 0.0 0.0 
0.0 87.0 0.0 0.0 0.0 0.0 38.0 100.0 0.0 0.0 126.0 0.0 0.0 0.0 0.0 0.0 0.0 0.0 0.0 0.0 238.0 0.0 0.0 216.0 
0.0 0.0 0.0 0.0 0.0 60.0 0.0 0.0 0.0 0.0 0.0 112.0 0.0 0.0 0.0 0.0 0.0 0.0 0.0 0.0 0.0 0.0 145.0 0.0 
0.0 0.0 0.0 0.0 0.0 0.0 0.0 0.0 0.0 0.0 0.0 0.0 0.0 0.0 0.0 0.0 0.0 0.0 0.0 0.0 0.0 1.0 0.0 0.0 
0.0 0.0 44.0 0.0 0.0 0.0 0.0 0.0 0.0 0.0 0.0 0.0 0.0 0.0 0.0 0.0 0.0 1.0 16.0 0.0 60.0 0.0 0.0 0.0 
0.0 0.0 0.0 0.0 0.0 0.0 0.0 0.0 0.0 0.0 0.0 0.0 0.0 0.0 0.0 0.0 1.0 0.0 1.0 0.0 2.0 0.0 0.0 0.0 
0.0 0.0 50.0 0.0 0.0 0.0 0.0 0.0 0.0 0.0 124.0 0.0 0.0 0.0 0.0 0.0 16.0 1.0 0.0 0.0 99.0 0.0 0.0 0.0 
0.0 0.0 0.0 0.0 7.0 0.0 0.0 0.0 0.0 0.0 0.0 0.0 63.0 0.0 0.0 0.0 0.0 0.0 0.0 0.0 0.0 0.0 164.0 0.0 
0.0 0.0 0.0 0.0 0.0 0.0 0.0 0.0 0.0 0.0 0.0 0.0 217.0 238.0 0.0 0.0 60.0 2.0 99.0 0.0 0.0 180.0 0.0 0.0 
0.0 0.0 139.0 0.0 0.0 0.0 0.0 0.0 0.0 107.0 0.0 153.0 0.0 0.0 0.0 1.0 0.0 0.0 0.0 0.0 180.0 0.0 202.0 0.0 
0.0 0.0 0.0 0.0 161.0 0.0 0.0 0.0 0.0 0.0 0.0 0.0 0.0 0.0 145.0 0.0 0.0 0.0 0.0 164.0 0.0 202.0 0.0 286.0 
166.0 0.0 0.0 140.0 0.0 138.0 0.0 0.0 150.0 0.0 0.0 0.0 0.0 216.0 0.0 0.0 0.0 0.0 0.0 0.0 0.0 0.0 286.0 0.0 
