q
471.0 378.0 576.0 371.0 299.0 1.0 360.0 833.0 252.0 227.0 22.0 101.0 630.0 440.0 685.0 757.0 299.0 43.0 185.0 340.0 943.0 823.0 607.0 1081.0 
l
0.0 0.0 61.0 0.0 0.0 0.0 0.0 0.0 51.0 0.0 0.0 35.0 0.0 0.0 141.0 0.0 0.0 0.0 36.0 0.0 130.0 0.0 0.0 0.0 
0.0 0.0 0.0 0.0 0.0 0.0 0.0 0.0 0.0 56.0 0.0 0.0 0.0 48.0 91.0 0.0 0.0 21.0 0.0 0.0 0.0 0.0 0.0 149.0 
61.0 0.0 0.0 0.0 0.0 0.0 0.0 0.0 56.0 0.0 0.0 0.0 0.0 127.0 132.0 0.0 0.0 0.0 0.0 0.0 0.0 169.0 0.0 0.0 
0.0 0.0 0.0 0.0 53.0 0.0 0.0 0.0 0.0 0.0 0.0 0.0 61.0 0.0 0.0 98.0 0.0 0.0 0.0 60.0 0.0 0.0 83.0 0.0 
0.0 0.0 0.0 53.0 0.0 0.0 0.0 0.0 0.0 0.0 0.0 0.0 63.0 0.0 0.0 0.0 58.0 0.0 0.0 0.0 0.0 0.0 105.0 0.0 
0.0 0.0 0.0 0.0 0.0 0.0 0.0 0.0 0.0 0.0 0.0 0.0 0.0 0.0 0.0 0.0 0.0 0.0 0.0 0.0 0.0 0.0 1.0 0.0 
0.0 0.0 0.0 0.0 0.0 0.0 0.0 142.0 0.0 0.0 0.0 0.0 98.0 0.0 0.0 96.0 0.0 0.0 0.0 0.0 0.0 0.0 0.0 0.0 
0.0 0.0 0.0 0.0 0.0 0.0 142.0 0.0 0.0 92.0 0.0 0.0 0.0 0.0 146.0 0.0 0.0 20.0 0.0 0.0 195.0 0.0 0.0 195.0 
51.0 0.0 56.0 0.0 0.0 0.0 0.0 0.0 0.0 0.0 2.0 0.0 0.0 0.0 0.0 0.0 0.0 0.0 31.0 0.0 0.0 96.0 0.0 0.0 
0.0 56.0 0.0 0.0 0.0 0.0 0.0 92.0 0.0 0.0 0.0 0.0 0.0 0.0 65.0 0.0 0.0 2.0 0.0 0.0 0.0 0.0 0.0 0.0 
0.0 0.0 0.0 0.0 0.0 0.0 0.0 0.0 2.0 0.0 0.0 0.0 0.0 0.0 0.0 0.0 0.0 0.0 5.0 0.0 0.0 15.0 0.0 0.0 
35.0 0.0 0.0 0.0 0.0 0.0 0.0 0.0 0.0 0.0 0.0 0.0 0.0 0.0 0.0 0.0 0.0 0.0 2.0 0.0 58.0 0.0 0.0 0.0 
0.0 0.0 0.0 61.0 63.0 0.0 98.0 0.0 0.0 0.0 0.0 0.0 0.0 0.0 0.0 146.0 70.0 0.0 0.0 0.0 0.0 0.0 0.0 174.0 
0.0 48.0 127.0 0.0 0.0 0.0 0.0 0.0 0.0 0.0 0.0 0.0 0.0 0.0 76.0 0.0 0.0 0.0 0.0 0.0 0.0 0.0 0.0 165.0 
141.0 91.0 132.0 0.0 0.0 0.0 0.0 146.0 0.0 65.0 0.0 0.0 0.0 76.0 0.0 0.0 0.0 0.0 0.0 0.0 0.0 0.0 0.0 0.0 
0.0 0.0 0.0 98.0 0.0 0.0 96.0 0.0 0.0 0.0 0.0 0.0 146.0 0.0 0.0 0.0 0.0 0.0 0.0 113.0 264.0 0.0 0.0 0.0 
0.0 0.0 0.0 0.0 58.0 0.0 0.0 0.0 0.0 0.0 0.0 0.0 70.0 0.0 0.0 0.0 0.0 0.0 0.0 0.0 0.0 0.0 0.0 157.0 
0.0 21.0 0.0 0.0 0.0 0.0 0.0 20.0 0.0 2.0 0.0 0.0 0.0 0.0 0.0 0.0 0.0 0.0 0.0 0.0 0.0 0.0 0.0 0.0 
36.0 0.0 0.0 0.0 0.0 0.0 0.0 0.0 31.0 0.0 5.0 2.0 0.0 0.0 0.0 0.0 0.0 0.0 0.0 0.0 93.0 0.0 0.0 0.0 
0.0 0.0 0.0 60.0 0.0 0.0 0.0 0.0 0.0 0.0 0.0 0.0 0.0 0.0 0.0 113.0 0.0 0.0 0.0 0.0 0.0 150.0 0.0 0.0 
130.0 0.0 0.0 0.0 0.0 0.0 0.0 195.0 0.0 0.0 0.0 58.0 0.0 0.0 0.0 264.0 0.0 0.0 93.0 0.0 0.0 155.0 0.0 0.0 
0.0 0.0 169.0 0.0 0.0 0.0 0.0 0.0 96.0 0.0 15.0 0.0 0.0 0.0 0.0 0.0 0.0 0.0 0.0 150.0 155.0 0.0 196.0 0.0 
0.0 0.0 0.0 83.0 105.0 1.0 0.0 0.0 0.0 0.0 0.0 0.0 0.0 0.0 0.0 0.0 0.0 0.0 0.0 0.0 0.0 196.0 0.0 184.0 
0.0 149.0 0.0 0.0 0.0 0.0 0.0 195.0 0.0 0.0 0.0 0.0 174.0 165.0 0.0 0.0 157.0 0.0 0.0 0.0 0.0 0.0 184.0 0.0 
