q
515.0 963.0 477.0 968.0 238.0 672.0 498.0 288.0 695.0 28.0 294.0 249.0 57.0 278.0 260.0 806.0 2.0 305.0 218.0 2.0 1057.0 927.0 728.0 627.0 
l
0.0 130.0 0.0 0.0 0.0 0.0 60.0 0.0 121.0 0.0 0.0 0.0 0.0 110.0 0.0 0.0 1.0 0.0 0.0 0.0 0.0 0.0 0.0 74.0 
130.0 0.0 0.0 247.0 0.0 0.0 163.0 81.0 160.0 0.0 0.0 0.0 0.0 0.0 0.0 0.0 0.0 0.0 0.0 0.0 137.0 0.0 0.0 0.0 
0.0 0.0 0.0 111.0 0.0 97.0 0.0 0.0 0.0 0.0 0.0 0.0 0.0 0.0 80.0 0.0 0.0 41.0 56.0 0.0 0.0 68.0 0.0 0.0 
0.0 247.0 111.0 0.0 0.0 153.0 0.0 0.0 0.0 0.0 144.0 0.0 0.0 0.0 0.0 0.0 0.0 112.0 0.0 0.0 157.0 0.0 0.0 0.0 
0.0 0.0 0.0 0.0 0.0 0.0 67.0 0.0 0.0 0.0 0.0 0.0 0.0 23.0 0.0 131.0 0.0 0.0 0.0 0.0 0.0 0.0 0.0 0.0 
0.0 0.0 97.0 153.0 0.0 0.0 0.0 0.0 168.0 0.0 0.0 67.0 0.0 0.0 72.0 0.0 0.0 0.0 0.0 0.0 0.0 0.0 86.0 0.0 
60.0 163.0 0.0 0.0 67.0 0.0 0.0 68.0 0.0 0.0 0.0 0.0 0.0 41.0 0.0 74.0 0.0 0.0 0.0 0.0 0.0 0.0 0.0 0.0 
0.0 81.0 0.0 0.0 0.0 0.0 68.0 0.0 0.0 0.0 0.0 0.0 0.0 0.0 0.0 0.0 0.0 0.0 0.0 0.0 126.0 0.0 0.0 0.0 
121.0 160.0 0.0 0.0 0.0 168.0 0.0 0.0 0.0 12.0 0.0 98.0 0.0 0.0 0.0 0.0 0.0 0.0 0.0 0.0 0.0 0.0 0.0 98.0 
0.0 0.0 0.0 0.0 0.0 0.0 0.0 0.0 12.0 0.0 0.0 6.0 0.0 0.0 0.0 0.0 0.0 0.0 0.0 0.0 0.0 0.0 0.0 9.0 
0.0 0.0 0.0 144.0 0.0 0.0 0.0 0.0 0.0 0.0 0.0 0.0 12.0 0.0 0.0 0.0 0.0 30.0 0.0 0.0 0.0 97.0 0.0 0.0 
0.0 0.0 0.0 0.0 0.0 67.0 0.0 0.0 98.0 6.0 0.0 0.0 0.0 0.0 0.0 0.0 0.0 0.0 0.0 1.0 0.0 0.0 67.0 0.0 
0.0 0.0 0.0 0.0 0.0 0.0 0.0 0.0 0.0 0.0 12.0 0.0 0.0 0.0 0.0 0.0 0.0 0.0 0.0 0.0 42.0 0.0 0.0 0.0 
110.0 0.0 0.0 0.0 23.0 0.0 41.0 0.0 0.0 0.0 0.0 0.0 0.0 0.0 0.0 91.0 0.0 0.0 0.0 0.0 0.0 0.0 0.0 0.0 
0.0 0.0 80.0 0.0 0.0 72.0 0.0 0.0 0.0 0.0 0.0 0.0 0.0 0.0 0.0 0.0 0.0 0.0 0.0 0.0 0.0 0.0 91.0 0.0 
0.0 0.0 0.0 0.0 131.0 0.0 74.0 0.0 0.0 0.0 0.0 0.0 0.0 91.0 0.0 0.0 1.0 0.0 0.0 0.0 266.0 0.0 0.0 197.0 
1.0 0.0 0.0 0.0 0.0 0.0 0.0 0.0 0.0 0.0 0.0 0.0 0.0 0.0 0.0 1.0 0.0 0.0 0.0 0.0 0.0 0.0 0.0 0.0 
0.0 0.0 41.0 112.0 0.0 0.0 0.0 0.0 0.0 0.0 30.0 0.0 0.0 0.0 0.0 0.0 0.0 0.0 27.0 0.0 0.0 80.0 0.0 0.0 
0.0 0.0 56.0 0.0 0.0 0.0 0.0 0.0 0.0 0.0 0.0 0.0 0.0 0.0 0.0 0.0 0.0 27.0 0.0 0.0 0.0 126.0 0.0 0.0 
0.0 0.0 0.0 0.0 0.0 0.0 0.0 0.0 0.0 0.0 0.0 1.0 0.0 0.0 0.0 0.0 0.0 0.0 0.0 0.0 0.0 0.0 1.0 0.0 
0.0 137.0 0.0 157.0 0.0 0.0 0.0 126.0 0.0 0.0 0.0 0.0 42.0 0.0 0.0 266.0 0.0 0.0 0.0 0.0 0.0 281.0 0.0 0.0 
0.0 0.0 68.0 0.0 0.0 0.0 0.0 0.0 0.0 0.0 97.0 0.0 0.0 0.0 0.0 0.0 0.0 80.0 126.0 0.0 281.0 0.0 222.0 0.0 
0.0 0.0 0.0 0.0 0.0 86.0 0.0 0.0 0.0 0.0 0.0 67.0 0.0 0.0 91.0 0.0 0.0 0.0 0.0 1.0 0.0 222.0 0.0 213.0 
74.0 0.0 0.0 0.0 0.0 0.0 0.0 0.0 98.0 9.0 0.0 0.0 0.0 0.0 0.0 197.0 0.0 0.0 0.0 0.0 0.0 0.0 213.0 0.0 
