q
327.0 401.0 558.0 1404.0 335.0 249.0 905.0 625.0 959.0 907.0 281.0 355.0 1.0 276.0 571.0 290.0 270.0 785.0 590.0 438.0 0.0 1097.0 
l
0.0 38.0 0.0 0.0 0.0 0.0 0.0 0.0 0.0 0.0 73.0 0.0 0.0 0.0 0.0 0.0 0.0 0.0 0.0 0.0 0.0 199.0 
38.0 0.0 0.0 0.0 0.0 0.0 0.0 0.0 0.0 0.0 47.0 0.0 1.0 0.0 0.0 0.0 0.0 124.0 0.0 0.0 0.0 170.0 
0.0 0.0 0.0 0.0 99.0 78.0 270.0 69.0 0.0 0.0 0.0 0.0 0.0 0.0 0.0 0.0 0.0 0.0 0.0 0.0 0.0 0.0 
0.0 0.0 0.0 0.0 0.0 0.0 171.0 255.0 270.0 0.0 0.0 0.0 0.0 0.0 0.0 158.0 0.0 255.0 0.0 0.0 0.0 220.0 
0.0 0.0 99.0 0.0 0.0 34.0 0.0 48.0 0.0 0.0 0.0 0.0 0.0 0.0 0.0 0.0 0.0 132.0 0.0 0.0 0.0 0.0 
0.0 0.0 78.0 0.0 34.0 0.0 0.0 117.0 0.0 0.0 0.0 0.0 0.0 0.0 0.0 0.0 0.0 0.0 0.0 0.0 0.0 0.0 
0.0 0.0 270.0 171.0 0.0 0.0 0.0 0.0 149.0 0.0 0.0 0.0 0.0 0.0 0.0 0.0 0.0 0.0 144.0 132.0 0.0 0.0 
0.0 0.0 69.0 255.0 48.0 117.0 0.0 0.0 0.0 0.0 0.0 0.0 0.0 0.0 0.0 0.0 0.0 88.0 0.0 0.0 0.0 0.0 
0.0 0.0 0.0 270.0 0.0 0.0 149.0 0.0 0.0 152.0 0.0 140.0 0.0 127.0 0.0 0.0 0.0 0.0 0.0 76.0 0.0 0.0 
0.0 0.0 0.0 0.0 0.0 0.0 0.0 0.0 152.0 0.0 0.0 86.0 0.0 0.0 120.0 119.0 134.0 0.0 0.0 0.0 0.0 249.0 
73.0 47.0 0.0 0.0 0.0 0.0 0.0 0.0 0.0 0.0 0.0 0.0 0.0 0.0 0.0 0.0 0.0 144.0 0.0 0.0 0.0 0.0 
0.0 0.0 0.0 0.0 0.0 0.0 0.0 0.0 140.0 86.0 0.0 0.0 0.0 28.0 47.0 0.0 43.0 0.0 0.0 0.0 0.0 0.0 
0.0 1.0 0.0 0.0 0.0 0.0 0.0 0.0 0.0 0.0 0.0 0.0 0.0 0.0 0.0 0.0 0.0 0.0 0.0 0.0 0.0 0.0 
0.0 0.0 0.0 0.0 0.0 0.0 0.0 0.0 127.0 0.0 0.0 28.0 0.0 0.0 61.0 0.0 0.0 0.0 0.0 46.0 0.0 0.0 
0.0 0.0 0.0 0.0 0.0 0.0 0.0 0.0 0.0 120.0 0.0 47.0 0.0 61.0 0.0 0.0 79.0 0.0 144.0 93.0 0.0 0.0 
0.0 0.0 0.0 158.0 0.0 0.0 0.0 0.0 0.0 119.0 0.0 0.0 0.0 0.0 0.0 0.0 0.0 0.0 0.0 0.0 0.0 0.0 
0.0 0.0 0.0 0.0 0.0 0.0 0.0 0.0 0.0 134.0 0.0 43.0 0.0 0.0 79.0 0.0 0.0 0.0 0.0 0.0 0.0 0.0 
0.0 124.0 0.0 255.0 132.0 0.0 0.0 88.0 0.0 0.0 144.0 0.0 0.0 0.0 0.0 0.0 0.0 0.0 0.0 0.0 0.0 0.0 
0.0 0.0 0.0 0.0 0.0 0.0 144.0 0.0 0.0 0.0 0.0 0.0 0.0 0.0 144.0 0.0 0.0 0.0 0.0 77.0 0.0 194.0 
0.0 0.0 0.0 0.0 0.0 0.0 132.0 0.0 76.0 0.0 0.0 0.0 0.0 46.0 93.0 0.0 0.0 0.0 77.0 0.0 0.0 0.0 
0.0 0.0 0.0 0.0 0.0 0.0 0.0 0.0 0.0 0.0 0.0 0.0 0.0 0.0 0.0 0.0 0.0 0.0 0.0 0.0 0.0 0.0 
199.0 170.0 0.0 220.0 0.0 0.0 0.0 0.0 0.0 249.0 0.0 0.0 0.0 0.0 0.0 0.0 0.0 0.0 194.0 0.0 0.0 0.0 
