q
1.0 974.0 43.0 348.0 133.0 490.0 813.0 549.0 282.0 637.0 341.0 352.0 104.0 253.0 1.0 208.0 292.0 650.0 531.0 330.0 818.0 1086.0 944.0 802.0 
l
0.0 0.0 0.0 0.0 0.0 0.0 0.0 0.0 0.0 0.0 0.0 0.0 0.0 0.0 0.0 0.0 0.0 0.0 0.0 0.0 1.0 0.0 0.0 0.0 
0.0 0.0 0.0 0.0 0.0 177.0 201.0 0.0 0.0 180.0 100.0 142.0 0.0 0.0 0.0 0.0 0.0 0.0 0.0 0.0 124.0 0.0 0.0 0.0 
0.0 0.0 0.0 0.0 0.0 0.0 0.0 0.0 0.0 0.0 0.0 16.0 0.0 0.0 0.0 2.0 0.0 23.0 0.0 0.0 0.0 0.0 0.0 0.0 
0.0 0.0 0.0 0.0 0.0 76.0 0.0 0.0 0.0 0.0 0.0 0.0 0.0 59.0 0.0 0.0 31.0 0.0 0.0 0.0 0.0 164.0 0.0 0.0 
0.0 0.0 0.0 0.0 0.0 0.0 0.0 0.0 5.0 0.0 0.0 0.0 1.0 0.0 0.0 0.0 0.0 0.0 39.0 0.0 0.0 0.0 74.0 0.0 
0.0 177.0 0.0 76.0 0.0 0.0 0.0 0.0 0.0 0.0 0.0 0.0 0.0 53.0 0.0 0.0 68.0 0.0 0.0 0.0 95.0 0.0 0.0 0.0 
0.0 201.0 0.0 0.0 0.0 0.0 0.0 144.0 0.0 0.0 88.0 0.0 0.0 0.0 0.0 0.0 0.0 0.0 192.0 0.0 0.0 145.0 0.0 0.0 
0.0 0.0 0.0 0.0 0.0 0.0 144.0 0.0 0.0 137.0 0.0 0.0 0.0 0.0 0.0 0.0 0.0 0.0 76.0 71.0 0.0 0.0 0.0 92.0 
0.0 0.0 0.0 0.0 5.0 0.0 0.0 0.0 0.0 0.0 0.0 0.0 16.0 0.0 0.0 0.0 0.0 0.0 63.0 58.0 0.0 0.0 124.0 0.0 
0.0 180.0 0.0 0.0 0.0 0.0 0.0 137.0 0.0 0.0 0.0 61.0 0.0 0.0 0.0 90.0 0.0 0.0 0.0 0.0 0.0 0.0 0.0 129.0 
0.0 100.0 0.0 0.0 0.0 0.0 88.0 0.0 0.0 0.0 0.0 0.0 0.0 0.0 0.0 0.0 64.0 0.0 0.0 0.0 0.0 72.0 0.0 0.0 
0.0 142.0 16.0 0.0 0.0 0.0 0.0 0.0 0.0 61.0 0.0 0.0 0.0 0.0 0.0 27.0 0.0 82.0 0.0 0.0 0.0 0.0 0.0 0.0 
0.0 0.0 0.0 0.0 1.0 0.0 0.0 0.0 16.0 0.0 0.0 0.0 0.0 0.0 0.0 0.0 0.0 0.0 0.0 0.0 0.0 0.0 81.0 0.0 
0.0 0.0 0.0 59.0 0.0 53.0 0.0 0.0 0.0 0.0 0.0 0.0 0.0 0.0 0.0 0.0 0.0 0.0 0.0 0.0 129.0 0.0 0.0 0.0 
0.0 0.0 0.0 0.0 0.0 0.0 0.0 0.0 0.0 0.0 0.0 0.0 0.0 0.0 0.0 0.0 0.0 1.0 0.0 0.0 0.0 0.0 0.0 0.0 
0.0 0.0 2.0 0.0 0.0 0.0 0.0 0.0 0.0 90.0 0.0 27.0 0.0 0.0 0.0 0.0 0.0 78.0 0.0 0.0 0.0 0.0 0.0 0.0 
0.0 0.0 0.0 31.0 0.0 68.0 0.0 0.0 0.0 0.0 64.0 0.0 0.0 0.0 0.0 0.0 0.0 0.0 0.0 0.0 0.0 120.0 0.0 0.0 
0.0 0.0 23.0 0.0 0.0 0.0 0.0 0.0 0.0 0.0 0.0 82.0 0.0 0.0 1.0 78.0 0.0 0.0 0.0 0.0 226.0 0.0 0.0 207.0 
0.0 0.0 0.0 0.0 39.0 0.0 192.0 76.0 63.0 0.0 0.0 0.0 0.0 0.0 0.0 0.0 0.0 0.0 0.0 62.0 0.0 0.0 75.0 0.0 
0.0 0.0 0.0 0.0 0.0 0.0 0.0 71.0 58.0 0.0 0.0 0.0 0.0 0.0 0.0 0.0 0.0 0.0 62.0 0.0 0.0 0.0 0.0 120.0 
1.0 124.0 0.0 0.0 0.0 95.0 0.0 0.0 0.0 0.0 0.0 0.0 0.0 129.0 0.0 0.0 0.0 226.0 0.0 0.0 0.0 206.0 0.0 0.0 
0.0 0.0 0.0 164.0 0.0 0.0 145.0 0.0 0.0 0.0 72.0 0.0 0.0 0.0 0.0 0.0 120.0 0.0 0.0 0.0 206.0 0.0 323.0 0.0 
0.0 0.0 0.0 0.0 74.0 0.0 0.0 0.0 124.0 0.0 0.0 0.0 81.0 0.0 0.0 0.0 0.0 0.0 75.0 0.0 0.0 323.0 0.0 208.0 
0.0 0.0 0.0 0.0 0.0 0.0 0.0 92.0 0.0 129.0 0.0 0.0 0.0 0.0 0.0 0.0 0.0 207.0 0.0 120.0 0.0 0.0 208.0 0.0 
