q
1610.0 346.0 230.0 565.0 41.0 1195.0 234.0 47.0 933.0 227.0 310.0 282.0 1.0 707.0 288.0 1488.0 655.0 375.0 500.0 243.0 319.0 879.0 0.0 1009.0 28.0 
l
0.0 0.0 0.0 0.0 0.0 314.0 0.0 0.0 142.0 0.0 0.0 0.0 0.0 0.0 0.0 399.0 0.0 210.0 276.0 0.0 193.0 0.0 0.0 0.0 0.0 
0.0 0.0 0.0 0.0 0.0 0.0 0.0 0.0 91.0 0.0 0.0 0.0 0.0 0.0 0.0 0.0 0.0 0.0 0.0 0.0 0.0 109.0 0.0 126.0 0.0 
0.0 0.0 0.0 0.0 0.0 0.0 0.0 0.0 0.0 0.0 0.0 0.0 0.0 120.0 0.0 0.0 0.0 39.0 55.0 0.0 0.0 0.0 0.0 0.0 0.0 
0.0 0.0 0.0 0.0 15.0 0.0 94.0 0.0 0.0 0.0 0.0 0.0 1.0 0.0 0.0 159.0 0.0 0.0 0.0 0.0 98.0 0.0 0.0 166.0 0.0 
0.0 0.0 0.0 15.0 0.0 0.0 3.0 0.0 0.0 0.0 0.0 0.0 0.0 0.0 0.0 0.0 20.0 0.0 0.0 0.0 0.0 0.0 0.0 0.0 0.0 
314.0 0.0 0.0 0.0 0.0 0.0 0.0 0.0 172.0 204.0 0.0 0.0 0.0 0.0 0.0 0.0 0.0 0.0 0.0 217.0 0.0 0.0 0.0 227.0 0.0 
0.0 0.0 0.0 94.0 3.0 0.0 0.0 5.0 0.0 0.0 48.0 0.0 0.0 0.0 0.0 0.0 70.0 0.0 0.0 0.0 0.0 0.0 0.0 0.0 0.0 
0.0 0.0 0.0 0.0 0.0 0.0 5.0 0.0 0.0 0.0 5.0 0.0 0.0 0.0 7.0 0.0 24.0 0.0 0.0 0.0 0.0 0.0 0.0 0.0 0.0 
142.0 91.0 0.0 0.0 0.0 172.0 0.0 0.0 0.0 0.0 0.0 0.0 0.0 204.0 0.0 0.0 0.0 0.0 0.0 0.0 0.0 114.0 0.0 171.0 0.0 
0.0 0.0 0.0 0.0 0.0 204.0 0.0 0.0 0.0 0.0 0.0 0.0 0.0 0.0 0.0 0.0 0.0 0.0 0.0 9.0 0.0 0.0 0.0 0.0 0.0 
0.0 0.0 0.0 0.0 0.0 0.0 48.0 5.0 0.0 0.0 0.0 0.0 0.0 0.0 27.0 214.0 0.0 0.0 0.0 0.0 0.0 0.0 0.0 0.0 0.0 
0.0 0.0 0.0 0.0 0.0 0.0 0.0 0.0 0.0 0.0 0.0 0.0 0.0 49.0 0.0 0.0 0.0 0.0 78.0 0.0 0.0 137.0 0.0 0.0 0.0 
0.0 0.0 0.0 1.0 0.0 0.0 0.0 0.0 0.0 0.0 0.0 0.0 0.0 0.0 0.0 0.0 0.0 0.0 0.0 0.0 0.0 0.0 0.0 0.0 0.0 
0.0 0.0 120.0 0.0 0.0 0.0 0.0 0.0 204.0 0.0 0.0 49.0 0.0 0.0 0.0 0.0 0.0 82.0 52.0 0.0 0.0 160.0 0.0 0.0 0.0 
0.0 0.0 0.0 0.0 0.0 0.0 0.0 7.0 0.0 0.0 27.0 0.0 0.0 0.0 0.0 158.0 78.0 0.0 0.0 0.0 0.0 0.0 0.0 0.0 0.0 
399.0 0.0 0.0 159.0 0.0 0.0 0.0 0.0 0.0 0.0 214.0 0.0 0.0 0.0 158.0 0.0 174.0 0.0 0.0 0.0 0.0 303.0 0.0 0.0 0.0 
0.0 0.0 0.0 0.0 20.0 0.0 70.0 24.0 0.0 0.0 0.0 0.0 0.0 0.0 78.0 174.0 0.0 0.0 0.0 0.0 0.0 0.0 0.0 244.0 0.0 
210.0 0.0 39.0 0.0 0.0 0.0 0.0 0.0 0.0 0.0 0.0 0.0 0.0 82.0 0.0 0.0 0.0 0.0 20.0 0.0 0.0 0.0 0.0 0.0 0.0 
276.0 0.0 55.0 0.0 0.0 0.0 0.0 0.0 0.0 0.0 0.0 78.0 0.0 52.0 0.0 0.0 0.0 20.0 0.0 0.0 0.0 0.0 0.0 0.0 0.0 
0.0 0.0 0.0 0.0 0.0 217.0 0.0 0.0 0.0 9.0 0.0 0.0 0.0 0.0 0.0 0.0 0.0 0.0 0.0 0.0 0.0 0.0 0.0 0.0 0.0 
193.0 0.0 0.0 98.0 0.0 0.0 0.0 0.0 0.0 0.0 0.0 0.0 0.0 0.0 0.0 0.0 0.0 0.0 0.0 0.0 0.0 0.0 0.0 0.0 6.0 
0.0 109.0 0.0 0.0 0.0 0.0 0.0 0.0 114.0 0.0 0.0 137.0 0.0 160.0 0.0 303.0 0.0 0.0 0.0 0.0 0.0 0.0 0.0 0.0 0.0 
0.0 0.0 0.0 0.0 0.0 0.0 0.0 0.0 0.0 0.0 0.0 0.0 0.0 0.0 0.0 0.0 0.0 0.0 0.0 0.0 0.0 0.0 0.0 0.0 0.0 
0.0 126.0 0.0 166.0 0.0 227.0 0.0 0.0 171.0 0.0 0.0 0.0 0.0 0.0 0.0 0.0 244.0 0.0 0.0 0.0 0.0 0.0 0.0 0.0 21.0 
0.0 0.0 0.0 0.0 0.0 0.0 0.0 0.0 0.0 0.0 0.0 0.0 0.0 0.0 0.0 0.0 0.0 0.0 0.0 0.0 6.0 0.0 0.0 21.0 0.0 
