q
273.0 626.0 562.0 111.0 376.0 395.0 331.0 279.0 842.0 215.0 464.0 1.0 279.0 994.0 529.0 110.0 372.0 127.0 368.0 280.0 798.0 909.0 1348.0 941.0 
l
0.0 0.0 0.0 0.0 0.0 0.0 0.0 32.0 102.0 23.0 0.0 0.0 0.0 99.0 0.0 0.0 0.0 0.0 0.0 0.0 0.0 0.0 0.0 0.0 
0.0 0.0 90.0 0.0 0.0 0.0 0.0 0.0 0.0 0.0 0.0 0.0 0.0 0.0 84.0 0.0 90.0 0.0 91.0 52.0 0.0 0.0 190.0 0.0 
0.0 90.0 0.0 0.0 125.0 0.0 0.0 0.0 0.0 0.0 0.0 0.0 0.0 0.0 89.0 0.0 59.0 0.0 0.0 0.0 173.0 0.0 0.0 0.0 
0.0 0.0 0.0 0.0 0.0 0.0 24.0 0.0 0.0 0.0 0.0 0.0 0.0 0.0 0.0 17.0 0.0 4.0 0.0 0.0 0.0 57.0 0.0 0.0 
0.0 0.0 125.0 0.0 0.0 0.0 0.0 0.0 0.0 0.0 0.0 0.0 26.0 0.0 59.0 0.0 0.0 0.0 0.0 0.0 0.0 0.0 0.0 148.0 
0.0 0.0 0.0 0.0 0.0 0.0 46.0 0.0 113.0 20.0 71.0 0.0 0.0 133.0 0.0 0.0 0.0 0.0 0.0 0.0 0.0 0.0 0.0 0.0 
0.0 0.0 0.0 24.0 0.0 46.0 0.0 0.0 0.0 0.0 42.0 0.0 0.0 129.0 0.0 40.0 0.0 32.0 0.0 0.0 0.0 0.0 0.0 0.0 
32.0 0.0 0.0 0.0 0.0 0.0 0.0 0.0 95.0 0.0 0.0 0.0 0.0 0.0 0.0 0.0 0.0 0.0 0.0 0.0 0.0 0.0 0.0 132.0 
102.0 0.0 0.0 0.0 0.0 113.0 0.0 95.0 0.0 74.0 119.0 0.0 0.0 0.0 0.0 0.0 0.0 0.0 0.0 0.0 0.0 0.0 296.0 0.0 
23.0 0.0 0.0 0.0 0.0 20.0 0.0 0.0 74.0 0.0 0.0 0.0 0.0 91.0 0.0 0.0 0.0 0.0 0.0 0.0 0.0 0.0 0.0 0.0 
0.0 0.0 0.0 0.0 0.0 71.0 42.0 0.0 119.0 0.0 0.0 0.0 0.0 0.0 0.0 0.0 0.0 17.0 0.0 0.0 0.0 188.0 0.0 0.0 
0.0 0.0 0.0 0.0 0.0 0.0 0.0 0.0 0.0 0.0 0.0 0.0 0.0 0.0 0.0 0.0 0.0 0.0 0.0 0.0 1.0 0.0 0.0 0.0 
0.0 0.0 0.0 0.0 26.0 0.0 0.0 0.0 0.0 0.0 0.0 0.0 0.0 0.0 99.0 0.0 0.0 0.0 0.0 0.0 0.0 0.0 0.0 138.0 
99.0 0.0 0.0 0.0 0.0 133.0 129.0 0.0 0.0 91.0 0.0 0.0 0.0 0.0 0.0 0.0 0.0 0.0 0.0 0.0 242.0 0.0 0.0 246.0 
0.0 84.0 89.0 0.0 59.0 0.0 0.0 0.0 0.0 0.0 0.0 0.0 99.0 0.0 0.0 0.0 0.0 0.0 0.0 0.0 0.0 0.0 170.0 0.0 
0.0 0.0 0.0 17.0 0.0 0.0 40.0 0.0 0.0 0.0 0.0 0.0 0.0 0.0 0.0 0.0 0.0 0.0 0.0 0.0 47.0 0.0 0.0 0.0 
0.0 90.0 59.0 0.0 0.0 0.0 0.0 0.0 0.0 0.0 0.0 0.0 0.0 0.0 0.0 0.0 0.0 0.0 63.0 0.0 141.0 0.0 0.0 0.0 
0.0 0.0 0.0 4.0 0.0 0.0 32.0 0.0 0.0 0.0 17.0 0.0 0.0 0.0 0.0 0.0 0.0 0.0 0.0 0.0 0.0 68.0 0.0 0.0 
0.0 91.0 0.0 0.0 0.0 0.0 0.0 0.0 0.0 0.0 0.0 0.0 0.0 0.0 0.0 0.0 63.0 0.0 0.0 60.0 0.0 136.0 0.0 0.0 
0.0 52.0 0.0 0.0 0.0 0.0 0.0 0.0 0.0 0.0 0.0 0.0 0.0 0.0 0.0 0.0 0.0 0.0 60.0 0.0 0.0 0.0 154.0 0.0 
0.0 0.0 173.0 0.0 0.0 0.0 0.0 0.0 0.0 0.0 0.0 1.0 0.0 242.0 0.0 47.0 141.0 0.0 0.0 0.0 0.0 154.0 0.0 0.0 
0.0 0.0 0.0 57.0 0.0 0.0 0.0 0.0 0.0 0.0 188.0 0.0 0.0 0.0 0.0 0.0 0.0 68.0 136.0 0.0 154.0 0.0 247.0 0.0 
0.0 190.0 0.0 0.0 0.0 0.0 0.0 0.0 296.0 0.0 0.0 0.0 0.0 0.0 170.0 0.0 0.0 0.0 0.0 154.0 0.0 247.0 0.0 219.0 
0.0 0.0 0.0 0.0 148.0 0.0 0.0 132.0 0.0 0.0 0.0 0.0 138.0 246.0 0.0 0.0 0.0 0.0 0.0 0.0 0.0 0.0 219.0 0.0 
