q
288.0 292.0 496.0 96.0 386.0 244.0 1.0 353.0 602.0 815.0 430.0 245.0 484.0 67.0 1113.0 948.0 203.0 601.0 324.0 80.0 1229.0 1033.0 480.0 1098.0 
l
0.0 0.0 0.0 0.0 0.0 0.0 0.0 28.0 0.0 0.0 0.0 0.0 0.0 0.0 116.0 131.0 0.0 0.0 0.0 0.0 0.0 0.0 0.0 0.0 
0.0 0.0 36.0 0.0 0.0 0.0 0.0 0.0 0.0 0.0 0.0 0.0 77.0 0.0 0.0 0.0 0.0 0.0 0.0 0.0 0.0 0.0 0.0 157.0 
0.0 36.0 0.0 29.0 0.0 0.0 0.0 0.0 0.0 0.0 0.0 0.0 62.0 0.0 0.0 0.0 0.0 136.0 0.0 0.0 0.0 0.0 0.0 203.0 
0.0 0.0 29.0 0.0 0.0 0.0 0.0 0.0 0.0 0.0 0.0 0.0 0.0 0.0 0.0 0.0 0.0 27.0 0.0 0.0 0.0 0.0 32.0 0.0 
0.0 0.0 0.0 0.0 0.0 45.0 0.0 0.0 0.0 0.0 0.0 0.0 51.0 13.0 0.0 0.0 0.0 76.0 0.0 0.0 178.0 0.0 0.0 0.0 
0.0 0.0 0.0 0.0 45.0 0.0 0.0 0.0 0.0 0.0 0.0 0.0 0.0 10.0 0.0 0.0 0.0 53.0 0.0 0.0 0.0 117.0 0.0 0.0 
0.0 0.0 0.0 0.0 0.0 0.0 0.0 0.0 0.0 0.0 0.0 0.0 0.0 0.0 0.0 0.0 0.0 0.0 0.0 0.0 0.0 0.0 0.0 1.0 
28.0 0.0 0.0 0.0 0.0 0.0 0.0 0.0 0.0 0.0 33.0 40.0 0.0 0.0 121.0 117.0 0.0 0.0 0.0 0.0 0.0 0.0 0.0 0.0 
0.0 0.0 0.0 0.0 0.0 0.0 0.0 0.0 0.0 111.0 0.0 0.0 0.0 0.0 0.0 161.0 46.0 0.0 75.0 0.0 0.0 177.0 0.0 0.0 
0.0 0.0 0.0 0.0 0.0 0.0 0.0 0.0 111.0 0.0 138.0 0.0 0.0 0.0 0.0 161.0 0.0 0.0 117.0 48.0 0.0 0.0 0.0 204.0 
0.0 0.0 0.0 0.0 0.0 0.0 0.0 33.0 0.0 138.0 0.0 52.0 0.0 0.0 99.0 86.0 0.0 0.0 0.0 0.0 0.0 0.0 0.0 0.0 
0.0 0.0 0.0 0.0 0.0 0.0 0.0 40.0 0.0 0.0 52.0 0.0 0.0 0.0 142.0 0.0 0.0 0.0 0.0 0.0 0.0 0.0 0.0 0.0 
0.0 77.0 62.0 0.0 51.0 0.0 0.0 0.0 0.0 0.0 0.0 0.0 0.0 0.0 0.0 0.0 0.0 84.0 0.0 0.0 186.0 0.0 0.0 0.0 
0.0 0.0 0.0 0.0 13.0 10.0 0.0 0.0 0.0 0.0 0.0 0.0 0.0 0.0 0.0 0.0 0.0 0.0 0.0 0.0 41.0 0.0 0.0 0.0 
116.0 0.0 0.0 0.0 0.0 0.0 0.0 121.0 0.0 0.0 99.0 142.0 0.0 0.0 0.0 0.0 0.0 0.0 0.0 0.0 280.0 0.0 0.0 304.0 
131.0 0.0 0.0 0.0 0.0 0.0 0.0 117.0 161.0 161.0 86.0 0.0 0.0 0.0 0.0 0.0 0.0 0.0 0.0 0.0 249.0 0.0 0.0 0.0 
0.0 0.0 0.0 0.0 0.0 0.0 0.0 0.0 46.0 0.0 0.0 0.0 0.0 0.0 0.0 0.0 0.0 0.0 37.0 0.0 0.0 115.0 0.0 0.0 
0.0 0.0 136.0 27.0 76.0 53.0 0.0 0.0 0.0 0.0 0.0 0.0 84.0 0.0 0.0 0.0 0.0 0.0 0.0 0.0 0.0 186.0 0.0 0.0 
0.0 0.0 0.0 0.0 0.0 0.0 0.0 0.0 75.0 117.0 0.0 0.0 0.0 0.0 0.0 0.0 37.0 0.0 0.0 0.0 0.0 0.0 80.0 0.0 
0.0 0.0 0.0 0.0 0.0 0.0 0.0 0.0 0.0 48.0 0.0 0.0 0.0 0.0 0.0 0.0 0.0 0.0 0.0 0.0 0.0 0.0 29.0 0.0 
0.0 0.0 0.0 0.0 178.0 0.0 0.0 0.0 0.0 0.0 0.0 0.0 186.0 41.0 280.0 249.0 0.0 0.0 0.0 0.0 0.0 236.0 0.0 0.0 
0.0 0.0 0.0 0.0 0.0 117.0 0.0 0.0 177.0 0.0 0.0 0.0 0.0 0.0 0.0 0.0 115.0 186.0 0.0 0.0 236.0 0.0 154.0 0.0 
0.0 0.0 0.0 32.0 0.0 0.0 0.0 0.0 0.0 0.0 0.0 0.0 0.0 0.0 0.0 0.0 0.0 0.0 80.0 29.0 0.0 154.0 0.0 168.0 
0.0 157.0 203.0 0.0 0.0 0.0 1.0 0.0 0.0 204.0 0.0 0.0 0.0 0.0 304.0 0.0 0.0 0.0 0.0 0.0 0.0 0.0 168.0 0.0 
