q
160.0 379.0 265.0 295.0 336.0 87.0 623.0 44.0 15.0 346.0 809.0 209.0 809.0 346.0 373.0 1098.0 453.0 278.0 462.0 545.0 1238.0 1134.0 979.0 751.0 
l
0.0 0.0 0.0 0.0 0.0 0.0 0.0 0.0 0.0 0.0 0.0 7.0 58.0 0.0 0.0 0.0 0.0 27.0 0.0 0.0 0.0 0.0 0.0 60.0 
0.0 0.0 0.0 0.0 72.0 0.0 56.0 0.0 0.0 0.0 0.0 0.0 0.0 0.0 0.0 0.0 0.0 0.0 0.0 82.0 0.0 0.0 146.0 0.0 
0.0 0.0 0.0 0.0 0.0 16.0 0.0 0.0 0.0 0.0 0.0 0.0 0.0 0.0 58.0 0.0 0.0 0.0 41.0 0.0 130.0 0.0 0.0 0.0 
0.0 0.0 0.0 0.0 0.0 0.0 0.0 0.0 0.0 0.0 84.0 0.0 0.0 0.0 0.0 0.0 0.0 0.0 56.0 0.0 0.0 137.0 0.0 0.0 
0.0 72.0 0.0 0.0 0.0 0.0 0.0 0.0 0.0 0.0 0.0 0.0 0.0 0.0 0.0 0.0 0.0 0.0 0.0 80.0 0.0 167.0 0.0 0.0 
0.0 0.0 16.0 0.0 0.0 0.0 0.0 0.0 0.0 0.0 0.0 0.0 0.0 0.0 14.0 54.0 0.0 0.0 0.0 0.0 0.0 0.0 0.0 0.0 
0.0 56.0 0.0 0.0 0.0 0.0 0.0 0.0 0.0 0.0 0.0 0.0 0.0 90.0 0.0 0.0 156.0 0.0 0.0 91.0 0.0 0.0 200.0 0.0 
0.0 0.0 0.0 0.0 0.0 0.0 0.0 0.0 4.0 0.0 0.0 0.0 0.0 0.0 0.0 0.0 0.0 7.0 0.0 0.0 0.0 30.0 0.0 0.0 
0.0 0.0 0.0 0.0 0.0 0.0 0.0 4.0 0.0 0.0 0.0 0.0 0.0 0.0 0.0 0.0 0.0 1.0 0.0 0.0 0.0 0.0 9.0 0.0 
0.0 0.0 0.0 0.0 0.0 0.0 0.0 0.0 0.0 0.0 119.0 27.0 90.0 0.0 0.0 0.0 0.0 0.0 0.0 0.0 0.0 0.0 0.0 99.0 
0.0 0.0 0.0 84.0 0.0 0.0 0.0 0.0 0.0 119.0 0.0 0.0 190.0 0.0 94.0 170.0 0.0 0.0 120.0 0.0 0.0 0.0 0.0 0.0 
7.0 0.0 0.0 0.0 0.0 0.0 0.0 0.0 0.0 27.0 0.0 0.0 77.0 0.0 0.0 0.0 0.0 0.0 0.0 0.0 0.0 0.0 0.0 88.0 
58.0 0.0 0.0 0.0 0.0 0.0 0.0 0.0 0.0 90.0 190.0 77.0 0.0 0.0 0.0 0.0 0.0 106.0 0.0 0.0 0.0 257.0 0.0 0.0 
0.0 0.0 0.0 0.0 0.0 0.0 90.0 0.0 0.0 0.0 0.0 0.0 0.0 0.0 0.0 0.0 42.0 0.0 0.0 46.0 153.0 0.0 0.0 0.0 
0.0 0.0 58.0 0.0 0.0 14.0 0.0 0.0 0.0 0.0 94.0 0.0 0.0 0.0 0.0 135.0 0.0 0.0 47.0 0.0 0.0 0.0 0.0 0.0 
0.0 0.0 0.0 0.0 0.0 54.0 0.0 0.0 0.0 0.0 170.0 0.0 0.0 0.0 135.0 0.0 222.0 0.0 0.0 0.0 218.0 0.0 0.0 238.0 
0.0 0.0 0.0 0.0 0.0 0.0 156.0 0.0 0.0 0.0 0.0 0.0 0.0 42.0 0.0 222.0 0.0 0.0 0.0 0.0 0.0 0.0 0.0 0.0 
27.0 0.0 0.0 0.0 0.0 0.0 0.0 7.0 1.0 0.0 0.0 0.0 106.0 0.0 0.0 0.0 0.0 0.0 0.0 0.0 0.0 0.0 123.0 0.0 
0.0 0.0 41.0 56.0 0.0 0.0 0.0 0.0 0.0 0.0 120.0 0.0 0.0 0.0 47.0 0.0 0.0 0.0 0.0 0.0 179.0 0.0 0.0 0.0 
0.0 82.0 0.0 0.0 80.0 0.0 91.0 0.0 0.0 0.0 0.0 0.0 0.0 46.0 0.0 0.0 0.0 0.0 0.0 0.0 220.0 0.0 0.0 0.0 
0.0 0.0 130.0 0.0 0.0 0.0 0.0 0.0 0.0 0.0 0.0 0.0 0.0 153.0 0.0 218.0 0.0 0.0 179.0 220.0 0.0 276.0 0.0 0.0 
0.0 0.0 0.0 137.0 167.0 0.0 0.0 30.0 0.0 0.0 0.0 0.0 257.0 0.0 0.0 0.0 0.0 0.0 0.0 0.0 276.0 0.0 210.0 0.0 
0.0 146.0 0.0 0.0 0.0 0.0 200.0 0.0 9.0 0.0 0.0 0.0 0.0 0.0 0.0 0.0 0.0 123.0 0.0 0.0 0.0 210.0 0.0 233.0 
60.0 0.0 0.0 0.0 0.0 0.0 0.0 0.0 0.0 99.0 0.0 88.0 0.0 0.0 0.0 238.0 0.0 0.0 0.0 0.0 0.0 0.0 233.0 0.0 
