q
1.0 552.0 337.0 353.0 442.0 336.0 539.0 4.0 326.0 1027.0 680.0 42.0 552.0 3.0 360.0 524.0 505.0 413.0 291.0 508.0 972.0 963.0 1046.0 1006.0 
l
0.0 0.0 0.0 0.0 0.0 0.0 0.0 0.0 0.0 0.0 0.0 0.0 0.0 0.0 0.0 0.0 0.0 0.0 0.0 0.0 0.0 0.0 1.0 0.0 
0.0 0.0 0.0 0.0 77.0 83.0 0.0 0.0 0.0 0.0 0.0 0.0 0.0 0.0 0.0 82.0 116.0 0.0 0.0 0.0 0.0 0.0 167.0 0.0 
0.0 0.0 0.0 0.0 0.0 0.0 0.0 0.0 58.0 0.0 0.0 6.0 78.0 0.0 0.0 0.0 0.0 0.0 0.0 50.0 126.0 0.0 0.0 0.0 
0.0 0.0 0.0 0.0 0.0 0.0 113.0 0.0 0.0 0.0 0.0 0.0 0.0 0.0 53.0 0.0 0.0 0.0 0.0 0.0 0.0 0.0 166.0 0.0 
0.0 77.0 0.0 0.0 0.0 0.0 0.0 0.0 0.0 0.0 0.0 0.0 0.0 0.0 0.0 74.0 0.0 0.0 77.0 0.0 0.0 0.0 188.0 0.0 
0.0 83.0 0.0 0.0 0.0 0.0 0.0 0.0 0.0 0.0 0.0 0.0 0.0 0.0 0.0 0.0 70.0 0.0 0.0 0.0 0.0 161.0 0.0 0.0 
0.0 0.0 0.0 113.0 0.0 0.0 0.0 0.0 0.0 0.0 104.0 0.0 0.0 1.0 70.0 0.0 0.0 65.0 0.0 0.0 0.0 161.0 0.0 0.0 
0.0 0.0 0.0 0.0 0.0 0.0 0.0 0.0 0.0 0.0 0.0 2.0 0.0 0.0 0.0 0.0 0.0 0.0 0.0 0.0 2.0 0.0 0.0 0.0 
0.0 0.0 58.0 0.0 0.0 0.0 0.0 0.0 0.0 147.0 0.0 2.0 100.0 0.0 0.0 0.0 0.0 0.0 0.0 0.0 0.0 0.0 0.0 0.0 
0.0 0.0 0.0 0.0 0.0 0.0 0.0 0.0 147.0 0.0 0.0 30.0 0.0 0.0 0.0 198.0 0.0 0.0 152.0 0.0 192.0 0.0 0.0 256.0 
0.0 0.0 0.0 0.0 0.0 0.0 104.0 0.0 0.0 0.0 0.0 0.0 118.0 0.0 84.0 0.0 0.0 99.0 0.0 106.0 0.0 0.0 0.0 145.0 
0.0 0.0 6.0 0.0 0.0 0.0 0.0 2.0 2.0 30.0 0.0 0.0 0.0 0.0 0.0 0.0 0.0 0.0 0.0 0.0 0.0 0.0 0.0 0.0 
0.0 0.0 78.0 0.0 0.0 0.0 0.0 0.0 100.0 0.0 118.0 0.0 0.0 0.0 0.0 0.0 0.0 0.0 0.0 66.0 0.0 0.0 0.0 164.0 
0.0 0.0 0.0 0.0 0.0 0.0 1.0 0.0 0.0 0.0 0.0 0.0 0.0 0.0 0.0 0.0 0.0 1.0 0.0 0.0 0.0 1.0 0.0 0.0 
0.0 0.0 0.0 53.0 0.0 0.0 70.0 0.0 0.0 0.0 84.0 0.0 0.0 0.0 0.0 0.0 0.0 0.0 0.0 0.0 0.0 0.0 0.0 136.0 
0.0 82.0 0.0 0.0 74.0 0.0 0.0 0.0 0.0 198.0 0.0 0.0 0.0 0.0 0.0 0.0 101.0 0.0 45.0 0.0 0.0 0.0 0.0 0.0 
0.0 116.0 0.0 0.0 0.0 70.0 0.0 0.0 0.0 0.0 0.0 0.0 0.0 0.0 0.0 101.0 0.0 0.0 0.0 0.0 189.0 0.0 0.0 0.0 
0.0 0.0 0.0 0.0 0.0 0.0 65.0 0.0 0.0 0.0 99.0 0.0 0.0 1.0 0.0 0.0 0.0 0.0 0.0 85.0 0.0 138.0 0.0 0.0 
0.0 0.0 0.0 0.0 77.0 0.0 0.0 0.0 0.0 152.0 0.0 0.0 0.0 0.0 0.0 45.0 0.0 0.0 0.0 0.0 0.0 0.0 0.0 0.0 
0.0 0.0 50.0 0.0 0.0 0.0 0.0 0.0 0.0 0.0 106.0 0.0 66.0 0.0 0.0 0.0 0.0 85.0 0.0 0.0 176.0 0.0 0.0 0.0 
0.0 0.0 126.0 0.0 0.0 0.0 0.0 2.0 0.0 192.0 0.0 0.0 0.0 0.0 0.0 0.0 189.0 0.0 0.0 176.0 0.0 240.0 0.0 0.0 
0.0 0.0 0.0 0.0 0.0 161.0 161.0 0.0 0.0 0.0 0.0 0.0 0.0 1.0 0.0 0.0 0.0 138.0 0.0 0.0 240.0 0.0 212.0 0.0 
1.0 167.0 0.0 166.0 188.0 0.0 0.0 0.0 0.0 0.0 0.0 0.0 0.0 0.0 0.0 0.0 0.0 0.0 0.0 0.0 0.0 212.0 0.0 261.0 
0.0 0.0 0.0 0.0 0.0 0.0 0.0 0.0 0.0 256.0 145.0 0.0 164.0 0.0 136.0 0.0 0.0 0.0 0.0 0.0 0.0 0.0 261.0 0.0 
