q
376.0 346.0 427.0 192.0 445.0 289.0 305.0 574.0 267.0 451.0 799.0 438.0 254.0 436.0 249.0 1013.0 105.0 525.0 1.0 1.0 1285.0 1219.0 644.0 985.0 
l
0.0 73.0 0.0 0.0 0.0 0.0 0.0 0.0 0.0 0.0 87.0 45.0 0.0 0.0 0.0 134.0 18.0 0.0 0.0 0.0 0.0 0.0 0.0 0.0 
73.0 0.0 0.0 0.0 0.0 0.0 0.0 0.0 0.0 35.0 97.0 0.0 0.0 0.0 0.0 0.0 0.0 0.0 0.0 0.0 0.0 0.0 0.0 125.0 
0.0 0.0 0.0 0.0 55.0 40.0 0.0 0.0 0.0 0.0 0.0 0.0 0.0 66.0 0.0 0.0 0.0 83.0 0.0 0.0 166.0 0.0 0.0 0.0 
0.0 0.0 0.0 0.0 36.0 0.0 0.0 0.0 0.0 0.0 0.0 0.0 0.0 40.0 47.0 0.0 0.0 0.0 0.0 0.0 0.0 0.0 61.0 0.0 
0.0 0.0 55.0 36.0 0.0 0.0 0.0 0.0 0.0 0.0 0.0 0.0 0.0 69.0 58.0 0.0 0.0 0.0 0.0 0.0 199.0 0.0 0.0 0.0 
0.0 0.0 40.0 0.0 0.0 0.0 0.0 0.0 0.0 0.0 0.0 0.0 0.0 0.0 0.0 0.0 0.0 84.0 0.0 0.0 150.0 0.0 0.0 0.0 
0.0 0.0 0.0 0.0 0.0 0.0 0.0 99.0 40.0 0.0 0.0 0.0 0.0 0.0 0.0 0.0 0.0 0.0 0.0 0.0 153.0 0.0 0.0 0.0 
0.0 0.0 0.0 0.0 0.0 0.0 99.0 0.0 69.0 0.0 105.0 84.0 0.0 0.0 0.0 0.0 0.0 0.0 0.0 0.0 0.0 186.0 0.0 0.0 
0.0 0.0 0.0 0.0 0.0 0.0 40.0 69.0 0.0 0.0 0.0 36.0 0.0 0.0 0.0 105.0 0.0 0.0 0.0 0.0 0.0 0.0 0.0 0.0 
0.0 35.0 0.0 0.0 0.0 0.0 0.0 0.0 0.0 0.0 156.0 0.0 89.0 0.0 0.0 0.0 0.0 0.0 0.0 0.0 0.0 0.0 0.0 147.0 
87.0 97.0 0.0 0.0 0.0 0.0 0.0 105.0 0.0 156.0 0.0 93.0 0.0 0.0 0.0 0.0 0.0 0.0 0.0 0.0 0.0 218.0 0.0 0.0 
45.0 0.0 0.0 0.0 0.0 0.0 0.0 84.0 36.0 0.0 93.0 0.0 0.0 0.0 0.0 128.0 26.0 0.0 0.0 0.0 0.0 0.0 0.0 0.0 
0.0 0.0 0.0 0.0 0.0 0.0 0.0 0.0 0.0 89.0 0.0 0.0 0.0 0.0 0.0 0.0 0.0 0.0 0.0 0.0 0.0 151.0 0.0 0.0 
0.0 0.0 66.0 40.0 69.0 0.0 0.0 0.0 0.0 0.0 0.0 0.0 0.0 0.0 0.0 0.0 0.0 88.0 0.0 0.0 0.0 0.0 153.0 0.0 
0.0 0.0 0.0 47.0 58.0 0.0 0.0 0.0 0.0 0.0 0.0 0.0 0.0 0.0 0.0 0.0 0.0 0.0 0.0 0.0 0.0 130.0 0.0 0.0 
134.0 0.0 0.0 0.0 0.0 0.0 0.0 0.0 105.0 0.0 0.0 128.0 0.0 0.0 0.0 0.0 57.0 0.0 0.0 0.0 308.0 0.0 0.0 238.0 
18.0 0.0 0.0 0.0 0.0 0.0 0.0 0.0 0.0 0.0 0.0 26.0 0.0 0.0 0.0 57.0 0.0 0.0 0.0 0.0 0.0 0.0 0.0 0.0 
0.0 0.0 83.0 0.0 0.0 84.0 0.0 0.0 0.0 0.0 0.0 0.0 0.0 88.0 0.0 0.0 0.0 0.0 0.0 0.0 0.0 0.0 0.0 232.0 
0.0 0.0 0.0 0.0 0.0 0.0 0.0 0.0 0.0 0.0 0.0 0.0 0.0 0.0 0.0 0.0 0.0 0.0 0.0 0.0 0.0 0.0 1.0 0.0 
0.0 0.0 0.0 0.0 0.0 0.0 0.0 0.0 0.0 0.0 0.0 0.0 0.0 0.0 0.0 0.0 0.0 0.0 0.0 0.0 0.0 0.0 0.0 1.0 
0.0 0.0 166.0 0.0 199.0 150.0 153.0 0.0 0.0 0.0 0.0 0.0 0.0 0.0 0.0 308.0 0.0 0.0 0.0 0.0 0.0 252.0 0.0 0.0 
0.0 0.0 0.0 0.0 0.0 0.0 0.0 186.0 0.0 0.0 218.0 0.0 151.0 0.0 130.0 0.0 0.0 0.0 0.0 0.0 252.0 0.0 223.0 0.0 
0.0 0.0 0.0 61.0 0.0 0.0 0.0 0.0 0.0 0.0 0.0 0.0 0.0 153.0 0.0 0.0 0.0 0.0 1.0 0.0 0.0 223.0 0.0 183.0 
0.0 125.0 0.0 0.0 0.0 0.0 0.0 0.0 0.0 147.0 0.0 0.0 0.0 0.0 0.0 238.0 0.0 232.0 0.0 1.0 0.0 0.0 183.0 0.0 
