q
1224.0 345.0 349.0 988.0 287.0 673.0 1.0 331.0 369.0 353.0 482.0 304.0 152.0 22.0 255.0 119.0 649.0 244.0 290.0 420.0 914.0 1043.0 1025.0 951.0 
l
0.0 0.0 150.0 0.0 0.0 0.0 0.0 0.0 0.0 0.0 220.0 0.0 88.0 0.0 0.0 0.0 177.0 0.0 0.0 0.0 260.0 0.0 0.0 272.0 
0.0 0.0 0.0 0.0 0.0 80.0 0.0 62.0 0.0 0.0 0.0 0.0 0.0 0.0 0.0 0.0 0.0 0.0 0.0 0.0 0.0 175.0 0.0 0.0 
150.0 0.0 0.0 0.0 0.0 0.0 0.0 0.0 0.0 0.0 0.0 0.0 0.0 0.0 0.0 0.0 76.0 0.0 0.0 101.0 0.0 0.0 0.0 0.0 
0.0 0.0 0.0 0.0 0.0 0.0 0.0 0.0 138.0 124.0 0.0 0.0 0.0 0.0 0.0 0.0 186.0 0.0 103.0 123.0 0.0 250.0 0.0 0.0 
0.0 0.0 0.0 0.0 0.0 79.0 0.0 20.0 0.0 0.0 52.0 0.0 0.0 0.0 0.0 24.0 0.0 0.0 0.0 0.0 94.0 0.0 0.0 0.0 
0.0 80.0 0.0 0.0 79.0 0.0 0.0 94.0 0.0 0.0 95.0 60.0 0.0 0.0 0.0 0.0 0.0 0.0 0.0 0.0 0.0 0.0 229.0 0.0 
0.0 0.0 0.0 0.0 0.0 0.0 0.0 0.0 0.0 0.0 0.0 0.0 0.0 0.0 0.0 0.0 0.0 0.0 0.0 0.0 0.0 0.0 0.0 1.0 
0.0 62.0 0.0 0.0 20.0 94.0 0.0 0.0 0.0 0.0 0.0 0.0 0.0 0.0 0.0 19.0 0.0 0.0 0.0 0.0 126.0 0.0 0.0 0.0 
0.0 0.0 0.0 138.0 0.0 0.0 0.0 0.0 0.0 57.0 0.0 0.0 0.0 0.0 0.0 0.0 0.0 0.0 0.0 0.0 0.0 0.0 149.0 0.0 
0.0 0.0 0.0 124.0 0.0 0.0 0.0 0.0 57.0 0.0 0.0 0.0 0.0 0.0 0.0 0.0 0.0 0.0 23.0 0.0 0.0 0.0 0.0 129.0 
220.0 0.0 0.0 0.0 52.0 95.0 0.0 0.0 0.0 0.0 0.0 66.0 20.0 0.0 0.0 0.0 0.0 0.0 0.0 0.0 0.0 0.0 0.0 0.0 
0.0 0.0 0.0 0.0 0.0 60.0 0.0 0.0 0.0 0.0 66.0 0.0 33.0 4.0 0.0 0.0 0.0 0.0 0.0 0.0 0.0 0.0 127.0 0.0 
88.0 0.0 0.0 0.0 0.0 0.0 0.0 0.0 0.0 0.0 20.0 33.0 0.0 3.0 0.0 0.0 0.0 0.0 0.0 0.0 0.0 0.0 0.0 0.0 
0.0 0.0 0.0 0.0 0.0 0.0 0.0 0.0 0.0 0.0 0.0 4.0 3.0 0.0 0.0 0.0 0.0 0.0 0.0 0.0 0.0 0.0 14.0 0.0 
0.0 0.0 0.0 0.0 0.0 0.0 0.0 0.0 0.0 0.0 0.0 0.0 0.0 0.0 0.0 0.0 79.0 28.0 0.0 0.0 0.0 133.0 0.0 0.0 
0.0 0.0 0.0 0.0 24.0 0.0 0.0 19.0 0.0 0.0 0.0 0.0 0.0 0.0 0.0 0.0 0.0 0.0 0.0 0.0 73.0 0.0 0.0 0.0 
177.0 0.0 76.0 186.0 0.0 0.0 0.0 0.0 0.0 0.0 0.0 0.0 0.0 0.0 79.0 0.0 0.0 99.0 0.0 0.0 0.0 0.0 0.0 0.0 
0.0 0.0 0.0 0.0 0.0 0.0 0.0 0.0 0.0 0.0 0.0 0.0 0.0 0.0 28.0 0.0 99.0 0.0 0.0 0.0 106.0 0.0 0.0 0.0 
0.0 0.0 0.0 103.0 0.0 0.0 0.0 0.0 0.0 23.0 0.0 0.0 0.0 0.0 0.0 0.0 0.0 0.0 0.0 38.0 0.0 0.0 0.0 114.0 
0.0 0.0 101.0 123.0 0.0 0.0 0.0 0.0 0.0 0.0 0.0 0.0 0.0 0.0 0.0 0.0 0.0 0.0 38.0 0.0 0.0 0.0 0.0 131.0 
260.0 0.0 0.0 0.0 94.0 0.0 0.0 126.0 0.0 0.0 0.0 0.0 0.0 0.0 0.0 73.0 0.0 106.0 0.0 0.0 0.0 216.0 0.0 0.0 
0.0 175.0 0.0 250.0 0.0 0.0 0.0 0.0 0.0 0.0 0.0 0.0 0.0 0.0 133.0 0.0 0.0 0.0 0.0 0.0 216.0 0.0 199.0 0.0 
0.0 0.0 0.0 0.0 0.0 229.0 0.0 0.0 149.0 0.0 0.0 127.0 0.0 14.0 0.0 0.0 0.0 0.0 0.0 0.0 0.0 199.0 0.0 261.0 
272.0 0.0 0.0 0.0 0.0 0.0 1.0 0.0 0.0 129.0 0.0 0.0 0.0 0.0 0.0 0.0 0.0 0.0 114.0 131.0 0.0 0.0 261.0 0.0 
