q
415.0 153.0 401.0 429.0 67.0 208.0 865.0 263.0 491.0 776.0 291.0 273.0 925.0 437.0 401.0 400.0 140.0 737.0 484.0 2.0 1340.0 924.0 1165.0 811.0 
l
0.0 0.0 0.0 0.0 0.0 0.0 143.0 28.0 0.0 99.0 0.0 0.0 0.0 0.0 0.0 0.0 34.0 0.0 0.0 0.0 0.0 96.0 0.0 0.0 
0.0 0.0 0.0 0.0 0.0 22.0 0.0 0.0 0.0 0.0 0.0 0.0 0.0 0.0 41.0 0.0 0.0 0.0 0.0 0.0 0.0 83.0 0.0 0.0 
0.0 0.0 0.0 55.0 0.0 0.0 99.0 0.0 0.0 0.0 67.0 0.0 0.0 0.0 0.0 0.0 0.0 0.0 0.0 0.0 163.0 0.0 0.0 0.0 
0.0 0.0 55.0 0.0 0.0 0.0 110.0 0.0 0.0 0.0 57.0 0.0 106.0 0.0 0.0 0.0 0.0 91.0 0.0 1.0 0.0 0.0 0.0 0.0 
0.0 0.0 0.0 0.0 0.0 0.0 0.0 0.0 20.0 0.0 0.0 0.0 0.0 0.0 0.0 7.0 0.0 0.0 0.0 0.0 0.0 0.0 0.0 35.0 
0.0 22.0 0.0 0.0 0.0 0.0 0.0 0.0 0.0 0.0 0.0 0.0 0.0 0.0 53.0 0.0 0.0 0.0 34.0 0.0 0.0 0.0 88.0 0.0 
143.0 0.0 99.0 110.0 0.0 0.0 0.0 0.0 0.0 136.0 0.0 0.0 0.0 0.0 0.0 0.0 0.0 124.0 0.0 0.0 226.0 0.0 0.0 0.0 
28.0 0.0 0.0 0.0 0.0 0.0 0.0 0.0 0.0 95.0 0.0 0.0 0.0 0.0 0.0 0.0 10.0 0.0 0.0 0.0 0.0 109.0 0.0 0.0 
0.0 0.0 0.0 0.0 20.0 0.0 0.0 0.0 0.0 0.0 0.0 0.0 0.0 0.0 34.0 110.0 0.0 0.0 73.0 0.0 232.0 0.0 0.0 0.0 
99.0 0.0 0.0 0.0 0.0 0.0 136.0 95.0 0.0 0.0 0.0 0.0 0.0 82.0 0.0 0.0 0.0 120.0 0.0 0.0 0.0 0.0 196.0 0.0 
0.0 0.0 67.0 57.0 0.0 0.0 0.0 0.0 0.0 0.0 0.0 0.0 155.0 0.0 0.0 0.0 0.0 0.0 0.0 0.0 0.0 0.0 0.0 0.0 
0.0 0.0 0.0 0.0 0.0 0.0 0.0 0.0 0.0 0.0 0.0 0.0 0.0 57.0 0.0 0.0 0.0 96.0 0.0 0.0 0.0 0.0 0.0 100.0 
0.0 0.0 0.0 106.0 0.0 0.0 0.0 0.0 0.0 0.0 155.0 0.0 0.0 0.0 0.0 0.0 0.0 153.0 0.0 1.0 215.0 0.0 0.0 252.0 
0.0 0.0 0.0 0.0 0.0 0.0 0.0 0.0 0.0 82.0 0.0 57.0 0.0 0.0 0.0 0.0 0.0 111.0 0.0 0.0 0.0 0.0 167.0 0.0 
0.0 41.0 0.0 0.0 0.0 53.0 0.0 0.0 34.0 0.0 0.0 0.0 0.0 0.0 0.0 0.0 0.0 0.0 63.0 0.0 190.0 0.0 0.0 0.0 
0.0 0.0 0.0 0.0 7.0 0.0 0.0 0.0 110.0 0.0 0.0 0.0 0.0 0.0 0.0 0.0 0.0 0.0 84.0 0.0 0.0 0.0 0.0 170.0 
34.0 0.0 0.0 0.0 0.0 0.0 0.0 10.0 0.0 0.0 0.0 0.0 0.0 0.0 0.0 0.0 0.0 0.0 0.0 0.0 0.0 87.0 0.0 0.0 
0.0 0.0 0.0 91.0 0.0 0.0 124.0 0.0 0.0 120.0 0.0 96.0 153.0 111.0 0.0 0.0 0.0 0.0 0.0 0.0 0.0 0.0 0.0 0.0 
0.0 0.0 0.0 0.0 0.0 34.0 0.0 0.0 73.0 0.0 0.0 0.0 0.0 0.0 63.0 84.0 0.0 0.0 0.0 0.0 0.0 0.0 202.0 0.0 
0.0 0.0 0.0 1.0 0.0 0.0 0.0 0.0 0.0 0.0 0.0 0.0 1.0 0.0 0.0 0.0 0.0 0.0 0.0 0.0 0.0 0.0 0.0 0.0 
0.0 0.0 163.0 0.0 0.0 0.0 226.0 0.0 232.0 0.0 0.0 0.0 215.0 0.0 190.0 0.0 0.0 0.0 0.0 0.0 0.0 255.0 0.0 0.0 
96.0 83.0 0.0 0.0 0.0 0.0 0.0 109.0 0.0 0.0 0.0 0.0 0.0 0.0 0.0 0.0 87.0 0.0 0.0 0.0 255.0 0.0 239.0 0.0 
0.0 0.0 0.0 0.0 0.0 88.0 0.0 0.0 0.0 196.0 0.0 0.0 0.0 167.0 0.0 0.0 0.0 0.0 202.0 0.0 0.0 239.0 0.0 211.0 
0.0 0.0 0.0 0.0 35.0 0.0 0.0 0.0 0.0 0.0 0.0 100.0 252.0 0.0 0.0 170.0 0.0 0.0 0.0 0.0 0.0 0.0 211.0 0.0 
