q
478.0 558.0 786.0 759.0 430.0 100.0 362.0 401.0 602.0 287.0 1024.0 2.0 604.0 2.0 384.0 301.0 536.0 1.0 288.0 428.0 1204.0 1020.0 779.0 1256.0 
l
0.0 51.0 116.0 0.0 0.0 0.0 0.0 0.0 0.0 56.0 138.0 0.0 0.0 0.0 0.0 0.0 0.0 0.0 0.0 94.0 0.0 0.0 0.0 0.0 
51.0 0.0 132.0 0.0 0.0 0.0 0.0 146.0 0.0 63.0 137.0 0.0 0.0 0.0 0.0 0.0 0.0 0.0 0.0 0.0 0.0 0.0 0.0 0.0 
116.0 132.0 0.0 206.0 0.0 0.0 0.0 0.0 0.0 0.0 0.0 0.0 0.0 0.0 0.0 0.0 0.0 0.0 0.0 132.0 0.0 0.0 157.0 0.0 
0.0 0.0 206.0 0.0 0.0 0.0 0.0 0.0 0.0 0.0 0.0 0.0 0.0 0.0 95.0 116.0 154.0 0.0 0.0 0.0 0.0 0.0 149.0 0.0 
0.0 0.0 0.0 0.0 0.0 0.0 31.0 0.0 111.0 0.0 0.0 0.0 88.0 0.0 0.0 0.0 0.0 0.0 28.0 0.0 0.0 0.0 0.0 147.0 
0.0 0.0 0.0 0.0 0.0 0.0 0.0 0.0 16.0 0.0 0.0 0.0 0.0 0.0 0.0 0.0 0.0 0.0 25.0 0.0 57.0 0.0 0.0 0.0 
0.0 0.0 0.0 0.0 31.0 0.0 0.0 0.0 0.0 0.0 0.0 0.0 113.0 0.0 0.0 0.0 0.0 0.0 0.0 0.0 0.0 0.0 0.0 198.0 
0.0 146.0 0.0 0.0 0.0 0.0 0.0 0.0 0.0 0.0 0.0 0.0 0.0 0.0 0.0 0.0 97.0 0.0 0.0 0.0 143.0 0.0 0.0 0.0 
0.0 0.0 0.0 0.0 111.0 16.0 0.0 0.0 0.0 0.0 0.0 0.0 110.0 0.0 0.0 0.0 0.0 0.0 81.0 0.0 248.0 0.0 0.0 0.0 
56.0 63.0 0.0 0.0 0.0 0.0 0.0 0.0 0.0 0.0 142.0 0.0 0.0 1.0 0.0 0.0 0.0 0.0 0.0 0.0 0.0 0.0 0.0 0.0 
138.0 137.0 0.0 0.0 0.0 0.0 0.0 0.0 0.0 142.0 0.0 0.0 0.0 1.0 0.0 0.0 0.0 0.0 0.0 0.0 285.0 0.0 0.0 270.0 
0.0 0.0 0.0 0.0 0.0 0.0 0.0 0.0 0.0 0.0 0.0 0.0 0.0 0.0 1.0 0.0 0.0 0.0 0.0 0.0 0.0 1.0 0.0 0.0 
0.0 0.0 0.0 0.0 88.0 0.0 113.0 0.0 110.0 0.0 0.0 0.0 0.0 0.0 0.0 0.0 0.0 0.0 0.0 0.0 0.0 264.0 0.0 0.0 
0.0 0.0 0.0 0.0 0.0 0.0 0.0 0.0 0.0 1.0 1.0 0.0 0.0 0.0 0.0 0.0 0.0 0.0 0.0 0.0 0.0 0.0 0.0 0.0 
0.0 0.0 0.0 95.0 0.0 0.0 0.0 0.0 0.0 0.0 0.0 1.0 0.0 0.0 0.0 31.0 85.0 0.0 0.0 0.0 0.0 158.0 0.0 0.0 
0.0 0.0 0.0 116.0 0.0 0.0 0.0 0.0 0.0 0.0 0.0 0.0 0.0 0.0 31.0 0.0 0.0 0.0 0.0 0.0 0.0 139.0 0.0 0.0 
0.0 0.0 0.0 154.0 0.0 0.0 0.0 97.0 0.0 0.0 0.0 0.0 0.0 0.0 85.0 0.0 0.0 0.0 0.0 0.0 175.0 0.0 0.0 0.0 
0.0 0.0 0.0 0.0 0.0 0.0 0.0 0.0 0.0 0.0 0.0 0.0 0.0 0.0 0.0 0.0 0.0 0.0 0.0 0.0 0.0 0.0 1.0 0.0 
0.0 0.0 0.0 0.0 28.0 25.0 0.0 0.0 81.0 0.0 0.0 0.0 0.0 0.0 0.0 0.0 0.0 0.0 0.0 0.0 0.0 0.0 0.0 135.0 
94.0 0.0 132.0 0.0 0.0 0.0 0.0 0.0 0.0 0.0 0.0 0.0 0.0 0.0 0.0 0.0 0.0 0.0 0.0 0.0 0.0 0.0 0.0 177.0 
0.0 0.0 0.0 0.0 0.0 57.0 0.0 143.0 248.0 0.0 285.0 0.0 0.0 0.0 0.0 0.0 175.0 0.0 0.0 0.0 0.0 235.0 0.0 0.0 
0.0 0.0 0.0 0.0 0.0 0.0 0.0 0.0 0.0 0.0 0.0 1.0 264.0 0.0 158.0 139.0 0.0 0.0 0.0 0.0 235.0 0.0 172.0 0.0 
0.0 0.0 157.0 149.0 0.0 0.0 0.0 0.0 0.0 0.0 0.0 0.0 0.0 0.0 0.0 0.0 0.0 1.0 0.0 0.0 0.0 172.0 0.0 260.0 
0.0 0.0 0.0 0.0 147.0 0.0 198.0 0.0 0.0 0.0 270.0 0.0 0.0 0.0 0.0 0.0 0.0 0.0 135.0 177.0 0.0 0.0 260.0 0.0 
