q
309.0 256.0 386.0 1090.0 1130.0 1.0 326.0 841.0 857.0 394.0 280.0 734.0 199.0 1214.0 709.0 368.0 284.0 925.0 178.0 384.0 1231.0 0.0 864.0 
l
0.0 0.0 0.0 92.0 0.0 1.0 0.0 0.0 94.0 0.0 0.0 0.0 0.0 0.0 0.0 0.0 0.0 0.0 0.0 0.0 0.0 0.0 95.0 
0.0 0.0 0.0 0.0 0.0 0.0 0.0 0.0 0.0 73.0 0.0 0.0 0.0 0.0 139.0 0.0 28.0 0.0 0.0 0.0 0.0 0.0 0.0 
0.0 0.0 0.0 0.0 0.0 0.0 35.0 0.0 0.0 0.0 0.0 0.0 0.0 134.0 0.0 36.0 0.0 110.0 0.0 50.0 0.0 0.0 0.0 
92.0 0.0 0.0 0.0 0.0 0.0 0.0 301.0 114.0 0.0 0.0 0.0 0.0 355.0 0.0 0.0 0.0 0.0 0.0 0.0 163.0 0.0 0.0 
0.0 0.0 0.0 0.0 0.0 0.0 0.0 83.0 118.0 171.0 122.0 0.0 0.0 0.0 175.0 0.0 0.0 0.0 0.0 0.0 390.0 0.0 0.0 
1.0 0.0 0.0 0.0 0.0 0.0 0.0 0.0 0.0 0.0 0.0 0.0 0.0 0.0 0.0 0.0 0.0 0.0 0.0 0.0 0.0 0.0 0.0 
0.0 0.0 35.0 0.0 0.0 0.0 0.0 0.0 0.0 0.0 0.0 0.0 0.0 160.0 0.0 0.0 0.0 115.0 0.0 0.0 0.0 0.0 0.0 
0.0 0.0 0.0 301.0 83.0 0.0 0.0 0.0 88.0 89.0 0.0 0.0 0.0 0.0 72.0 0.0 159.0 0.0 0.0 0.0 0.0 0.0 0.0 
94.0 0.0 0.0 114.0 118.0 0.0 0.0 88.0 0.0 0.0 0.0 0.0 0.0 0.0 173.0 0.0 0.0 0.0 0.0 0.0 0.0 0.0 219.0 
0.0 73.0 0.0 0.0 171.0 0.0 0.0 89.0 0.0 0.0 0.0 0.0 0.0 0.0 36.0 0.0 0.0 0.0 0.0 0.0 0.0 0.0 0.0 
0.0 0.0 0.0 0.0 122.0 0.0 0.0 0.0 0.0 0.0 0.0 0.0 39.0 0.0 0.0 0.0 0.0 0.0 0.0 0.0 0.0 0.0 97.0 
0.0 0.0 0.0 0.0 0.0 0.0 0.0 0.0 0.0 0.0 0.0 0.0 0.0 142.0 0.0 70.0 0.0 0.0 106.0 92.0 295.0 0.0 0.0 
0.0 0.0 0.0 0.0 0.0 0.0 0.0 0.0 0.0 0.0 39.0 0.0 0.0 0.0 0.0 0.0 0.0 66.0 0.0 0.0 84.0 0.0 0.0 
0.0 0.0 134.0 355.0 0.0 0.0 160.0 0.0 0.0 0.0 0.0 142.0 0.0 0.0 0.0 166.0 0.0 0.0 0.0 0.0 0.0 0.0 192.0 
0.0 139.0 0.0 0.0 175.0 0.0 0.0 72.0 173.0 36.0 0.0 0.0 0.0 0.0 0.0 0.0 80.0 0.0 0.0 0.0 0.0 0.0 0.0 
0.0 0.0 36.0 0.0 0.0 0.0 0.0 0.0 0.0 0.0 0.0 70.0 0.0 166.0 0.0 0.0 0.0 0.0 33.0 44.0 0.0 0.0 0.0 
0.0 28.0 0.0 0.0 0.0 0.0 0.0 159.0 0.0 0.0 0.0 0.0 0.0 0.0 80.0 0.0 0.0 0.0 0.0 0.0 0.0 0.0 0.0 
0.0 0.0 110.0 0.0 0.0 0.0 115.0 0.0 0.0 0.0 0.0 0.0 66.0 0.0 0.0 0.0 0.0 0.0 0.0 153.0 230.0 0.0 209.0 
0.0 0.0 0.0 0.0 0.0 0.0 0.0 0.0 0.0 0.0 0.0 106.0 0.0 0.0 0.0 33.0 0.0 0.0 0.0 28.0 0.0 0.0 0.0 
0.0 0.0 50.0 0.0 0.0 0.0 0.0 0.0 0.0 0.0 0.0 92.0 0.0 0.0 0.0 44.0 0.0 153.0 28.0 0.0 0.0 0.0 0.0 
0.0 0.0 0.0 163.0 390.0 0.0 0.0 0.0 0.0 0.0 0.0 295.0 84.0 0.0 0.0 0.0 0.0 230.0 0.0 0.0 0.0 0.0 0.0 
0.0 0.0 0.0 0.0 0.0 0.0 0.0 0.0 0.0 0.0 0.0 0.0 0.0 0.0 0.0 0.0 0.0 0.0 0.0 0.0 0.0 0.0 0.0 
95.0 0.0 0.0 0.0 0.0 0.0 0.0 0.0 219.0 0.0 97.0 0.0 0.0 192.0 0.0 0.0 0.0 209.0 0.0 0.0 0.0 0.0 0.0 
