q
1.0 254.0 582.0 467.0 750.0 335.0 433.0 98.0 809.0 707.0 587.0 353.0 1379.0 319.0 85.0 298.0 316.0 9.0 429.0 344.0 1186.0 1186.0 1038.0 999.0 
l
0.0 0.0 0.0 0.0 0.0 0.0 0.0 0.0 0.0 0.0 0.0 0.0 0.0 0.0 0.0 0.0 0.0 0.0 0.0 0.0 1.0 0.0 0.0 0.0 
0.0 0.0 0.0 0.0 74.0 0.0 0.0 0.0 0.0 50.0 0.0 25.0 0.0 0.0 0.0 0.0 0.0 1.0 0.0 0.0 0.0 0.0 0.0 92.0 
0.0 0.0 0.0 66.0 0.0 0.0 0.0 0.0 0.0 0.0 98.0 0.0 224.0 92.0 0.0 0.0 0.0 0.0 77.0 0.0 0.0 0.0 0.0 0.0 
0.0 0.0 66.0 0.0 0.0 0.0 0.0 0.0 0.0 0.0 68.0 0.0 224.0 0.0 0.0 0.0 87.0 0.0 0.0 0.0 0.0 0.0 0.0 0.0 
0.0 74.0 0.0 0.0 0.0 0.0 0.0 0.0 129.0 125.0 0.0 108.0 0.0 0.0 0.0 95.0 0.0 0.0 0.0 0.0 0.0 185.0 0.0 0.0 
0.0 0.0 0.0 0.0 0.0 0.0 38.0 0.0 0.0 111.0 0.0 0.0 172.0 0.0 0.0 0.0 0.0 0.0 0.0 0.0 0.0 0.0 0.0 0.0 
0.0 0.0 0.0 0.0 0.0 38.0 0.0 0.0 122.0 86.0 0.0 0.0 166.0 0.0 0.0 0.0 0.0 0.0 0.0 0.0 0.0 0.0 0.0 0.0 
0.0 0.0 0.0 0.0 0.0 0.0 0.0 0.0 0.0 0.0 0.0 32.0 0.0 0.0 7.0 0.0 0.0 0.0 0.0 0.0 0.0 55.0 0.0 0.0 
0.0 0.0 0.0 0.0 129.0 0.0 122.0 0.0 0.0 142.0 0.0 0.0 0.0 0.0 0.0 0.0 0.0 0.0 0.0 144.0 231.0 0.0 0.0 0.0 
0.0 50.0 0.0 0.0 125.0 111.0 86.0 0.0 142.0 0.0 0.0 0.0 0.0 0.0 0.0 0.0 0.0 0.0 0.0 0.0 0.0 0.0 0.0 166.0 
0.0 0.0 98.0 68.0 0.0 0.0 0.0 0.0 0.0 0.0 0.0 0.0 0.0 0.0 0.0 0.0 62.0 0.0 118.0 0.0 0.0 0.0 214.0 0.0 
0.0 25.0 0.0 0.0 108.0 0.0 0.0 32.0 0.0 0.0 0.0 0.0 0.0 0.0 23.0 0.0 0.0 0.0 0.0 0.0 0.0 0.0 0.0 144.0 
0.0 0.0 224.0 224.0 0.0 172.0 166.0 0.0 0.0 0.0 0.0 0.0 0.0 0.0 0.0 0.0 0.0 0.0 0.0 0.0 236.0 0.0 0.0 291.0 
0.0 0.0 92.0 0.0 0.0 0.0 0.0 0.0 0.0 0.0 0.0 0.0 0.0 0.0 0.0 0.0 0.0 0.0 31.0 0.0 180.0 0.0 0.0 0.0 
0.0 0.0 0.0 0.0 0.0 0.0 0.0 7.0 0.0 0.0 0.0 23.0 0.0 0.0 0.0 0.0 0.0 0.0 0.0 0.0 0.0 0.0 52.0 0.0 
0.0 0.0 0.0 0.0 95.0 0.0 0.0 0.0 0.0 0.0 0.0 0.0 0.0 0.0 0.0 0.0 0.0 0.0 0.0 38.0 0.0 150.0 0.0 0.0 
0.0 0.0 0.0 87.0 0.0 0.0 0.0 0.0 0.0 0.0 62.0 0.0 0.0 0.0 0.0 0.0 0.0 0.0 0.0 0.0 0.0 0.0 150.0 0.0 
0.0 1.0 0.0 0.0 0.0 0.0 0.0 0.0 0.0 0.0 0.0 0.0 0.0 0.0 0.0 0.0 0.0 0.0 0.0 0.0 0.0 0.0 0.0 8.0 
0.0 0.0 77.0 0.0 0.0 0.0 0.0 0.0 0.0 0.0 118.0 0.0 0.0 31.0 0.0 0.0 0.0 0.0 0.0 0.0 189.0 0.0 0.0 0.0 
0.0 0.0 0.0 0.0 0.0 0.0 0.0 0.0 144.0 0.0 0.0 0.0 0.0 0.0 0.0 38.0 0.0 0.0 0.0 0.0 0.0 143.0 0.0 0.0 
1.0 0.0 0.0 0.0 0.0 0.0 0.0 0.0 231.0 0.0 0.0 0.0 236.0 180.0 0.0 0.0 0.0 0.0 189.0 0.0 0.0 280.0 0.0 0.0 
0.0 0.0 0.0 0.0 185.0 0.0 0.0 55.0 0.0 0.0 0.0 0.0 0.0 0.0 0.0 150.0 0.0 0.0 0.0 143.0 280.0 0.0 305.0 0.0 
0.0 0.0 0.0 0.0 0.0 0.0 0.0 0.0 0.0 0.0 214.0 0.0 0.0 0.0 52.0 0.0 150.0 0.0 0.0 0.0 0.0 305.0 0.0 261.0 
0.0 92.0 0.0 0.0 0.0 0.0 0.0 0.0 0.0 166.0 0.0 144.0 291.0 0.0 0.0 0.0 0.0 8.0 0.0 0.0 0.0 0.0 261.0 0.0 
