q
6.0 413.0 605.0 485.0 1.0 320.0 3.0 1437.0 502.0 299.0 366.0 1130.0 584.0 8.0 296.0 309.0 1000.0 963.0 275.0 287.0 1036.0 535.0 810.0 1064.0 
l
0.0 0.0 0.0 0.0 0.0 0.0 0.0 0.0 0.0 0.0 0.0 0.0 0.0 0.0 0.0 2.0 0.0 0.0 0.0 0.0 0.0 0.0 4.0 0.0 
0.0 0.0 0.0 65.0 0.0 0.0 0.0 0.0 0.0 0.0 0.0 0.0 0.0 0.0 0.0 0.0 0.0 104.0 40.0 71.0 0.0 0.0 0.0 110.0 
0.0 0.0 0.0 0.0 0.0 0.0 0.0 0.0 0.0 0.0 65.0 221.0 142.0 0.0 64.0 0.0 86.0 0.0 0.0 0.0 0.0 0.0 0.0 0.0 
0.0 65.0 0.0 0.0 0.0 0.0 0.0 175.0 0.0 0.0 0.0 0.0 0.0 0.0 0.0 0.0 0.0 84.0 0.0 73.0 0.0 0.0 60.0 0.0 
0.0 0.0 0.0 0.0 0.0 0.0 0.0 0.0 0.0 0.0 0.0 0.0 0.0 0.0 0.0 0.0 0.0 0.0 0.0 0.0 0.0 1.0 0.0 0.0 
0.0 0.0 0.0 0.0 0.0 0.0 0.0 0.0 0.0 0.0 58.0 130.0 0.0 0.0 0.0 0.0 0.0 0.0 0.0 0.0 111.0 0.0 0.0 0.0 
0.0 0.0 0.0 0.0 0.0 0.0 0.0 0.0 0.0 0.0 0.0 0.0 0.0 0.0 0.0 1.0 0.0 0.0 0.0 0.0 0.0 2.0 0.0 0.0 
0.0 0.0 0.0 175.0 0.0 0.0 0.0 0.0 196.0 0.0 0.0 361.0 0.0 0.0 0.0 157.0 0.0 307.0 0.0 0.0 0.0 0.0 158.0 0.0 
0.0 0.0 0.0 0.0 0.0 0.0 0.0 196.0 0.0 65.0 0.0 0.0 0.0 0.0 0.0 59.0 0.0 0.0 0.0 0.0 151.0 0.0 0.0 0.0 
0.0 0.0 0.0 0.0 0.0 0.0 0.0 0.0 65.0 0.0 0.0 119.0 0.0 0.0 0.0 0.0 0.0 0.0 0.0 0.0 99.0 0.0 0.0 0.0 
0.0 0.0 65.0 0.0 0.0 58.0 0.0 0.0 0.0 0.0 0.0 114.0 0.0 1.0 0.0 0.0 108.0 0.0 0.0 0.0 0.0 0.0 0.0 0.0 
0.0 0.0 221.0 0.0 0.0 130.0 0.0 361.0 0.0 119.0 114.0 0.0 0.0 0.0 0.0 0.0 0.0 0.0 0.0 0.0 123.0 0.0 0.0 0.0 
0.0 0.0 142.0 0.0 0.0 0.0 0.0 0.0 0.0 0.0 0.0 0.0 0.0 0.0 89.0 0.0 0.0 196.0 0.0 0.0 0.0 0.0 0.0 135.0 
0.0 0.0 0.0 0.0 0.0 0.0 0.0 0.0 0.0 0.0 1.0 0.0 0.0 0.0 0.0 0.0 7.0 0.0 0.0 0.0 0.0 0.0 0.0 0.0 
0.0 0.0 64.0 0.0 0.0 0.0 0.0 0.0 0.0 0.0 0.0 0.0 89.0 0.0 0.0 0.0 127.0 0.0 0.0 0.0 0.0 0.0 0.0 0.0 
2.0 0.0 0.0 0.0 0.0 0.0 1.0 157.0 59.0 0.0 0.0 0.0 0.0 0.0 0.0 0.0 0.0 0.0 0.0 0.0 0.0 74.0 0.0 0.0 
0.0 0.0 86.0 0.0 0.0 0.0 0.0 0.0 0.0 0.0 108.0 0.0 0.0 7.0 127.0 0.0 0.0 0.0 0.0 0.0 283.0 0.0 0.0 322.0 
0.0 104.0 0.0 84.0 0.0 0.0 0.0 307.0 0.0 0.0 0.0 0.0 196.0 0.0 0.0 0.0 0.0 0.0 110.0 0.0 0.0 0.0 0.0 115.0 
0.0 40.0 0.0 0.0 0.0 0.0 0.0 0.0 0.0 0.0 0.0 0.0 0.0 0.0 0.0 0.0 0.0 110.0 0.0 0.0 0.0 0.0 0.0 112.0 
0.0 71.0 0.0 73.0 0.0 0.0 0.0 0.0 0.0 0.0 0.0 0.0 0.0 0.0 0.0 0.0 0.0 0.0 0.0 0.0 0.0 0.0 128.0 0.0 
0.0 0.0 0.0 0.0 0.0 111.0 0.0 0.0 151.0 99.0 0.0 123.0 0.0 0.0 0.0 0.0 283.0 0.0 0.0 0.0 0.0 207.0 0.0 0.0 
0.0 0.0 0.0 0.0 1.0 0.0 2.0 0.0 0.0 0.0 0.0 0.0 0.0 0.0 0.0 74.0 0.0 0.0 0.0 0.0 207.0 0.0 200.0 0.0 
4.0 0.0 0.0 60.0 0.0 0.0 0.0 158.0 0.0 0.0 0.0 0.0 0.0 0.0 0.0 0.0 0.0 0.0 0.0 128.0 0.0 200.0 0.0 208.0 
0.0 110.0 0.0 0.0 0.0 0.0 0.0 0.0 0.0 0.0 0.0 0.0 135.0 0.0 0.0 0.0 322.0 115.0 112.0 0.0 0.0 0.0 208.0 0.0 
