q
429.0 1194.0 709.0 329.0 417.0 431.0 12.0 500.0 1.0 5.0 345.0 565.0 48.0 535.0 365.0 435.0 747.0 1189.0 316.0 304.0 1309.0 715.0 825.0 1109.0 
l
0.0 135.0 98.0 68.0 0.0 0.0 0.0 0.0 0.0 0.0 0.0 0.0 0.0 0.0 0.0 0.0 70.0 0.0 0.0 49.0 0.0 0.0 0.0 0.0 
135.0 0.0 0.0 0.0 0.0 125.0 0.0 0.0 0.0 0.0 0.0 0.0 0.0 0.0 0.0 0.0 122.0 0.0 0.0 153.0 285.0 0.0 0.0 314.0 
98.0 0.0 0.0 94.0 0.0 0.0 0.0 0.0 0.0 0.0 0.0 0.0 0.0 0.0 0.0 72.0 110.0 159.0 0.0 0.0 154.0 0.0 0.0 0.0 
68.0 0.0 94.0 0.0 0.0 0.0 0.0 0.0 0.0 0.0 0.0 0.0 0.0 0.0 0.0 0.0 0.0 0.0 0.0 0.0 151.0 0.0 0.0 0.0 
0.0 0.0 0.0 0.0 0.0 0.0 0.0 88.0 0.0 0.0 0.0 98.0 8.0 0.0 0.0 0.0 0.0 0.0 52.0 0.0 0.0 153.0 0.0 0.0 
0.0 125.0 0.0 0.0 0.0 0.0 0.0 0.0 0.0 0.0 86.0 0.0 0.0 75.0 0.0 0.0 119.0 0.0 0.0 0.0 0.0 0.0 0.0 0.0 
0.0 0.0 0.0 0.0 0.0 0.0 0.0 0.0 0.0 1.0 0.0 0.0 1.0 0.0 0.0 0.0 0.0 0.0 1.0 0.0 0.0 0.0 8.0 0.0 
0.0 0.0 0.0 0.0 88.0 0.0 0.0 0.0 0.0 0.0 0.0 133.0 0.0 0.0 0.0 0.0 0.0 0.0 0.0 0.0 251.0 0.0 0.0 0.0 
0.0 0.0 0.0 0.0 0.0 0.0 0.0 0.0 0.0 0.0 0.0 0.0 0.0 0.0 0.0 0.0 0.0 0.0 0.0 0.0 0.0 0.0 1.0 0.0 
0.0 0.0 0.0 0.0 0.0 0.0 1.0 0.0 0.0 0.0 0.0 0.0 0.0 0.0 0.0 0.0 0.0 0.0 0.0 0.0 0.0 3.0 0.0 0.0 
0.0 0.0 0.0 0.0 0.0 86.0 0.0 0.0 0.0 0.0 0.0 0.0 0.0 86.0 0.0 0.0 0.0 0.0 0.0 0.0 0.0 0.0 0.0 163.0 
0.0 0.0 0.0 0.0 98.0 0.0 0.0 133.0 0.0 0.0 0.0 0.0 0.0 0.0 0.0 0.0 0.0 0.0 68.0 0.0 0.0 0.0 0.0 237.0 
0.0 0.0 0.0 0.0 8.0 0.0 1.0 0.0 0.0 0.0 0.0 0.0 0.0 0.0 0.0 0.0 0.0 0.0 6.0 0.0 0.0 32.0 0.0 0.0 
0.0 0.0 0.0 0.0 0.0 75.0 0.0 0.0 0.0 0.0 86.0 0.0 0.0 0.0 0.0 0.0 0.0 214.0 0.0 0.0 0.0 0.0 0.0 136.0 
0.0 0.0 0.0 0.0 0.0 0.0 0.0 0.0 0.0 0.0 0.0 0.0 0.0 0.0 0.0 57.0 0.0 168.0 0.0 0.0 0.0 117.0 0.0 0.0 
0.0 0.0 72.0 0.0 0.0 0.0 0.0 0.0 0.0 0.0 0.0 0.0 0.0 0.0 57.0 0.0 0.0 126.0 0.0 0.0 165.0 0.0 0.0 0.0 
70.0 122.0 110.0 0.0 0.0 119.0 0.0 0.0 0.0 0.0 0.0 0.0 0.0 0.0 0.0 0.0 0.0 207.0 0.0 95.0 0.0 0.0 0.0 0.0 
0.0 0.0 159.0 0.0 0.0 0.0 0.0 0.0 0.0 0.0 0.0 0.0 0.0 214.0 168.0 126.0 207.0 0.0 0.0 0.0 0.0 0.0 257.0 0.0 
0.0 0.0 0.0 0.0 52.0 0.0 1.0 0.0 0.0 0.0 0.0 68.0 6.0 0.0 0.0 0.0 0.0 0.0 0.0 0.0 0.0 0.0 175.0 0.0 
49.0 153.0 0.0 0.0 0.0 0.0 0.0 0.0 0.0 0.0 0.0 0.0 0.0 0.0 0.0 0.0 95.0 0.0 0.0 0.0 0.0 0.0 0.0 0.0 
0.0 285.0 154.0 151.0 0.0 0.0 0.0 251.0 0.0 0.0 0.0 0.0 0.0 0.0 0.0 165.0 0.0 0.0 0.0 0.0 0.0 234.0 0.0 0.0 
0.0 0.0 0.0 0.0 153.0 0.0 0.0 0.0 0.0 3.0 0.0 0.0 32.0 0.0 117.0 0.0 0.0 0.0 0.0 0.0 234.0 0.0 136.0 0.0 
0.0 0.0 0.0 0.0 0.0 0.0 8.0 0.0 1.0 0.0 0.0 0.0 0.0 0.0 0.0 0.0 0.0 257.0 175.0 0.0 0.0 136.0 0.0 201.0 
0.0 314.0 0.0 0.0 0.0 0.0 0.0 0.0 0.0 0.0 163.0 237.0 0.0 136.0 0.0 0.0 0.0 0.0 0.0 0.0 0.0 0.0 201.0 0.0 
