q
682.0 127.0 258.0 416.0 272.0 37.0 358.0 372.0 258.0 767.0 701.0 508.0 35.0 327.0 740.0 84.0 314.0 368.0 675.0 1222.0 1456.0 1251.0 956.0 888.0 
l
0.0 0.0 0.0 0.0 0.0 0.0 0.0 0.0 0.0 0.0 0.0 86.0 0.0 0.0 135.0 0.0 105.0 95.0 0.0 0.0 0.0 233.0 0.0 0.0 
0.0 0.0 12.0 0.0 0.0 0.0 0.0 0.0 10.0 40.0 0.0 0.0 0.0 0.0 0.0 0.0 0.0 0.0 0.0 58.0 0.0 0.0 0.0 0.0 
0.0 12.0 0.0 0.0 0.0 0.0 57.0 0.0 0.0 53.0 0.0 0.0 0.0 0.0 0.0 0.0 0.0 0.0 0.0 116.0 0.0 0.0 0.0 0.0 
0.0 0.0 0.0 0.0 0.0 8.0 0.0 0.0 0.0 0.0 90.0 0.0 0.0 75.0 0.0 0.0 0.0 0.0 82.0 0.0 0.0 0.0 138.0 0.0 
0.0 0.0 0.0 0.0 0.0 0.0 0.0 36.0 0.0 0.0 0.0 61.0 0.0 0.0 0.0 0.0 0.0 0.0 0.0 0.0 161.0 0.0 0.0 0.0 
0.0 0.0 0.0 8.0 0.0 0.0 0.0 0.0 0.0 0.0 0.0 0.0 0.0 2.0 0.0 0.0 0.0 0.0 0.0 0.0 0.0 25.0 0.0 0.0 
0.0 0.0 57.0 0.0 0.0 0.0 0.0 0.0 0.0 0.0 123.0 0.0 0.0 0.0 0.0 13.0 0.0 0.0 0.0 0.0 0.0 0.0 0.0 137.0 
0.0 0.0 0.0 0.0 36.0 0.0 0.0 0.0 0.0 0.0 0.0 34.0 0.0 0.0 118.0 0.0 0.0 0.0 0.0 0.0 166.0 0.0 0.0 0.0 
0.0 10.0 0.0 0.0 0.0 0.0 0.0 0.0 0.0 95.0 0.0 0.0 0.0 0.0 0.0 0.0 0.0 0.0 0.0 141.0 0.0 0.0 0.0 0.0 
0.0 40.0 53.0 0.0 0.0 0.0 0.0 0.0 95.0 0.0 161.0 0.0 0.0 0.0 0.0 0.0 0.0 0.0 179.0 198.0 0.0 0.0 0.0 0.0 
0.0 0.0 0.0 90.0 0.0 0.0 123.0 0.0 0.0 161.0 0.0 0.0 0.0 0.0 0.0 24.0 0.0 0.0 93.0 0.0 0.0 0.0 167.0 0.0 
86.0 0.0 0.0 0.0 61.0 0.0 0.0 34.0 0.0 0.0 0.0 0.0 0.0 0.0 106.0 0.0 45.0 0.0 0.0 0.0 153.0 0.0 0.0 0.0 
0.0 0.0 0.0 0.0 0.0 0.0 0.0 0.0 0.0 0.0 0.0 0.0 0.0 0.0 10.0 0.0 0.0 5.0 0.0 0.0 0.0 0.0 0.0 18.0 
0.0 0.0 0.0 75.0 0.0 2.0 0.0 0.0 0.0 0.0 0.0 0.0 0.0 0.0 0.0 0.0 0.0 0.0 67.0 0.0 0.0 170.0 0.0 0.0 
135.0 0.0 0.0 0.0 0.0 0.0 0.0 118.0 0.0 0.0 0.0 106.0 10.0 0.0 0.0 0.0 0.0 88.0 0.0 0.0 0.0 0.0 0.0 249.0 
0.0 0.0 0.0 0.0 0.0 0.0 13.0 0.0 0.0 0.0 24.0 0.0 0.0 0.0 0.0 0.0 0.0 0.0 0.0 0.0 0.0 0.0 43.0 0.0 
105.0 0.0 0.0 0.0 0.0 0.0 0.0 0.0 0.0 0.0 0.0 45.0 0.0 0.0 0.0 0.0 0.0 0.0 0.0 0.0 149.0 0.0 0.0 0.0 
95.0 0.0 0.0 0.0 0.0 0.0 0.0 0.0 0.0 0.0 0.0 0.0 5.0 0.0 88.0 0.0 0.0 0.0 0.0 0.0 0.0 0.0 163.0 0.0 
0.0 0.0 0.0 82.0 0.0 0.0 0.0 0.0 0.0 179.0 93.0 0.0 0.0 67.0 0.0 0.0 0.0 0.0 0.0 0.0 0.0 216.0 0.0 0.0 
0.0 58.0 116.0 0.0 0.0 0.0 0.0 0.0 141.0 198.0 0.0 0.0 0.0 0.0 0.0 0.0 0.0 0.0 0.0 0.0 416.0 0.0 0.0 239.0 
0.0 0.0 0.0 0.0 161.0 0.0 0.0 166.0 0.0 0.0 0.0 153.0 0.0 0.0 0.0 0.0 149.0 0.0 0.0 416.0 0.0 355.0 0.0 0.0 
233.0 0.0 0.0 0.0 0.0 25.0 0.0 0.0 0.0 0.0 0.0 0.0 0.0 170.0 0.0 0.0 0.0 0.0 216.0 0.0 355.0 0.0 205.0 0.0 
0.0 0.0 0.0 138.0 0.0 0.0 0.0 0.0 0.0 0.0 167.0 0.0 0.0 0.0 0.0 43.0 0.0 163.0 0.0 0.0 0.0 205.0 0.0 202.0 
0.0 0.0 0.0 0.0 0.0 0.0 137.0 0.0 0.0 0.0 0.0 0.0 18.0 0.0 249.0 0.0 0.0 0.0 0.0 239.0 0.0 0.0 202.0 0.0 
