q
420.0 572.0 429.0 485.0 339.0 1359.0 347.0 418.0 280.0 296.0 790.0 298.0 1.0 152.0 58.0 359.0 825.0 282.0 612.0 1.0 1045.0 1327.0 982.0 895.0 
l
0.0 0.0 0.0 0.0 77.0 0.0 0.0 0.0 72.0 0.0 0.0 0.0 0.0 31.0 0.0 0.0 0.0 0.0 0.0 0.0 0.0 0.0 0.0 215.0 
0.0 0.0 86.0 0.0 0.0 0.0 72.0 86.0 0.0 0.0 0.0 0.0 0.0 0.0 0.0 0.0 0.0 64.0 119.0 0.0 0.0 0.0 122.0 0.0 
0.0 86.0 0.0 0.0 0.0 189.0 77.0 50.0 0.0 0.0 0.0 0.0 0.0 0.0 0.0 0.0 0.0 0.0 0.0 0.0 0.0 0.0 0.0 0.0 
0.0 0.0 0.0 0.0 0.0 122.0 0.0 69.0 0.0 0.0 83.0 0.0 0.0 0.0 0.0 0.0 102.0 0.0 79.0 0.0 0.0 0.0 0.0 0.0 
77.0 0.0 0.0 0.0 0.0 0.0 0.0 0.0 16.0 0.0 0.0 0.0 0.0 28.0 0.0 0.0 0.0 0.0 0.0 0.0 0.0 195.0 0.0 0.0 
0.0 0.0 189.0 122.0 0.0 0.0 0.0 130.0 0.0 0.0 231.0 0.0 0.0 0.0 0.0 0.0 0.0 0.0 0.0 0.0 281.0 0.0 0.0 332.0 
0.0 72.0 77.0 0.0 0.0 0.0 0.0 0.0 0.0 0.0 0.0 0.0 0.0 0.0 8.0 0.0 0.0 46.0 0.0 0.0 0.0 0.0 0.0 132.0 
0.0 86.0 50.0 69.0 0.0 130.0 0.0 0.0 0.0 0.0 0.0 0.0 0.0 0.0 0.0 0.0 0.0 0.0 66.0 0.0 0.0 0.0 0.0 0.0 
72.0 0.0 0.0 0.0 16.0 0.0 0.0 0.0 0.0 0.0 0.0 0.0 0.0 0.0 0.0 0.0 0.0 0.0 0.0 0.0 0.0 179.0 0.0 0.0 
0.0 0.0 0.0 0.0 0.0 0.0 0.0 0.0 0.0 0.0 95.0 14.0 0.0 0.0 0.0 39.0 0.0 0.0 0.0 0.0 134.0 0.0 0.0 0.0 
0.0 0.0 0.0 83.0 0.0 231.0 0.0 0.0 0.0 95.0 0.0 112.0 0.0 0.0 0.0 86.0 139.0 0.0 0.0 0.0 0.0 0.0 0.0 0.0 
0.0 0.0 0.0 0.0 0.0 0.0 0.0 0.0 0.0 14.0 112.0 0.0 0.0 0.0 0.0 0.0 0.0 0.0 0.0 0.0 156.0 0.0 0.0 0.0 
0.0 0.0 0.0 0.0 0.0 0.0 0.0 0.0 0.0 0.0 0.0 0.0 0.0 0.0 0.0 0.0 0.0 0.0 0.0 0.0 0.0 0.0 0.0 1.0 
31.0 0.0 0.0 0.0 28.0 0.0 0.0 0.0 0.0 0.0 0.0 0.0 0.0 0.0 0.0 0.0 0.0 0.0 0.0 0.0 0.0 0.0 80.0 0.0 
0.0 0.0 0.0 0.0 0.0 0.0 8.0 0.0 0.0 0.0 0.0 0.0 0.0 0.0 0.0 0.0 0.0 8.0 0.0 0.0 0.0 0.0 0.0 36.0 
0.0 0.0 0.0 0.0 0.0 0.0 0.0 0.0 0.0 39.0 86.0 0.0 0.0 0.0 0.0 0.0 117.0 0.0 0.0 0.0 99.0 0.0 0.0 0.0 
0.0 0.0 0.0 102.0 0.0 0.0 0.0 0.0 0.0 0.0 139.0 0.0 0.0 0.0 0.0 117.0 0.0 0.0 173.0 0.0 0.0 256.0 0.0 0.0 
0.0 64.0 0.0 0.0 0.0 0.0 46.0 0.0 0.0 0.0 0.0 0.0 0.0 0.0 8.0 0.0 0.0 0.0 0.0 0.0 0.0 0.0 147.0 0.0 
0.0 119.0 0.0 79.0 0.0 0.0 0.0 66.0 0.0 0.0 0.0 0.0 0.0 0.0 0.0 0.0 173.0 0.0 0.0 0.0 0.0 0.0 140.0 0.0 
0.0 0.0 0.0 0.0 0.0 0.0 0.0 0.0 0.0 0.0 0.0 0.0 0.0 0.0 0.0 0.0 0.0 0.0 0.0 0.0 1.0 0.0 0.0 0.0 
0.0 0.0 0.0 0.0 0.0 281.0 0.0 0.0 0.0 134.0 0.0 156.0 0.0 0.0 0.0 99.0 0.0 0.0 0.0 1.0 0.0 316.0 0.0 0.0 
0.0 0.0 0.0 0.0 195.0 0.0 0.0 0.0 179.0 0.0 0.0 0.0 0.0 0.0 0.0 0.0 256.0 0.0 0.0 0.0 316.0 0.0 303.0 0.0 
0.0 122.0 0.0 0.0 0.0 0.0 0.0 0.0 0.0 0.0 0.0 0.0 0.0 80.0 0.0 0.0 0.0 147.0 140.0 0.0 0.0 303.0 0.0 135.0 
215.0 0.0 0.0 0.0 0.0 332.0 132.0 0.0 0.0 0.0 0.0 0.0 1.0 0.0 36.0 0.0 0.0 0.0 0.0 0.0 0.0 0.0 135.0 0.0 
