q
1482.0 1030.0 7.0 288.0 361.0 739.0 305.0 309.0 1615.0 5.0 235.0 956.0 328.0 258.0 1057.0 375.0 657.0 1.0 872.0 305.0 382.0 379.0 0.0 742.0 
l
0.0 182.0 0.0 0.0 0.0 0.0 0.0 0.0 201.0 0.0 0.0 406.0 0.0 0.0 298.0 0.0 0.0 0.0 0.0 124.0 188.0 0.0 0.0 0.0 
182.0 0.0 0.0 0.0 0.0 0.0 0.0 164.0 202.0 0.0 0.0 0.0 0.0 0.0 189.0 0.0 0.0 0.0 0.0 89.0 0.0 158.0 0.0 0.0 
0.0 0.0 0.0 2.0 0.0 0.0 0.0 0.0 0.0 0.0 0.0 0.0 0.0 0.0 0.0 5.0 0.0 0.0 0.0 0.0 0.0 0.0 0.0 0.0 
0.0 0.0 2.0 0.0 0.0 0.0 0.0 0.0 0.0 0.0 0.0 94.0 0.0 24.0 0.0 18.0 0.0 0.0 0.0 0.0 0.0 0.0 0.0 129.0 
0.0 0.0 0.0 0.0 0.0 94.0 0.0 70.0 180.0 0.0 0.0 0.0 0.0 0.0 0.0 0.0 0.0 0.0 0.0 0.0 0.0 0.0 0.0 0.0 
0.0 0.0 0.0 0.0 94.0 0.0 0.0 0.0 196.0 0.0 0.0 0.0 0.0 0.0 0.0 0.0 188.0 0.0 0.0 0.0 77.0 139.0 0.0 0.0 
0.0 0.0 0.0 0.0 0.0 0.0 0.0 0.0 0.0 0.0 31.0 0.0 14.0 0.0 150.0 0.0 0.0 0.0 101.0 0.0 0.0 0.0 0.0 0.0 
0.0 164.0 0.0 0.0 70.0 0.0 0.0 0.0 0.0 0.0 0.0 0.0 0.0 0.0 0.0 0.0 0.0 0.0 0.0 0.0 0.0 55.0 0.0 0.0 
201.0 202.0 0.0 0.0 180.0 196.0 0.0 0.0 0.0 0.0 0.0 0.0 0.0 0.0 0.0 0.0 0.0 0.0 390.0 0.0 0.0 0.0 0.0 370.0 
0.0 0.0 0.0 0.0 0.0 0.0 0.0 0.0 0.0 0.0 0.0 0.0 0.0 0.0 0.0 0.0 0.0 0.0 0.0 0.0 3.0 2.0 0.0 0.0 
0.0 0.0 0.0 0.0 0.0 0.0 31.0 0.0 0.0 0.0 0.0 0.0 47.0 0.0 0.0 0.0 0.0 0.0 148.0 0.0 0.0 0.0 0.0 0.0 
406.0 0.0 0.0 94.0 0.0 0.0 0.0 0.0 0.0 0.0 0.0 0.0 0.0 166.0 0.0 86.0 146.0 0.0 0.0 0.0 0.0 0.0 0.0 0.0 
0.0 0.0 0.0 0.0 0.0 0.0 14.0 0.0 0.0 0.0 47.0 0.0 0.0 0.0 176.0 0.0 0.0 0.0 80.0 0.0 0.0 0.0 0.0 0.0 
0.0 0.0 0.0 24.0 0.0 0.0 0.0 0.0 0.0 0.0 0.0 166.0 0.0 0.0 0.0 50.0 0.0 0.0 0.0 0.0 0.0 0.0 0.0 0.0 
298.0 189.0 0.0 0.0 0.0 0.0 150.0 0.0 0.0 0.0 0.0 0.0 176.0 0.0 0.0 0.0 0.0 0.0 121.0 73.0 0.0 0.0 0.0 0.0 
0.0 0.0 5.0 18.0 0.0 0.0 0.0 0.0 0.0 0.0 0.0 86.0 0.0 50.0 0.0 0.0 102.0 0.0 0.0 0.0 0.0 0.0 0.0 97.0 
0.0 0.0 0.0 0.0 0.0 188.0 0.0 0.0 0.0 0.0 0.0 146.0 0.0 0.0 0.0 102.0 0.0 0.0 0.0 0.0 84.0 0.0 0.0 96.0 
0.0 0.0 0.0 0.0 0.0 0.0 0.0 0.0 0.0 0.0 0.0 0.0 0.0 0.0 0.0 0.0 0.0 0.0 0.0 0.0 0.0 1.0 0.0 0.0 
0.0 0.0 0.0 0.0 0.0 0.0 101.0 0.0 390.0 0.0 148.0 0.0 80.0 0.0 121.0 0.0 0.0 0.0 0.0 0.0 0.0 0.0 0.0 0.0 
124.0 89.0 0.0 0.0 0.0 0.0 0.0 0.0 0.0 0.0 0.0 0.0 0.0 0.0 73.0 0.0 0.0 0.0 0.0 0.0 0.0 0.0 0.0 0.0 
188.0 0.0 0.0 0.0 0.0 77.0 0.0 0.0 0.0 3.0 0.0 0.0 0.0 0.0 0.0 0.0 84.0 0.0 0.0 0.0 0.0 0.0 0.0 0.0 
0.0 158.0 0.0 0.0 0.0 139.0 0.0 55.0 0.0 2.0 0.0 0.0 0.0 0.0 0.0 0.0 0.0 1.0 0.0 0.0 0.0 0.0 0.0 0.0 
0.0 0.0 0.0 0.0 0.0 0.0 0.0 0.0 0.0 0.0 0.0 0.0 0.0 0.0 0.0 0.0 0.0 0.0 0.0 0.0 0.0 0.0 0.0 0.0 
0.0 0.0 0.0 129.0 0.0 0.0 0.0 0.0 370.0 0.0 0.0 0.0 0.0 0.0 0.0 97.0 96.0 0.0 0.0 0.0 0.0 0.0 0.0 0.0 
