q
352.0 379.0 258.0 373.0 311.0 300.0 149.0 1.0 32.0 827.0 554.0 704.0 292.0 1265.0 490.0 888.0 421.0 416.0 1.0 299.0 1152.0 783.0 902.0 1461.0 
l
0.0 0.0 0.0 0.0 0.0 0.0 0.0 0.0 0.0 105.0 0.0 0.0 35.0 0.0 0.0 0.0 59.0 0.0 0.0 0.0 0.0 132.0 0.0 0.0 
0.0 0.0 0.0 36.0 0.0 0.0 0.0 0.0 0.0 0.0 0.0 114.0 0.0 140.0 0.0 72.0 0.0 0.0 0.0 0.0 0.0 0.0 0.0 0.0 
0.0 0.0 0.0 0.0 23.0 0.0 0.0 0.0 0.0 0.0 75.0 0.0 0.0 150.0 0.0 0.0 0.0 0.0 0.0 0.0 0.0 0.0 0.0 0.0 
0.0 36.0 0.0 0.0 37.0 0.0 0.0 0.0 0.0 0.0 51.0 0.0 0.0 129.0 0.0 107.0 0.0 0.0 0.0 0.0 0.0 0.0 0.0 0.0 
0.0 0.0 23.0 37.0 0.0 0.0 0.0 0.0 0.0 0.0 69.0 0.0 0.0 163.0 0.0 0.0 0.0 0.0 0.0 0.0 0.0 0.0 0.0 0.0 
0.0 0.0 0.0 0.0 0.0 0.0 13.0 0.0 0.0 73.0 0.0 0.0 0.0 0.0 0.0 0.0 50.0 0.0 0.0 0.0 0.0 0.0 0.0 154.0 
0.0 0.0 0.0 0.0 0.0 13.0 0.0 0.0 0.0 0.0 0.0 0.0 0.0 0.0 0.0 0.0 36.0 0.0 0.0 0.0 0.0 0.0 0.0 92.0 
0.0 0.0 0.0 0.0 0.0 0.0 0.0 0.0 0.0 0.0 0.0 0.0 0.0 0.0 0.0 0.0 0.0 0.0 0.0 0.0 1.0 0.0 0.0 0.0 
0.0 0.0 0.0 0.0 0.0 0.0 0.0 0.0 0.0 0.0 0.0 0.0 0.0 0.0 14.0 0.0 0.0 0.0 0.0 0.0 0.0 15.0 0.0 0.0 
105.0 0.0 0.0 0.0 0.0 73.0 0.0 0.0 0.0 0.0 0.0 0.0 93.0 0.0 0.0 0.0 81.0 146.0 0.0 0.0 0.0 0.0 0.0 283.0 
0.0 0.0 75.0 51.0 69.0 0.0 0.0 0.0 0.0 0.0 0.0 0.0 0.0 0.0 0.0 142.0 0.0 0.0 0.0 0.0 182.0 0.0 0.0 0.0 
0.0 114.0 0.0 0.0 0.0 0.0 0.0 0.0 0.0 0.0 0.0 0.0 0.0 0.0 63.0 138.0 0.0 0.0 0.0 115.0 0.0 0.0 0.0 246.0 
35.0 0.0 0.0 0.0 0.0 0.0 0.0 0.0 0.0 93.0 0.0 0.0 0.0 0.0 0.0 0.0 0.0 53.0 0.0 0.0 0.0 99.0 0.0 0.0 
0.0 140.0 150.0 129.0 163.0 0.0 0.0 0.0 0.0 0.0 0.0 0.0 0.0 0.0 0.0 0.0 0.0 0.0 0.0 0.0 210.0 0.0 0.0 419.0 
0.0 0.0 0.0 0.0 0.0 0.0 0.0 0.0 14.0 0.0 0.0 63.0 0.0 0.0 0.0 183.0 0.0 0.0 0.0 43.0 0.0 0.0 156.0 0.0 
0.0 72.0 0.0 107.0 0.0 0.0 0.0 0.0 0.0 0.0 142.0 138.0 0.0 0.0 183.0 0.0 0.0 0.0 0.0 0.0 195.0 0.0 0.0 0.0 
59.0 0.0 0.0 0.0 0.0 50.0 36.0 0.0 0.0 81.0 0.0 0.0 0.0 0.0 0.0 0.0 0.0 0.0 0.0 0.0 0.0 0.0 171.0 0.0 
0.0 0.0 0.0 0.0 0.0 0.0 0.0 0.0 0.0 146.0 0.0 0.0 53.0 0.0 0.0 0.0 0.0 0.0 0.0 0.0 199.0 0.0 0.0 0.0 
0.0 0.0 0.0 0.0 0.0 0.0 0.0 0.0 0.0 0.0 0.0 0.0 0.0 0.0 0.0 0.0 0.0 0.0 0.0 0.0 0.0 0.0 1.0 0.0 
0.0 0.0 0.0 0.0 0.0 0.0 0.0 0.0 0.0 0.0 0.0 115.0 0.0 0.0 43.0 0.0 0.0 0.0 0.0 0.0 0.0 0.0 128.0 0.0 
0.0 0.0 0.0 0.0 0.0 0.0 0.0 1.0 0.0 0.0 182.0 0.0 0.0 210.0 0.0 195.0 0.0 199.0 0.0 0.0 0.0 288.0 0.0 0.0 
132.0 0.0 0.0 0.0 0.0 0.0 0.0 0.0 15.0 0.0 0.0 0.0 99.0 0.0 0.0 0.0 0.0 0.0 0.0 0.0 288.0 0.0 199.0 0.0 
0.0 0.0 0.0 0.0 0.0 0.0 0.0 0.0 0.0 0.0 0.0 0.0 0.0 0.0 156.0 0.0 171.0 0.0 1.0 128.0 0.0 199.0 0.0 198.0 
0.0 0.0 0.0 0.0 0.0 154.0 92.0 0.0 0.0 283.0 0.0 246.0 0.0 419.0 0.0 0.0 0.0 0.0 0.0 0.0 0.0 0.0 198.0 0.0 
