q
538.0 357.0 439.0 341.0 385.0 1110.0 318.0 284.0 203.0 411.0 90.0 165.0 1476.0 317.0 899.0 25.0 15.0 453.0 1311.0 280.0 1224.0 900.0 961.0 970.0 
l
0.0 121.0 0.0 0.0 0.0 0.0 0.0 0.0 32.0 0.0 0.0 0.0 255.0 0.0 0.0 5.0 0.0 0.0 0.0 0.0 0.0 0.0 94.0 0.0 
121.0 0.0 0.0 0.0 0.0 0.0 0.0 0.0 33.0 0.0 10.0 0.0 0.0 0.0 0.0 0.0 0.0 0.0 0.0 0.0 0.0 0.0 0.0 162.0 
0.0 0.0 0.0 0.0 0.0 87.0 0.0 0.0 0.0 0.0 0.0 0.0 0.0 0.0 116.0 0.0 0.0 92.0 0.0 0.0 118.0 0.0 0.0 0.0 
0.0 0.0 0.0 0.0 0.0 155.0 0.0 31.0 0.0 0.0 0.0 0.0 0.0 0.0 0.0 0.0 0.0 19.0 114.0 0.0 0.0 0.0 0.0 0.0 
0.0 0.0 0.0 0.0 0.0 0.0 0.0 0.0 0.0 75.0 0.0 0.0 184.0 26.0 0.0 0.0 0.0 0.0 0.0 0.0 0.0 83.0 0.0 0.0 
0.0 0.0 87.0 155.0 0.0 0.0 0.0 0.0 0.0 0.0 0.0 0.0 360.0 0.0 154.0 0.0 0.0 128.0 169.0 0.0 0.0 0.0 0.0 0.0 
0.0 0.0 0.0 0.0 0.0 0.0 0.0 0.0 0.0 54.0 0.0 0.0 0.0 0.0 101.0 0.0 2.0 0.0 0.0 0.0 135.0 0.0 0.0 0.0 
0.0 0.0 0.0 31.0 0.0 0.0 0.0 0.0 0.0 0.0 0.0 0.0 0.0 0.0 0.0 0.0 0.0 59.0 178.0 0.0 0.0 0.0 0.0 0.0 
32.0 33.0 0.0 0.0 0.0 0.0 0.0 0.0 0.0 0.0 13.0 0.0 0.0 0.0 0.0 1.0 0.0 0.0 0.0 0.0 0.0 0.0 105.0 0.0 
0.0 0.0 0.0 0.0 75.0 0.0 54.0 0.0 0.0 0.0 0.0 0.0 0.0 0.0 134.0 0.0 1.0 0.0 0.0 0.0 0.0 126.0 0.0 0.0 
0.0 10.0 0.0 0.0 0.0 0.0 0.0 0.0 13.0 0.0 0.0 0.0 0.0 0.0 0.0 0.0 0.0 0.0 0.0 0.0 0.0 0.0 0.0 55.0 
0.0 0.0 0.0 0.0 0.0 0.0 0.0 0.0 0.0 0.0 0.0 0.0 0.0 0.0 0.0 0.0 0.0 0.0 0.0 64.0 0.0 0.0 0.0 88.0 
255.0 0.0 0.0 0.0 184.0 360.0 0.0 0.0 0.0 0.0 0.0 0.0 0.0 155.0 227.0 0.0 0.0 0.0 0.0 0.0 0.0 0.0 213.0 0.0 
0.0 0.0 0.0 0.0 26.0 0.0 0.0 0.0 0.0 0.0 0.0 0.0 155.0 0.0 0.0 0.0 0.0 0.0 0.0 0.0 0.0 119.0 0.0 0.0 
0.0 0.0 116.0 0.0 0.0 154.0 101.0 0.0 0.0 134.0 0.0 0.0 227.0 0.0 0.0 0.0 0.0 0.0 0.0 0.0 121.0 0.0 0.0 0.0 
5.0 0.0 0.0 0.0 0.0 0.0 0.0 0.0 1.0 0.0 0.0 0.0 0.0 0.0 0.0 0.0 0.0 0.0 0.0 0.0 0.0 0.0 18.0 0.0 
0.0 0.0 0.0 0.0 0.0 0.0 2.0 0.0 0.0 1.0 0.0 0.0 0.0 0.0 0.0 0.0 0.0 0.0 0.0 0.0 0.0 11.0 0.0 0.0 
0.0 0.0 92.0 19.0 0.0 128.0 0.0 59.0 0.0 0.0 0.0 0.0 0.0 0.0 0.0 0.0 0.0 0.0 129.0 0.0 0.0 0.0 0.0 0.0 
0.0 0.0 0.0 114.0 0.0 169.0 0.0 178.0 0.0 0.0 0.0 0.0 0.0 0.0 0.0 0.0 0.0 129.0 0.0 0.0 305.0 0.0 0.0 355.0 
0.0 0.0 0.0 0.0 0.0 0.0 0.0 0.0 0.0 0.0 0.0 64.0 0.0 0.0 0.0 0.0 0.0 0.0 0.0 0.0 202.0 0.0 0.0 0.0 
0.0 0.0 118.0 0.0 0.0 0.0 135.0 0.0 0.0 0.0 0.0 0.0 0.0 0.0 121.0 0.0 0.0 0.0 305.0 202.0 0.0 272.0 0.0 0.0 
0.0 0.0 0.0 0.0 83.0 0.0 0.0 0.0 0.0 126.0 0.0 0.0 0.0 119.0 0.0 0.0 11.0 0.0 0.0 0.0 272.0 0.0 235.0 0.0 
94.0 0.0 0.0 0.0 0.0 0.0 0.0 0.0 105.0 0.0 0.0 0.0 213.0 0.0 0.0 18.0 0.0 0.0 0.0 0.0 0.0 235.0 0.0 247.0 
0.0 162.0 0.0 0.0 0.0 0.0 0.0 0.0 0.0 0.0 55.0 88.0 0.0 0.0 0.0 0.0 0.0 0.0 355.0 0.0 0.0 0.0 247.0 0.0 
