q
324.0 332.0 1141.0 378.0 265.0 23.0 462.0 484.0 415.0 1037.0 334.0 313.0 178.0 1242.0 17.0 491.0 188.0 680.0 859.0 60.0 1288.0 759.0 1253.0 1149.0 
l
0.0 0.0 0.0 0.0 0.0 0.0 0.0 0.0 29.0 0.0 0.0 0.0 0.0 0.0 0.0 0.0 0.0 94.0 0.0 0.0 0.0 0.0 189.0 0.0 
0.0 0.0 0.0 0.0 0.0 2.0 0.0 0.0 0.0 129.0 0.0 0.0 45.0 0.0 0.0 0.0 0.0 0.0 0.0 0.0 137.0 0.0 0.0 0.0 
0.0 0.0 0.0 163.0 0.0 0.0 0.0 0.0 0.0 189.0 0.0 0.0 0.0 0.0 0.0 131.0 86.0 0.0 219.0 0.0 0.0 0.0 284.0 0.0 
0.0 0.0 163.0 0.0 0.0 0.0 0.0 0.0 0.0 0.0 0.0 44.0 0.0 0.0 0.0 0.0 0.0 0.0 0.0 0.0 0.0 0.0 0.0 147.0 
0.0 0.0 0.0 0.0 0.0 0.0 0.0 60.0 0.0 0.0 24.0 0.0 0.0 166.0 0.0 0.0 0.0 0.0 0.0 0.0 0.0 0.0 0.0 0.0 
0.0 2.0 0.0 0.0 0.0 0.0 0.0 0.0 0.0 0.0 0.0 0.0 5.0 0.0 0.0 0.0 0.0 0.0 0.0 0.0 15.0 0.0 0.0 0.0 
0.0 0.0 0.0 0.0 0.0 0.0 0.0 0.0 76.0 0.0 0.0 0.0 0.0 0.0 0.0 0.0 0.0 130.0 0.0 0.0 0.0 0.0 0.0 235.0 
0.0 0.0 0.0 0.0 60.0 0.0 0.0 0.0 0.0 188.0 33.0 0.0 0.0 111.0 0.0 0.0 0.0 0.0 69.0 0.0 0.0 0.0 0.0 0.0 
29.0 0.0 0.0 0.0 0.0 0.0 76.0 0.0 0.0 0.0 0.0 0.0 0.0 0.0 0.0 0.0 0.0 91.0 0.0 0.0 0.0 0.0 195.0 0.0 
0.0 129.0 189.0 0.0 0.0 0.0 0.0 188.0 0.0 0.0 0.0 0.0 0.0 0.0 0.0 144.0 0.0 0.0 144.0 0.0 191.0 0.0 0.0 0.0 
0.0 0.0 0.0 0.0 24.0 0.0 0.0 33.0 0.0 0.0 0.0 0.0 0.0 133.0 0.0 0.0 0.0 0.0 128.0 0.0 0.0 0.0 0.0 0.0 
0.0 0.0 0.0 44.0 0.0 0.0 0.0 0.0 0.0 0.0 0.0 0.0 0.0 0.0 0.0 0.0 0.0 0.0 127.0 0.0 0.0 0.0 0.0 118.0 
0.0 45.0 0.0 0.0 0.0 5.0 0.0 0.0 0.0 0.0 0.0 0.0 0.0 0.0 0.0 49.0 0.0 0.0 0.0 3.0 0.0 69.0 0.0 0.0 
0.0 0.0 0.0 0.0 166.0 0.0 0.0 111.0 0.0 0.0 133.0 0.0 0.0 0.0 0.0 0.0 0.0 0.0 134.0 0.0 311.0 0.0 0.0 322.0 
0.0 0.0 0.0 0.0 0.0 0.0 0.0 0.0 0.0 0.0 0.0 0.0 0.0 0.0 0.0 0.0 3.0 0.0 0.0 0.0 0.0 0.0 13.0 0.0 
0.0 0.0 131.0 0.0 0.0 0.0 0.0 0.0 0.0 144.0 0.0 0.0 49.0 0.0 0.0 0.0 24.0 0.0 0.0 19.0 0.0 97.0 0.0 0.0 
0.0 0.0 86.0 0.0 0.0 0.0 0.0 0.0 0.0 0.0 0.0 0.0 0.0 0.0 3.0 24.0 0.0 0.0 0.0 0.0 0.0 63.0 0.0 0.0 
94.0 0.0 0.0 0.0 0.0 0.0 130.0 0.0 91.0 0.0 0.0 0.0 0.0 0.0 0.0 0.0 0.0 0.0 0.0 0.0 326.0 0.0 0.0 0.0 
0.0 0.0 219.0 0.0 0.0 0.0 0.0 69.0 0.0 144.0 128.0 127.0 0.0 134.0 0.0 0.0 0.0 0.0 0.0 0.0 0.0 0.0 0.0 0.0 
0.0 0.0 0.0 0.0 0.0 0.0 0.0 0.0 0.0 0.0 0.0 0.0 3.0 0.0 0.0 19.0 0.0 0.0 0.0 0.0 0.0 35.0 0.0 0.0 
0.0 137.0 0.0 0.0 0.0 15.0 0.0 0.0 0.0 191.0 0.0 0.0 0.0 311.0 0.0 0.0 0.0 326.0 0.0 0.0 0.0 230.0 0.0 0.0 
0.0 0.0 0.0 0.0 0.0 0.0 0.0 0.0 0.0 0.0 0.0 0.0 69.0 0.0 0.0 97.0 63.0 0.0 0.0 35.0 230.0 0.0 235.0 0.0 
189.0 0.0 284.0 0.0 0.0 0.0 0.0 0.0 195.0 0.0 0.0 0.0 0.0 0.0 13.0 0.0 0.0 0.0 0.0 0.0 0.0 235.0 0.0 273.0 
0.0 0.0 0.0 147.0 0.0 0.0 235.0 0.0 0.0 0.0 0.0 118.0 0.0 322.0 0.0 0.0 0.0 0.0 0.0 0.0 0.0 0.0 273.0 0.0 
