q
351.0 535.0 359.0 58.0 564.0 314.0 788.0 629.0 366.0 700.0 33.0 338.0 416.0 403.0 1304.0 4.0 577.0 600.0 111.0 300.0 952.0 1361.0 1229.0 1318.0 
l
0.0 0.0 32.0 0.0 0.0 0.0 89.0 0.0 0.0 0.0 0.0 0.0 0.0 0.0 0.0 0.0 0.0 65.0 0.0 0.0 0.0 153.0 0.0 0.0 
0.0 0.0 0.0 0.0 57.0 0.0 0.0 92.0 96.0 0.0 0.0 0.0 0.0 0.0 212.0 0.0 0.0 0.0 0.0 50.0 0.0 0.0 0.0 0.0 
32.0 0.0 0.0 0.0 0.0 0.0 93.0 0.0 0.0 0.0 0.0 0.0 72.0 0.0 0.0 0.0 0.0 0.0 0.0 0.0 0.0 148.0 0.0 0.0 
0.0 0.0 0.0 0.0 0.0 0.0 0.0 0.0 0.0 0.0 3.0 0.0 0.0 0.0 32.0 0.0 0.0 0.0 19.0 0.0 0.0 0.0 0.0 0.0 
0.0 57.0 0.0 0.0 0.0 0.0 0.0 101.0 0.0 0.0 0.0 0.0 0.0 0.0 176.0 0.0 152.0 0.0 0.0 55.0 0.0 0.0 0.0 0.0 
0.0 0.0 0.0 0.0 0.0 0.0 0.0 0.0 0.0 66.0 0.0 0.0 0.0 65.0 0.0 0.0 0.0 0.0 9.0 0.0 0.0 0.0 0.0 158.0 
89.0 0.0 93.0 0.0 0.0 0.0 0.0 0.0 0.0 118.0 0.0 0.0 134.0 0.0 0.0 0.0 0.0 88.0 0.0 0.0 0.0 0.0 0.0 226.0 
0.0 92.0 0.0 0.0 101.0 0.0 0.0 0.0 48.0 0.0 0.0 0.0 0.0 0.0 0.0 0.0 123.0 0.0 0.0 0.0 0.0 0.0 241.0 0.0 
0.0 96.0 0.0 0.0 0.0 0.0 0.0 48.0 0.0 0.0 0.0 0.0 0.0 0.0 0.0 0.0 0.0 0.0 0.0 0.0 0.0 0.0 198.0 0.0 
0.0 0.0 0.0 0.0 0.0 66.0 118.0 0.0 0.0 0.0 0.0 80.0 0.0 92.0 0.0 0.0 0.0 135.0 0.0 0.0 0.0 0.0 0.0 179.0 
0.0 0.0 0.0 3.0 0.0 0.0 0.0 0.0 0.0 0.0 0.0 0.0 0.0 3.0 0.0 0.0 0.0 0.0 11.0 0.0 16.0 0.0 0.0 0.0 
0.0 0.0 0.0 0.0 0.0 0.0 0.0 0.0 0.0 80.0 0.0 0.0 0.0 33.0 0.0 0.0 0.0 87.0 0.0 0.0 124.0 0.0 0.0 0.0 
0.0 0.0 72.0 0.0 0.0 0.0 134.0 0.0 0.0 0.0 0.0 0.0 0.0 0.0 0.0 0.0 0.0 0.0 0.0 0.0 0.0 0.0 183.0 0.0 
0.0 0.0 0.0 0.0 0.0 65.0 0.0 0.0 0.0 92.0 3.0 33.0 0.0 0.0 0.0 0.0 0.0 0.0 15.0 0.0 174.0 0.0 0.0 0.0 
0.0 212.0 0.0 32.0 176.0 0.0 0.0 0.0 0.0 0.0 0.0 0.0 0.0 0.0 0.0 0.0 0.0 0.0 0.0 181.0 309.0 0.0 0.0 337.0 
0.0 0.0 0.0 0.0 0.0 0.0 0.0 0.0 0.0 0.0 0.0 0.0 0.0 0.0 0.0 0.0 0.0 2.0 0.0 0.0 2.0 0.0 0.0 0.0 
0.0 0.0 0.0 0.0 152.0 0.0 0.0 123.0 0.0 0.0 0.0 0.0 0.0 0.0 0.0 0.0 0.0 0.0 0.0 0.0 0.0 271.0 0.0 0.0 
65.0 0.0 0.0 0.0 0.0 0.0 88.0 0.0 0.0 135.0 0.0 87.0 0.0 0.0 0.0 2.0 0.0 0.0 0.0 0.0 0.0 203.0 0.0 0.0 
0.0 0.0 0.0 19.0 0.0 9.0 0.0 0.0 0.0 0.0 11.0 0.0 0.0 15.0 0.0 0.0 0.0 0.0 0.0 0.0 0.0 0.0 0.0 52.0 
0.0 50.0 0.0 0.0 55.0 0.0 0.0 0.0 0.0 0.0 0.0 0.0 0.0 0.0 181.0 0.0 0.0 0.0 0.0 0.0 0.0 0.0 0.0 0.0 
0.0 0.0 0.0 0.0 0.0 0.0 0.0 0.0 0.0 0.0 16.0 124.0 0.0 174.0 309.0 2.0 0.0 0.0 0.0 0.0 0.0 282.0 0.0 0.0 
153.0 0.0 148.0 0.0 0.0 0.0 0.0 0.0 0.0 0.0 0.0 0.0 0.0 0.0 0.0 0.0 271.0 203.0 0.0 0.0 282.0 0.0 239.0 0.0 
0.0 0.0 0.0 0.0 0.0 0.0 0.0 241.0 198.0 0.0 0.0 0.0 183.0 0.0 0.0 0.0 0.0 0.0 0.0 0.0 0.0 239.0 0.0 291.0 
0.0 0.0 0.0 0.0 0.0 158.0 226.0 0.0 0.0 179.0 0.0 0.0 0.0 0.0 337.0 0.0 0.0 0.0 52.0 0.0 0.0 0.0 291.0 0.0 
