q
111.0 432.0 381.0 409.0 338.0 1569.0 1.0 1.0 687.0 410.0 466.0 883.0 416.0 519.0 418.0 1.0 820.0 335.0 542.0 281.0 862.0 1123.0 953.0 976.0 
l
0.0 0.0 0.0 0.0 0.0 0.0 0.0 0.0 0.0 0.0 0.0 0.0 0.0 0.0 0.0 0.0 0.0 0.0 0.0 13.0 91.0 0.0 0.0 0.0 
0.0 0.0 0.0 0.0 0.0 0.0 0.0 0.0 0.0 0.0 0.0 97.0 85.0 0.0 0.0 0.0 92.0 0.0 0.0 0.0 0.0 139.0 0.0 0.0 
0.0 0.0 0.0 0.0 0.0 0.0 0.0 0.0 0.0 0.0 0.0 0.0 0.0 0.0 66.0 0.0 142.0 0.0 0.0 0.0 0.0 0.0 150.0 0.0 
0.0 0.0 0.0 0.0 0.0 0.0 0.0 0.0 0.0 0.0 0.0 136.0 0.0 0.0 45.0 0.0 90.0 0.0 0.0 0.0 0.0 0.0 0.0 123.0 
0.0 0.0 0.0 0.0 0.0 0.0 0.0 0.0 85.0 57.0 0.0 0.0 0.0 0.0 0.0 1.0 0.0 0.0 52.0 0.0 0.0 0.0 129.0 0.0 
0.0 0.0 0.0 0.0 0.0 0.0 0.0 0.0 278.0 0.0 213.0 251.0 0.0 238.0 0.0 0.0 0.0 0.0 0.0 0.0 234.0 0.0 0.0 289.0 
0.0 0.0 0.0 0.0 0.0 0.0 0.0 0.0 0.0 0.0 0.0 0.0 0.0 0.0 0.0 0.0 0.0 0.0 0.0 0.0 1.0 0.0 0.0 0.0 
0.0 0.0 0.0 0.0 0.0 0.0 0.0 0.0 0.0 0.0 0.0 0.0 0.0 0.0 0.0 0.0 0.0 0.0 0.0 0.0 0.0 0.0 0.0 1.0 
0.0 0.0 0.0 0.0 85.0 278.0 0.0 0.0 0.0 131.0 0.0 0.0 0.0 64.0 0.0 0.0 0.0 0.0 101.0 0.0 0.0 0.0 0.0 0.0 
0.0 0.0 0.0 0.0 57.0 0.0 0.0 0.0 131.0 0.0 0.0 0.0 0.0 0.0 0.0 0.0 0.0 0.0 0.0 0.0 0.0 202.0 0.0 0.0 
0.0 0.0 0.0 0.0 0.0 213.0 0.0 0.0 0.0 0.0 0.0 88.0 58.0 0.0 0.0 0.0 0.0 0.0 0.0 84.0 0.0 0.0 0.0 0.0 
0.0 97.0 0.0 136.0 0.0 251.0 0.0 0.0 0.0 0.0 88.0 0.0 115.0 0.0 0.0 0.0 152.0 0.0 0.0 0.0 0.0 0.0 0.0 0.0 
0.0 85.0 0.0 0.0 0.0 0.0 0.0 0.0 0.0 0.0 58.0 115.0 0.0 0.0 0.0 0.0 0.0 0.0 0.0 42.0 93.0 0.0 0.0 0.0 
0.0 0.0 0.0 0.0 0.0 238.0 0.0 0.0 64.0 0.0 0.0 0.0 0.0 0.0 0.0 0.0 0.0 93.0 99.0 0.0 0.0 0.0 0.0 0.0 
0.0 0.0 66.0 45.0 0.0 0.0 0.0 0.0 0.0 0.0 0.0 0.0 0.0 0.0 0.0 0.0 111.0 0.0 0.0 0.0 0.0 0.0 0.0 170.0 
0.0 0.0 0.0 0.0 1.0 0.0 0.0 0.0 0.0 0.0 0.0 0.0 0.0 0.0 0.0 0.0 0.0 0.0 0.0 0.0 0.0 0.0 0.0 0.0 
0.0 92.0 142.0 90.0 0.0 0.0 0.0 0.0 0.0 0.0 0.0 152.0 0.0 0.0 111.0 0.0 0.0 0.0 0.0 0.0 0.0 193.0 0.0 0.0 
0.0 0.0 0.0 0.0 0.0 0.0 0.0 0.0 0.0 0.0 0.0 0.0 0.0 93.0 0.0 0.0 0.0 0.0 72.0 0.0 0.0 0.0 0.0 155.0 
0.0 0.0 0.0 0.0 52.0 0.0 0.0 0.0 101.0 0.0 0.0 0.0 0.0 99.0 0.0 0.0 0.0 72.0 0.0 0.0 0.0 0.0 194.0 0.0 
13.0 0.0 0.0 0.0 0.0 0.0 0.0 0.0 0.0 0.0 84.0 0.0 42.0 0.0 0.0 0.0 0.0 0.0 0.0 0.0 123.0 0.0 0.0 0.0 
91.0 0.0 0.0 0.0 0.0 234.0 1.0 0.0 0.0 0.0 0.0 0.0 93.0 0.0 0.0 0.0 0.0 0.0 0.0 123.0 0.0 279.0 0.0 0.0 
0.0 139.0 0.0 0.0 0.0 0.0 0.0 0.0 0.0 202.0 0.0 0.0 0.0 0.0 0.0 0.0 193.0 0.0 0.0 0.0 279.0 0.0 245.0 0.0 
0.0 0.0 150.0 0.0 129.0 0.0 0.0 0.0 0.0 0.0 0.0 0.0 0.0 0.0 0.0 0.0 0.0 0.0 194.0 0.0 0.0 245.0 0.0 194.0 
0.0 0.0 0.0 123.0 0.0 289.0 0.0 1.0 0.0 0.0 0.0 0.0 0.0 0.0 170.0 0.0 0.0 155.0 0.0 0.0 0.0 0.0 194.0 0.0 
