q
42.0 937.0 1407.0 14.0 336.0 401.0 1225.0 300.0 288.0 614.0 1215.0 440.0 303.0 1.0 352.0 468.0 598.0 260.0 9.0 465.0 1238.0 915.0 399.0 1013.0 
l
0.0 0.0 0.0 0.0 0.0 20.0 0.0 0.0 0.0 0.0 0.0 0.0 0.0 0.0 0.0 0.0 0.0 0.0 0.0 0.0 0.0 0.0 0.0 21.0 
0.0 0.0 289.0 0.0 0.0 0.0 0.0 70.0 0.0 0.0 0.0 0.0 123.0 0.0 0.0 0.0 84.0 0.0 0.0 222.0 103.0 0.0 0.0 0.0 
0.0 289.0 0.0 0.0 0.0 171.0 0.0 0.0 0.0 190.0 370.0 0.0 0.0 0.0 0.0 0.0 148.0 0.0 0.0 0.0 0.0 0.0 0.0 177.0 
0.0 0.0 0.0 0.0 5.0 0.0 0.0 0.0 0.0 0.0 0.0 0.0 0.0 0.0 0.0 0.0 0.0 0.0 1.0 0.0 0.0 0.0 8.0 0.0 
0.0 0.0 0.0 5.0 0.0 0.0 0.0 0.0 0.0 0.0 120.0 0.0 0.0 0.0 49.0 0.0 0.0 0.0 4.0 0.0 0.0 0.0 0.0 142.0 
20.0 0.0 171.0 0.0 0.0 0.0 111.0 0.0 0.0 38.0 0.0 0.0 0.0 0.0 0.0 0.0 0.0 43.0 0.0 0.0 0.0 0.0 0.0 0.0 
0.0 0.0 0.0 0.0 0.0 111.0 0.0 0.0 168.0 79.0 0.0 0.0 0.0 0.0 0.0 0.0 0.0 128.0 0.0 0.0 363.0 0.0 0.0 310.0 
0.0 70.0 0.0 0.0 0.0 0.0 0.0 0.0 0.0 0.0 0.0 0.0 19.0 0.0 0.0 0.0 87.0 0.0 0.0 0.0 111.0 0.0 0.0 0.0 
0.0 0.0 0.0 0.0 0.0 0.0 168.0 0.0 0.0 84.0 0.0 0.0 0.0 0.0 0.0 0.0 0.0 18.0 0.0 0.0 0.0 0.0 0.0 0.0 
0.0 0.0 190.0 0.0 0.0 38.0 79.0 0.0 84.0 0.0 0.0 0.0 0.0 0.0 0.0 0.0 144.0 51.0 0.0 0.0 0.0 0.0 0.0 0.0 
0.0 0.0 370.0 0.0 120.0 0.0 0.0 0.0 0.0 0.0 0.0 163.0 0.0 0.0 160.0 184.0 0.0 0.0 0.0 0.0 0.0 0.0 0.0 164.0 
0.0 0.0 0.0 0.0 0.0 0.0 0.0 0.0 0.0 0.0 163.0 0.0 0.0 0.0 61.0 42.0 0.0 0.0 0.0 0.0 0.0 146.0 0.0 0.0 
0.0 123.0 0.0 0.0 0.0 0.0 0.0 19.0 0.0 0.0 0.0 0.0 0.0 0.0 0.0 0.0 0.0 0.0 0.0 0.0 142.0 0.0 0.0 0.0 
0.0 0.0 0.0 0.0 0.0 0.0 0.0 0.0 0.0 0.0 0.0 0.0 0.0 0.0 0.0 0.0 0.0 0.0 0.0 0.0 0.0 1.0 0.0 0.0 
0.0 0.0 0.0 0.0 49.0 0.0 0.0 0.0 0.0 0.0 160.0 61.0 0.0 0.0 0.0 0.0 0.0 0.0 0.0 0.0 0.0 0.0 68.0 0.0 
0.0 0.0 0.0 0.0 0.0 0.0 0.0 0.0 0.0 0.0 184.0 42.0 0.0 0.0 0.0 0.0 0.0 0.0 0.0 109.0 0.0 111.0 0.0 0.0 
0.0 84.0 148.0 0.0 0.0 0.0 0.0 87.0 0.0 144.0 0.0 0.0 0.0 0.0 0.0 0.0 0.0 0.0 0.0 0.0 105.0 0.0 0.0 0.0 
0.0 0.0 0.0 0.0 0.0 43.0 128.0 0.0 18.0 51.0 0.0 0.0 0.0 0.0 0.0 0.0 0.0 0.0 0.0 0.0 0.0 0.0 0.0 0.0 
0.0 0.0 0.0 1.0 4.0 0.0 0.0 0.0 0.0 0.0 0.0 0.0 0.0 0.0 0.0 0.0 0.0 0.0 0.0 0.0 0.0 0.0 2.0 0.0 
0.0 222.0 0.0 0.0 0.0 0.0 0.0 0.0 0.0 0.0 0.0 0.0 0.0 0.0 0.0 109.0 0.0 0.0 0.0 0.0 0.0 104.0 0.0 0.0 
0.0 103.0 0.0 0.0 0.0 0.0 363.0 111.0 0.0 0.0 0.0 0.0 142.0 0.0 0.0 0.0 105.0 0.0 0.0 0.0 0.0 348.0 0.0 0.0 
0.0 0.0 0.0 0.0 0.0 0.0 0.0 0.0 0.0 0.0 0.0 146.0 0.0 1.0 0.0 111.0 0.0 0.0 0.0 104.0 348.0 0.0 150.0 0.0 
0.0 0.0 0.0 8.0 0.0 0.0 0.0 0.0 0.0 0.0 0.0 0.0 0.0 0.0 68.0 0.0 0.0 0.0 2.0 0.0 0.0 150.0 0.0 149.0 
21.0 0.0 177.0 0.0 142.0 0.0 310.0 0.0 0.0 0.0 164.0 0.0 0.0 0.0 0.0 0.0 0.0 0.0 0.0 0.0 0.0 0.0 149.0 0.0 
