q
500.0 187.0 1.0 406.0 623.0 443.0 398.0 588.0 1244.0 434.0 18.0 409.0 543.0 649.0 32.0 388.0 422.0 321.0 420.0 788.0 1442.0 978.0 1025.0 1085.0 
l
0.0 0.0 0.0 0.0 82.0 0.0 112.0 102.0 172.0 0.0 0.0 0.0 0.0 0.0 6.0 0.0 0.0 0.0 0.0 0.0 0.0 0.0 0.0 0.0 
0.0 0.0 0.0 0.0 0.0 52.0 0.0 0.0 0.0 0.0 0.0 0.0 0.0 0.0 0.0 0.0 0.0 30.0 0.0 0.0 0.0 93.0 0.0 0.0 
0.0 0.0 0.0 0.0 0.0 0.0 0.0 0.0 0.0 0.0 0.0 0.0 0.0 0.0 0.0 0.0 0.0 0.0 0.0 0.0 0.0 0.0 0.0 1.0 
0.0 0.0 0.0 0.0 0.0 36.0 0.0 0.0 0.0 0.0 0.0 0.0 89.0 0.0 0.0 0.0 0.0 0.0 0.0 105.0 0.0 0.0 153.0 0.0 
82.0 0.0 0.0 0.0 0.0 0.0 0.0 96.0 217.0 100.0 0.0 0.0 0.0 0.0 5.0 0.0 97.0 0.0 0.0 0.0 0.0 0.0 0.0 0.0 
0.0 52.0 0.0 36.0 0.0 0.0 0.0 0.0 0.0 0.0 0.0 0.0 0.0 0.0 0.0 0.0 0.0 58.0 0.0 127.0 0.0 0.0 152.0 0.0 
112.0 0.0 0.0 0.0 0.0 0.0 0.0 0.0 0.0 0.0 0.0 80.0 0.0 0.0 0.0 0.0 0.0 0.0 0.0 0.0 0.0 0.0 0.0 174.0 
102.0 0.0 0.0 0.0 96.0 0.0 0.0 0.0 0.0 74.0 5.0 129.0 0.0 0.0 0.0 0.0 0.0 0.0 0.0 0.0 0.0 162.0 0.0 0.0 
172.0 0.0 0.0 0.0 217.0 0.0 0.0 0.0 0.0 0.0 0.0 0.0 0.0 0.0 18.0 195.0 0.0 0.0 0.0 0.0 306.0 0.0 0.0 278.0 
0.0 0.0 0.0 0.0 100.0 0.0 0.0 74.0 0.0 0.0 0.0 0.0 0.0 0.0 0.0 0.0 86.0 0.0 0.0 0.0 0.0 150.0 0.0 0.0 
0.0 0.0 0.0 0.0 0.0 0.0 0.0 5.0 0.0 0.0 0.0 4.0 0.0 0.0 0.0 0.0 0.0 0.0 0.0 0.0 0.0 8.0 0.0 0.0 
0.0 0.0 0.0 0.0 0.0 0.0 80.0 129.0 0.0 0.0 4.0 0.0 0.0 0.0 0.0 0.0 0.0 0.0 0.0 0.0 0.0 0.0 172.0 0.0 
0.0 0.0 0.0 89.0 0.0 0.0 0.0 0.0 0.0 0.0 0.0 0.0 0.0 81.0 0.0 0.0 0.0 0.0 72.0 113.0 0.0 0.0 0.0 167.0 
0.0 0.0 0.0 0.0 0.0 0.0 0.0 0.0 0.0 0.0 0.0 0.0 81.0 0.0 0.0 109.0 0.0 0.0 100.0 112.0 214.0 0.0 0.0 0.0 
6.0 0.0 0.0 0.0 5.0 0.0 0.0 0.0 18.0 0.0 0.0 0.0 0.0 0.0 0.0 0.0 0.0 0.0 0.0 0.0 0.0 0.0 0.0 0.0 
0.0 0.0 0.0 0.0 0.0 0.0 0.0 0.0 195.0 0.0 0.0 0.0 0.0 109.0 0.0 0.0 0.0 0.0 63.0 0.0 0.0 0.0 0.0 0.0 
0.0 0.0 0.0 0.0 97.0 0.0 0.0 0.0 0.0 86.0 0.0 0.0 0.0 0.0 0.0 0.0 0.0 0.0 0.0 0.0 215.0 0.0 0.0 0.0 
0.0 30.0 0.0 0.0 0.0 58.0 0.0 0.0 0.0 0.0 0.0 0.0 0.0 0.0 0.0 0.0 0.0 0.0 0.0 67.0 154.0 0.0 0.0 0.0 
0.0 0.0 0.0 0.0 0.0 0.0 0.0 0.0 0.0 0.0 0.0 0.0 72.0 100.0 0.0 63.0 0.0 0.0 0.0 0.0 0.0 0.0 0.0 157.0 
0.0 0.0 0.0 105.0 0.0 127.0 0.0 0.0 0.0 0.0 0.0 0.0 113.0 112.0 0.0 0.0 0.0 67.0 0.0 0.0 221.0 0.0 0.0 0.0 
0.0 0.0 0.0 0.0 0.0 0.0 0.0 0.0 306.0 0.0 0.0 0.0 0.0 214.0 0.0 0.0 215.0 154.0 0.0 221.0 0.0 274.0 0.0 0.0 
0.0 93.0 0.0 0.0 0.0 0.0 0.0 162.0 0.0 150.0 8.0 0.0 0.0 0.0 0.0 0.0 0.0 0.0 0.0 0.0 274.0 0.0 244.0 0.0 
0.0 0.0 0.0 153.0 0.0 152.0 0.0 0.0 0.0 0.0 0.0 172.0 0.0 0.0 0.0 0.0 0.0 0.0 0.0 0.0 0.0 244.0 0.0 240.0 
0.0 0.0 1.0 0.0 0.0 0.0 174.0 0.0 278.0 0.0 0.0 0.0 167.0 0.0 0.0 0.0 0.0 0.0 157.0 0.0 0.0 0.0 240.0 0.0 
