q
710.0 334.0 22.0 748.0 291.0 448.0 296.0 441.0 519.0 376.0 899.0 740.0 334.0 323.0 734.0 1.0 438.0 13.0 77.0 1444.0 1277.0 837.0 705.0 1009.0 
l
0.0 77.0 0.0 0.0 0.0 115.0 0.0 167.0 0.0 0.0 0.0 0.0 0.0 0.0 0.0 0.0 0.0 0.0 0.0 319.0 0.0 0.0 0.0 0.0 
77.0 0.0 0.0 0.0 0.0 57.0 0.0 0.0 0.0 0.0 0.0 0.0 0.0 0.0 0.0 0.0 0.0 0.0 0.0 0.0 0.0 0.0 0.0 180.0 
0.0 0.0 0.0 0.0 0.0 3.0 0.0 0.0 0.0 0.0 0.0 0.0 0.0 0.0 0.0 0.0 0.0 0.0 4.0 0.0 0.0 0.0 11.0 0.0 
0.0 0.0 0.0 0.0 0.0 0.0 0.0 0.0 92.0 0.0 142.0 133.0 0.0 84.0 0.0 0.0 103.0 0.0 0.0 0.0 159.0 0.0 0.0 0.0 
0.0 0.0 0.0 0.0 0.0 0.0 0.0 0.0 0.0 0.0 0.0 120.0 0.0 0.0 0.0 0.0 0.0 0.0 0.0 0.0 0.0 0.0 0.0 154.0 
115.0 57.0 3.0 0.0 0.0 0.0 0.0 67.0 0.0 0.0 0.0 0.0 0.0 0.0 0.0 0.0 0.0 0.0 18.0 0.0 0.0 0.0 168.0 0.0 
0.0 0.0 0.0 0.0 0.0 0.0 0.0 0.0 0.0 0.0 0.0 0.0 21.0 0.0 97.0 0.0 0.0 0.0 0.0 161.0 0.0 0.0 0.0 0.0 
167.0 0.0 0.0 0.0 0.0 67.0 0.0 0.0 0.0 0.0 0.0 0.0 0.0 0.0 0.0 0.0 0.0 0.0 10.0 0.0 0.0 169.0 0.0 0.0 
0.0 0.0 0.0 92.0 0.0 0.0 0.0 0.0 0.0 58.0 113.0 0.0 0.0 0.0 102.0 0.0 0.0 0.0 0.0 0.0 136.0 0.0 0.0 0.0 
0.0 0.0 0.0 0.0 0.0 0.0 0.0 0.0 58.0 0.0 0.0 0.0 69.0 0.0 75.0 0.0 0.0 0.0 0.0 0.0 154.0 0.0 0.0 0.0 
0.0 0.0 0.0 142.0 0.0 0.0 0.0 0.0 113.0 0.0 0.0 171.0 0.0 0.0 207.0 0.0 0.0 0.0 0.0 0.0 0.0 0.0 0.0 212.0 
0.0 0.0 0.0 133.0 120.0 0.0 0.0 0.0 0.0 0.0 171.0 0.0 0.0 0.0 0.0 0.0 106.0 0.0 0.0 0.0 0.0 0.0 173.0 0.0 
0.0 0.0 0.0 0.0 0.0 0.0 21.0 0.0 0.0 69.0 0.0 0.0 0.0 0.0 64.0 0.0 0.0 0.0 0.0 160.0 0.0 0.0 0.0 0.0 
0.0 0.0 0.0 84.0 0.0 0.0 0.0 0.0 0.0 0.0 0.0 0.0 0.0 0.0 0.0 0.0 68.0 4.0 0.0 0.0 152.0 0.0 0.0 0.0 
0.0 0.0 0.0 0.0 0.0 0.0 97.0 0.0 102.0 75.0 207.0 0.0 64.0 0.0 0.0 0.0 0.0 0.0 0.0 151.0 0.0 0.0 0.0 0.0 
0.0 0.0 0.0 0.0 0.0 0.0 0.0 0.0 0.0 0.0 0.0 0.0 0.0 0.0 0.0 0.0 0.0 0.0 0.0 0.0 0.0 0.0 1.0 0.0 
0.0 0.0 0.0 103.0 0.0 0.0 0.0 0.0 0.0 0.0 0.0 106.0 0.0 68.0 0.0 0.0 0.0 5.0 0.0 0.0 0.0 141.0 0.0 0.0 
0.0 0.0 0.0 0.0 0.0 0.0 0.0 0.0 0.0 0.0 0.0 0.0 0.0 4.0 0.0 0.0 5.0 0.0 0.0 0.0 0.0 4.0 0.0 0.0 
0.0 0.0 4.0 0.0 0.0 18.0 0.0 10.0 0.0 0.0 0.0 0.0 0.0 0.0 0.0 0.0 0.0 0.0 0.0 0.0 0.0 40.0 0.0 0.0 
319.0 0.0 0.0 0.0 0.0 0.0 161.0 0.0 0.0 0.0 0.0 0.0 160.0 0.0 151.0 0.0 0.0 0.0 0.0 0.0 324.0 0.0 0.0 259.0 
0.0 0.0 0.0 159.0 0.0 0.0 0.0 0.0 136.0 154.0 0.0 0.0 0.0 152.0 0.0 0.0 0.0 0.0 0.0 324.0 0.0 279.0 0.0 0.0 
0.0 0.0 0.0 0.0 0.0 0.0 0.0 169.0 0.0 0.0 0.0 0.0 0.0 0.0 0.0 0.0 141.0 4.0 40.0 0.0 279.0 0.0 160.0 0.0 
0.0 0.0 11.0 0.0 0.0 168.0 0.0 0.0 0.0 0.0 0.0 173.0 0.0 0.0 0.0 1.0 0.0 0.0 0.0 0.0 0.0 160.0 0.0 155.0 
0.0 180.0 0.0 0.0 154.0 0.0 0.0 0.0 0.0 0.0 212.0 0.0 0.0 0.0 0.0 0.0 0.0 0.0 0.0 259.0 0.0 0.0 155.0 0.0 
