q
388.0 210.0 44.0 359.0 267.0 816.0 531.0 1028.0 341.0 449.0 499.0 534.0 1004.0 36.0 291.0 767.0 552.0 66.0 78.0 357.0 1326.0 1137.0 1012.0 1240.0 
l
0.0 0.0 0.0 0.0 30.0 77.0 0.0 140.0 0.0 0.0 0.0 0.0 109.0 0.0 0.0 0.0 0.0 17.0 0.0 0.0 0.0 0.0 0.0 0.0 
0.0 0.0 0.0 0.0 0.0 0.0 0.0 0.0 0.0 61.0 0.0 0.0 0.0 1.0 0.0 0.0 37.0 0.0 0.0 0.0 0.0 0.0 97.0 0.0 
0.0 0.0 0.0 0.0 0.0 0.0 0.0 0.0 0.0 9.0 0.0 0.0 0.0 3.0 0.0 0.0 0.0 0.0 0.0 0.0 27.0 0.0 0.0 0.0 
0.0 0.0 0.0 0.0 0.0 0.0 56.0 0.0 0.0 0.0 0.0 0.0 0.0 0.0 0.0 133.0 0.0 0.0 0.0 0.0 0.0 150.0 0.0 0.0 
30.0 0.0 0.0 0.0 0.0 89.0 0.0 0.0 0.0 0.0 0.0 0.0 127.0 0.0 0.0 0.0 0.0 5.0 0.0 0.0 0.0 0.0 0.0 0.0 
77.0 0.0 0.0 0.0 89.0 0.0 0.0 189.0 108.0 0.0 0.0 0.0 134.0 0.0 0.0 188.0 0.0 0.0 0.0 0.0 0.0 0.0 0.0 0.0 
0.0 0.0 0.0 56.0 0.0 0.0 0.0 149.0 0.0 0.0 0.0 0.0 0.0 0.0 0.0 136.0 0.0 0.0 0.0 62.0 0.0 105.0 0.0 0.0 
140.0 0.0 0.0 0.0 0.0 189.0 149.0 0.0 0.0 0.0 0.0 0.0 0.0 0.0 118.0 0.0 0.0 0.0 0.0 126.0 258.0 0.0 0.0 0.0 
0.0 0.0 0.0 0.0 0.0 108.0 0.0 0.0 0.0 0.0 0.0 0.0 0.0 0.0 0.0 64.0 0.0 0.0 0.0 0.0 0.0 0.0 0.0 153.0 
0.0 61.0 9.0 0.0 0.0 0.0 0.0 0.0 0.0 0.0 42.0 0.0 0.0 12.0 0.0 0.0 73.0 0.0 0.0 0.0 227.0 0.0 0.0 0.0 
0.0 0.0 0.0 0.0 0.0 0.0 0.0 0.0 0.0 42.0 0.0 120.0 0.0 0.0 0.0 0.0 89.0 0.0 0.0 0.0 225.0 0.0 0.0 0.0 
0.0 0.0 0.0 0.0 0.0 0.0 0.0 0.0 0.0 0.0 120.0 0.0 0.0 0.0 0.0 0.0 104.0 0.0 21.0 0.0 0.0 0.0 0.0 254.0 
109.0 0.0 0.0 0.0 127.0 134.0 0.0 0.0 0.0 0.0 0.0 0.0 0.0 0.0 0.0 0.0 0.0 42.0 0.0 0.0 274.0 0.0 0.0 267.0 
0.0 1.0 3.0 0.0 0.0 0.0 0.0 0.0 0.0 12.0 0.0 0.0 0.0 0.0 0.0 0.0 0.0 0.0 0.0 0.0 0.0 0.0 20.0 0.0 
0.0 0.0 0.0 0.0 0.0 0.0 0.0 118.0 0.0 0.0 0.0 0.0 0.0 0.0 0.0 0.0 0.0 0.0 0.0 22.0 0.0 135.0 0.0 0.0 
0.0 0.0 0.0 133.0 0.0 188.0 136.0 0.0 64.0 0.0 0.0 0.0 0.0 0.0 0.0 0.0 0.0 0.0 0.0 0.0 0.0 0.0 0.0 212.0 
0.0 37.0 0.0 0.0 0.0 0.0 0.0 0.0 0.0 73.0 89.0 104.0 0.0 0.0 0.0 0.0 0.0 0.0 13.0 0.0 0.0 0.0 206.0 0.0 
17.0 0.0 0.0 0.0 5.0 0.0 0.0 0.0 0.0 0.0 0.0 0.0 42.0 0.0 0.0 0.0 0.0 0.0 0.0 0.0 0.0 0.0 0.0 0.0 
0.0 0.0 0.0 0.0 0.0 0.0 0.0 0.0 0.0 0.0 0.0 21.0 0.0 0.0 0.0 0.0 13.0 0.0 0.0 0.0 0.0 0.0 41.0 0.0 
0.0 0.0 0.0 0.0 0.0 0.0 62.0 126.0 0.0 0.0 0.0 0.0 0.0 0.0 22.0 0.0 0.0 0.0 0.0 0.0 0.0 132.0 0.0 0.0 
0.0 0.0 27.0 0.0 0.0 0.0 0.0 258.0 0.0 227.0 225.0 0.0 274.0 0.0 0.0 0.0 0.0 0.0 0.0 0.0 0.0 253.0 0.0 0.0 
0.0 0.0 0.0 150.0 0.0 0.0 105.0 0.0 0.0 0.0 0.0 0.0 0.0 0.0 135.0 0.0 0.0 0.0 0.0 132.0 253.0 0.0 306.0 0.0 
0.0 97.0 0.0 0.0 0.0 0.0 0.0 0.0 0.0 0.0 0.0 0.0 0.0 20.0 0.0 0.0 206.0 0.0 41.0 0.0 0.0 306.0 0.0 281.0 
0.0 0.0 0.0 0.0 0.0 0.0 0.0 0.0 153.0 0.0 0.0 254.0 267.0 0.0 0.0 212.0 0.0 0.0 0.0 0.0 0.0 0.0 281.0 0.0 
