q
904.0 41.0 177.0 392.0 480.0 633.0 390.0 151.0 333.0 505.0 1260.0 135.0 475.0 802.0 441.0 188.0 449.0 395.0 365.0 67.0 1218.0 1106.0 946.0 1423.0 
l
0.0 0.0 0.0 0.0 104.0 0.0 95.0 0.0 0.0 0.0 0.0 0.0 0.0 162.0 131.0 0.0 0.0 0.0 152.0 0.0 0.0 210.0 0.0 0.0 
0.0 0.0 0.0 0.0 0.0 0.0 0.0 0.0 0.0 0.0 0.0 0.0 0.0 0.0 0.0 0.0 0.0 12.0 0.0 2.0 0.0 0.0 26.0 0.0 
0.0 0.0 0.0 0.0 40.0 0.0 0.0 0.0 0.0 0.0 100.0 0.0 0.0 0.0 0.0 0.0 30.0 0.0 0.0 0.0 0.0 0.0 0.0 0.0 
0.0 0.0 0.0 0.0 0.0 0.0 0.0 0.0 27.0 0.0 0.0 18.0 0.0 110.0 0.0 0.0 80.0 0.0 0.0 0.0 145.0 0.0 0.0 0.0 
104.0 0.0 40.0 0.0 0.0 0.0 48.0 0.0 0.0 0.0 132.0 0.0 0.0 96.0 0.0 0.0 45.0 0.0 0.0 0.0 0.0 0.0 0.0 0.0 
0.0 0.0 0.0 0.0 0.0 0.0 0.0 0.0 0.0 145.0 0.0 0.0 138.0 0.0 0.0 0.0 0.0 0.0 0.0 0.0 307.0 0.0 0.0 0.0 
95.0 0.0 0.0 0.0 48.0 0.0 0.0 0.0 0.0 0.0 151.0 0.0 0.0 0.0 75.0 0.0 0.0 0.0 0.0 0.0 0.0 0.0 0.0 0.0 
0.0 0.0 0.0 0.0 0.0 0.0 0.0 0.0 39.0 0.0 0.0 0.0 0.0 0.0 0.0 0.0 0.0 0.0 0.0 0.0 0.0 99.0 0.0 0.0 
0.0 0.0 0.0 27.0 0.0 0.0 0.0 39.0 0.0 0.0 0.0 0.0 0.0 115.0 0.0 0.0 0.0 0.0 0.0 0.0 135.0 0.0 0.0 0.0 
0.0 0.0 0.0 0.0 0.0 145.0 0.0 0.0 0.0 0.0 0.0 0.0 59.0 0.0 0.0 43.0 0.0 70.0 0.0 0.0 0.0 0.0 161.0 0.0 
0.0 0.0 100.0 0.0 132.0 0.0 151.0 0.0 0.0 0.0 0.0 0.0 0.0 0.0 0.0 0.0 147.0 0.0 0.0 0.0 273.0 0.0 0.0 398.0 
0.0 0.0 0.0 18.0 0.0 0.0 0.0 0.0 0.0 0.0 0.0 0.0 0.0 0.0 0.0 0.0 29.0 0.0 0.0 0.0 77.0 0.0 0.0 0.0 
0.0 0.0 0.0 0.0 0.0 138.0 0.0 0.0 0.0 59.0 0.0 0.0 0.0 0.0 0.0 0.0 0.0 46.0 0.0 0.0 0.0 0.0 0.0 206.0 
162.0 0.0 0.0 110.0 96.0 0.0 0.0 0.0 115.0 0.0 0.0 0.0 0.0 0.0 0.0 0.0 102.0 0.0 0.0 0.0 0.0 181.0 0.0 0.0 
131.0 0.0 0.0 0.0 0.0 0.0 75.0 0.0 0.0 0.0 0.0 0.0 0.0 0.0 0.0 0.0 0.0 0.0 35.0 0.0 0.0 0.0 0.0 176.0 
0.0 0.0 0.0 0.0 0.0 0.0 0.0 0.0 0.0 43.0 0.0 0.0 0.0 0.0 0.0 0.0 0.0 37.0 0.0 2.0 0.0 0.0 99.0 0.0 
0.0 0.0 30.0 80.0 45.0 0.0 0.0 0.0 0.0 0.0 147.0 29.0 0.0 102.0 0.0 0.0 0.0 0.0 0.0 0.0 0.0 0.0 0.0 0.0 
0.0 12.0 0.0 0.0 0.0 0.0 0.0 0.0 0.0 70.0 0.0 0.0 46.0 0.0 0.0 37.0 0.0 0.0 0.0 13.0 0.0 0.0 0.0 195.0 
152.0 0.0 0.0 0.0 0.0 0.0 0.0 0.0 0.0 0.0 0.0 0.0 0.0 0.0 35.0 0.0 0.0 0.0 0.0 0.0 0.0 0.0 0.0 157.0 
0.0 2.0 0.0 0.0 0.0 0.0 0.0 0.0 0.0 0.0 0.0 0.0 0.0 0.0 0.0 2.0 0.0 13.0 0.0 0.0 0.0 0.0 45.0 0.0 
0.0 0.0 0.0 145.0 0.0 307.0 0.0 0.0 135.0 0.0 273.0 77.0 0.0 0.0 0.0 0.0 0.0 0.0 0.0 0.0 0.0 210.0 0.0 0.0 
210.0 0.0 0.0 0.0 0.0 0.0 0.0 99.0 0.0 0.0 0.0 0.0 0.0 181.0 0.0 0.0 0.0 0.0 0.0 0.0 210.0 0.0 340.0 0.0 
0.0 26.0 0.0 0.0 0.0 0.0 0.0 0.0 0.0 161.0 0.0 0.0 0.0 0.0 0.0 99.0 0.0 0.0 0.0 45.0 0.0 340.0 0.0 224.0 
0.0 0.0 0.0 0.0 0.0 0.0 0.0 0.0 0.0 0.0 398.0 0.0 206.0 0.0 176.0 0.0 0.0 195.0 157.0 0.0 0.0 0.0 224.0 0.0 
