q
369.0 466.0 666.0 273.0 221.0 178.0 171.0 1042.0 460.0 1456.0 566.0 119.0 107.0 400.0 373.0 559.0 19.0 725.0 661.0 403.0 1346.0 920.0 1369.0 1121.0 
l
0.0 0.0 0.0 0.0 0.0 0.0 0.0 141.0 0.0 0.0 0.0 0.0 0.0 0.0 0.0 52.0 0.0 0.0 0.0 0.0 0.0 0.0 0.0 154.0 
0.0 0.0 0.0 75.0 29.0 0.0 0.0 0.0 0.0 199.0 40.0 0.0 0.0 0.0 0.0 0.0 0.0 0.0 89.0 0.0 0.0 0.0 0.0 0.0 
0.0 0.0 0.0 0.0 0.0 0.0 0.0 151.0 0.0 0.0 0.0 0.0 0.0 112.0 100.0 0.0 2.0 86.0 0.0 0.0 0.0 184.0 0.0 0.0 
0.0 75.0 0.0 0.0 0.0 0.0 0.0 0.0 0.0 0.0 0.0 0.0 0.0 0.0 0.0 0.0 0.0 0.0 36.0 0.0 0.0 0.0 151.0 0.0 
0.0 29.0 0.0 0.0 0.0 0.0 0.0 0.0 0.0 133.0 41.0 0.0 7.0 0.0 0.0 0.0 0.0 0.0 0.0 0.0 0.0 0.0 0.0 0.0 
0.0 0.0 0.0 0.0 0.0 0.0 0.0 0.0 0.0 0.0 0.0 0.0 0.0 19.0 0.0 0.0 0.0 53.0 0.0 0.0 98.0 0.0 0.0 0.0 
0.0 0.0 0.0 0.0 0.0 0.0 0.0 0.0 49.0 0.0 0.0 0.0 0.0 0.0 0.0 32.0 0.0 0.0 0.0 0.0 0.0 0.0 0.0 84.0 
141.0 0.0 151.0 0.0 0.0 0.0 0.0 0.0 0.0 0.0 0.0 0.0 0.0 0.0 80.0 163.0 0.0 212.0 0.0 0.0 0.0 0.0 248.0 0.0 
0.0 0.0 0.0 0.0 0.0 0.0 49.0 0.0 0.0 0.0 0.0 0.0 0.0 0.0 0.0 116.0 0.0 95.0 0.0 0.0 181.0 0.0 0.0 0.0 
0.0 199.0 0.0 0.0 133.0 0.0 0.0 0.0 0.0 0.0 190.0 0.0 71.0 0.0 0.0 0.0 0.0 0.0 0.0 0.0 395.0 0.0 0.0 369.0 
0.0 40.0 0.0 0.0 41.0 0.0 0.0 0.0 0.0 190.0 0.0 0.0 23.0 0.0 0.0 0.0 0.0 0.0 118.0 122.0 0.0 0.0 0.0 0.0 
0.0 0.0 0.0 0.0 0.0 0.0 0.0 0.0 0.0 0.0 0.0 0.0 0.0 0.0 0.0 0.0 0.0 0.0 46.0 11.0 0.0 56.0 0.0 0.0 
0.0 0.0 0.0 0.0 7.0 0.0 0.0 0.0 0.0 71.0 23.0 0.0 0.0 0.0 0.0 0.0 0.0 0.0 0.0 0.0 0.0 0.0 0.0 0.0 
0.0 0.0 112.0 0.0 0.0 19.0 0.0 0.0 0.0 0.0 0.0 0.0 0.0 0.0 0.0 0.0 0.0 66.0 0.0 0.0 177.0 0.0 0.0 0.0 
0.0 0.0 100.0 0.0 0.0 0.0 0.0 80.0 0.0 0.0 0.0 0.0 0.0 0.0 0.0 0.0 4.0 0.0 0.0 0.0 0.0 0.0 167.0 0.0 
52.0 0.0 0.0 0.0 0.0 0.0 32.0 163.0 116.0 0.0 0.0 0.0 0.0 0.0 0.0 0.0 0.0 0.0 0.0 0.0 0.0 0.0 0.0 168.0 
0.0 0.0 2.0 0.0 0.0 0.0 0.0 0.0 0.0 0.0 0.0 0.0 0.0 0.0 4.0 0.0 0.0 0.0 0.0 0.0 0.0 10.0 0.0 0.0 
0.0 0.0 86.0 0.0 0.0 53.0 0.0 212.0 95.0 0.0 0.0 0.0 0.0 66.0 0.0 0.0 0.0 0.0 0.0 0.0 173.0 0.0 0.0 0.0 
0.0 89.0 0.0 36.0 0.0 0.0 0.0 0.0 0.0 0.0 118.0 46.0 0.0 0.0 0.0 0.0 0.0 0.0 0.0 71.0 0.0 0.0 264.0 0.0 
0.0 0.0 0.0 0.0 0.0 0.0 0.0 0.0 0.0 0.0 122.0 11.0 0.0 0.0 0.0 0.0 0.0 0.0 71.0 0.0 0.0 182.0 0.0 0.0 
0.0 0.0 0.0 0.0 0.0 98.0 0.0 0.0 181.0 395.0 0.0 0.0 0.0 177.0 0.0 0.0 0.0 173.0 0.0 0.0 0.0 250.0 0.0 0.0 
0.0 0.0 184.0 0.0 0.0 0.0 0.0 0.0 0.0 0.0 0.0 56.0 0.0 0.0 0.0 0.0 10.0 0.0 0.0 182.0 250.0 0.0 195.0 0.0 
0.0 0.0 0.0 151.0 0.0 0.0 0.0 248.0 0.0 0.0 0.0 0.0 0.0 0.0 167.0 0.0 0.0 0.0 264.0 0.0 0.0 195.0 0.0 276.0 
154.0 0.0 0.0 0.0 0.0 0.0 84.0 0.0 0.0 369.0 0.0 0.0 0.0 0.0 0.0 168.0 0.0 0.0 0.0 0.0 0.0 0.0 276.0 0.0 
