q
45.0 698.0 1.0 381.0 325.0 375.0 1.0 358.0 342.0 817.0 1532.0 320.0 413.0 1135.0 1285.0 352.0 440.0 363.0 967.0 70.0 1185.0 842.0 869.0 1216.0 
l
0.0 0.0 0.0 0.0 6.0 0.0 0.0 0.0 4.0 0.0 0.0 0.0 0.0 30.0 0.0 0.0 0.0 0.0 0.0 0.0 0.0 0.0 0.0 0.0 
0.0 0.0 0.0 117.0 0.0 0.0 0.0 0.0 0.0 165.0 0.0 0.0 0.0 0.0 185.0 86.0 0.0 0.0 0.0 0.0 0.0 0.0 112.0 0.0 
0.0 0.0 0.0 0.0 0.0 0.0 0.0 0.0 0.0 0.0 0.0 0.0 0.0 0.0 0.0 0.0 0.0 0.0 0.0 0.0 0.0 1.0 0.0 0.0 
0.0 117.0 0.0 0.0 0.0 0.0 0.0 0.0 0.0 111.0 0.0 0.0 0.0 0.0 0.0 0.0 0.0 0.0 0.0 9.0 0.0 126.0 0.0 0.0 
6.0 0.0 0.0 0.0 0.0 0.0 0.0 0.0 28.0 0.0 0.0 0.0 0.0 146.0 0.0 0.0 0.0 0.0 128.0 0.0 0.0 0.0 0.0 0.0 
0.0 0.0 0.0 0.0 0.0 0.0 0.0 0.0 0.0 0.0 141.0 0.0 0.0 0.0 0.0 0.0 0.0 0.0 105.0 0.0 113.0 0.0 0.0 0.0 
0.0 0.0 0.0 0.0 0.0 0.0 0.0 0.0 0.0 0.0 0.0 0.0 0.0 0.0 0.0 0.0 0.0 0.0 0.0 0.0 0.0 0.0 1.0 0.0 
0.0 0.0 0.0 0.0 0.0 0.0 0.0 0.0 0.0 0.0 0.0 0.0 60.0 0.0 138.0 0.0 0.0 0.0 0.0 0.0 0.0 0.0 0.0 142.0 
4.0 0.0 0.0 0.0 28.0 0.0 0.0 0.0 0.0 0.0 0.0 0.0 0.0 137.0 0.0 0.0 63.0 0.0 91.0 0.0 0.0 0.0 0.0 0.0 
0.0 165.0 0.0 111.0 0.0 0.0 0.0 0.0 0.0 0.0 258.0 112.0 0.0 0.0 0.0 0.0 0.0 0.0 0.0 25.0 0.0 88.0 0.0 0.0 
0.0 0.0 0.0 0.0 0.0 141.0 0.0 0.0 0.0 258.0 0.0 0.0 0.0 0.0 413.0 0.0 0.0 173.0 340.0 0.0 125.0 0.0 0.0 0.0 
0.0 0.0 0.0 0.0 0.0 0.0 0.0 0.0 0.0 112.0 0.0 0.0 0.0 0.0 0.0 0.0 0.0 51.0 0.0 0.0 141.0 0.0 0.0 0.0 
0.0 0.0 0.0 0.0 0.0 0.0 0.0 60.0 0.0 0.0 0.0 0.0 0.0 0.0 163.0 45.0 0.0 0.0 0.0 0.0 0.0 0.0 125.0 0.0 
30.0 0.0 0.0 0.0 146.0 0.0 0.0 0.0 137.0 0.0 0.0 0.0 0.0 0.0 0.0 0.0 0.0 0.0 105.0 0.0 314.0 0.0 0.0 342.0 
0.0 185.0 0.0 0.0 0.0 0.0 0.0 138.0 0.0 0.0 413.0 0.0 163.0 0.0 0.0 134.0 0.0 0.0 0.0 0.0 0.0 0.0 0.0 196.0 
0.0 86.0 0.0 0.0 0.0 0.0 0.0 0.0 0.0 0.0 0.0 0.0 45.0 0.0 134.0 0.0 0.0 0.0 0.0 0.0 0.0 0.0 75.0 0.0 
0.0 0.0 0.0 0.0 0.0 0.0 0.0 0.0 63.0 0.0 0.0 0.0 0.0 0.0 0.0 0.0 0.0 0.0 151.0 0.0 0.0 0.0 0.0 199.0 
0.0 0.0 0.0 0.0 0.0 0.0 0.0 0.0 0.0 0.0 173.0 51.0 0.0 0.0 0.0 0.0 0.0 0.0 0.0 0.0 121.0 0.0 0.0 0.0 
0.0 0.0 0.0 0.0 128.0 105.0 0.0 0.0 91.0 0.0 340.0 0.0 0.0 105.0 0.0 0.0 151.0 0.0 0.0 0.0 0.0 0.0 0.0 0.0 
0.0 0.0 0.0 9.0 0.0 0.0 0.0 0.0 0.0 25.0 0.0 0.0 0.0 0.0 0.0 0.0 0.0 0.0 0.0 0.0 0.0 31.0 0.0 0.0 
0.0 0.0 0.0 0.0 0.0 113.0 0.0 0.0 0.0 0.0 125.0 141.0 0.0 314.0 0.0 0.0 0.0 121.0 0.0 0.0 0.0 308.0 0.0 0.0 
0.0 0.0 1.0 126.0 0.0 0.0 0.0 0.0 0.0 88.0 0.0 0.0 0.0 0.0 0.0 0.0 0.0 0.0 0.0 31.0 308.0 0.0 239.0 0.0 
0.0 112.0 0.0 0.0 0.0 0.0 1.0 0.0 0.0 0.0 0.0 0.0 125.0 0.0 0.0 75.0 0.0 0.0 0.0 0.0 0.0 239.0 0.0 283.0 
0.0 0.0 0.0 0.0 0.0 0.0 0.0 142.0 0.0 0.0 0.0 0.0 0.0 342.0 196.0 0.0 199.0 0.0 0.0 0.0 0.0 0.0 283.0 0.0 
