q
8.0 554.0 1.0 768.0 422.0 769.0 295.0 80.0 410.0 1029.0 372.0 350.0 521.0 582.0 1234.0 238.0 638.0 357.0 401.0 94.0 1314.0 1225.0 1229.0 883.0 
l
0.0 0.0 0.0 0.0 0.0 0.0 0.0 0.0 0.0 0.0 0.0 4.0 0.0 0.0 0.0 0.0 0.0 0.0 0.0 0.0 0.0 0.0 3.0 0.0 
0.0 0.0 0.0 0.0 0.0 0.0 0.0 0.0 0.0 0.0 0.0 0.0 0.0 93.0 0.0 0.0 159.0 0.0 0.0 0.0 273.0 0.0 0.0 0.0 
0.0 0.0 0.0 0.0 0.0 0.0 0.0 0.0 0.0 0.0 0.0 0.0 0.0 0.0 0.0 0.0 0.0 0.0 0.0 0.0 0.0 0.0 0.0 1.0 
0.0 0.0 0.0 0.0 70.0 0.0 0.0 20.0 0.0 172.0 0.0 0.0 0.0 0.0 202.0 0.0 0.0 138.0 123.0 0.0 0.0 0.0 0.0 0.0 
0.0 0.0 0.0 70.0 0.0 82.0 0.0 15.0 0.0 118.0 0.0 0.0 0.0 0.0 124.0 0.0 0.0 0.0 0.0 0.0 0.0 0.0 0.0 0.0 
0.0 0.0 0.0 0.0 82.0 0.0 94.0 0.0 97.0 139.0 0.0 0.0 0.0 0.0 232.0 96.0 0.0 0.0 0.0 0.0 0.0 0.0 0.0 0.0 
0.0 0.0 0.0 0.0 0.0 94.0 0.0 0.0 22.0 0.0 0.0 0.0 0.0 0.0 0.0 13.0 0.0 0.0 0.0 0.0 144.0 0.0 0.0 0.0 
0.0 0.0 0.0 20.0 15.0 0.0 0.0 0.0 0.0 39.0 0.0 0.0 0.0 0.0 0.0 0.0 0.0 0.0 0.0 0.0 0.0 0.0 0.0 0.0 
0.0 0.0 0.0 0.0 0.0 97.0 22.0 0.0 0.0 0.0 0.0 0.0 116.0 0.0 0.0 0.0 0.0 0.0 0.0 17.0 127.0 0.0 0.0 0.0 
0.0 0.0 0.0 172.0 118.0 139.0 0.0 39.0 0.0 0.0 0.0 0.0 0.0 0.0 0.0 0.0 0.0 0.0 0.0 0.0 278.0 0.0 0.0 242.0 
0.0 0.0 0.0 0.0 0.0 0.0 0.0 0.0 0.0 0.0 0.0 0.0 0.0 78.0 0.0 0.0 77.0 0.0 0.0 0.0 0.0 0.0 198.0 0.0 
4.0 0.0 0.0 0.0 0.0 0.0 0.0 0.0 0.0 0.0 0.0 0.0 31.0 0.0 149.0 0.0 0.0 0.0 0.0 0.0 0.0 149.0 0.0 0.0 
0.0 0.0 0.0 0.0 0.0 0.0 0.0 0.0 116.0 0.0 0.0 31.0 0.0 0.0 177.0 0.0 0.0 0.0 0.0 23.0 0.0 139.0 0.0 0.0 
0.0 93.0 0.0 0.0 0.0 0.0 0.0 0.0 0.0 0.0 78.0 0.0 0.0 0.0 0.0 0.0 119.0 0.0 0.0 0.0 0.0 252.0 0.0 0.0 
0.0 0.0 0.0 202.0 124.0 232.0 0.0 0.0 0.0 0.0 0.0 149.0 177.0 0.0 0.0 0.0 0.0 0.0 0.0 0.0 0.0 0.0 299.0 0.0 
0.0 0.0 0.0 0.0 0.0 96.0 13.0 0.0 0.0 0.0 0.0 0.0 0.0 0.0 0.0 0.0 0.0 0.0 0.0 0.0 115.0 0.0 0.0 0.0 
0.0 159.0 0.0 0.0 0.0 0.0 0.0 0.0 0.0 0.0 77.0 0.0 0.0 119.0 0.0 0.0 0.0 0.0 0.0 0.0 0.0 0.0 0.0 248.0 
0.0 0.0 0.0 138.0 0.0 0.0 0.0 0.0 0.0 0.0 0.0 0.0 0.0 0.0 0.0 0.0 0.0 0.0 55.0 0.0 0.0 0.0 0.0 140.0 
0.0 0.0 0.0 123.0 0.0 0.0 0.0 0.0 0.0 0.0 0.0 0.0 0.0 0.0 0.0 0.0 0.0 55.0 0.0 0.0 0.0 0.0 192.0 0.0 
0.0 0.0 0.0 0.0 0.0 0.0 0.0 0.0 17.0 0.0 0.0 0.0 23.0 0.0 0.0 0.0 0.0 0.0 0.0 0.0 0.0 48.0 0.0 0.0 
0.0 273.0 0.0 0.0 0.0 0.0 144.0 0.0 127.0 278.0 0.0 0.0 0.0 0.0 0.0 115.0 0.0 0.0 0.0 0.0 0.0 301.0 0.0 0.0 
0.0 0.0 0.0 0.0 0.0 0.0 0.0 0.0 0.0 0.0 0.0 149.0 139.0 252.0 0.0 0.0 0.0 0.0 0.0 48.0 301.0 0.0 266.0 0.0 
3.0 0.0 0.0 0.0 0.0 0.0 0.0 0.0 0.0 0.0 198.0 0.0 0.0 0.0 299.0 0.0 0.0 0.0 192.0 0.0 0.0 266.0 0.0 203.0 
0.0 0.0 1.0 0.0 0.0 0.0 0.0 0.0 0.0 242.0 0.0 0.0 0.0 0.0 0.0 0.0 248.0 140.0 0.0 0.0 0.0 0.0 203.0 0.0 
