q
4.0 375.0 550.0 430.0 841.0 6.0 313.0 335.0 304.0 838.0 449.0 1363.0 508.0 1225.0 572.0 385.0 344.0 440.0 34.0 22.0 1112.0 1576.0 1136.0 786.0 
l
0.0 0.0 0.0 0.0 0.0 0.0 0.0 0.0 1.0 0.0 0.0 0.0 0.0 0.0 0.0 0.0 0.0 0.0 0.0 0.0 0.0 0.0 3.0 0.0 
0.0 0.0 0.0 0.0 0.0 2.0 0.0 63.0 0.0 0.0 34.0 0.0 0.0 0.0 72.0 0.0 0.0 0.0 0.0 0.0 186.0 0.0 0.0 0.0 
0.0 0.0 0.0 0.0 0.0 0.0 0.0 0.0 0.0 0.0 138.0 0.0 0.0 0.0 111.0 0.0 0.0 0.0 0.0 0.0 0.0 0.0 267.0 0.0 
0.0 0.0 0.0 0.0 88.0 0.0 0.0 0.0 33.0 0.0 0.0 0.0 0.0 167.0 0.0 0.0 0.0 0.0 0.0 0.0 0.0 0.0 117.0 0.0 
0.0 0.0 0.0 88.0 0.0 0.0 0.0 0.0 117.0 161.0 0.0 0.0 0.0 201.0 0.0 0.0 114.0 0.0 0.0 0.0 0.0 0.0 0.0 116.0 
0.0 2.0 0.0 0.0 0.0 0.0 0.0 0.0 0.0 0.0 2.0 0.0 0.0 0.0 0.0 0.0 0.0 0.0 0.0 0.0 2.0 0.0 0.0 0.0 
0.0 0.0 0.0 0.0 0.0 0.0 0.0 0.0 0.0 115.0 0.0 144.0 0.0 0.0 0.0 0.0 0.0 34.0 0.0 0.0 0.0 0.0 0.0 0.0 
0.0 63.0 0.0 0.0 0.0 0.0 0.0 0.0 0.0 0.0 0.0 0.0 0.0 0.0 55.0 0.0 0.0 0.0 0.0 0.0 0.0 205.0 0.0 0.0 
1.0 0.0 0.0 33.0 117.0 0.0 0.0 0.0 0.0 0.0 0.0 0.0 0.0 0.0 0.0 0.0 0.0 0.0 0.0 0.0 0.0 0.0 142.0 0.0 
0.0 0.0 0.0 0.0 161.0 0.0 115.0 0.0 0.0 0.0 0.0 126.0 75.0 205.0 0.0 0.0 0.0 111.0 0.0 0.0 0.0 0.0 0.0 0.0 
0.0 34.0 138.0 0.0 0.0 2.0 0.0 0.0 0.0 0.0 0.0 0.0 0.0 0.0 67.0 0.0 0.0 0.0 0.0 4.0 178.0 0.0 0.0 0.0 
0.0 0.0 0.0 0.0 0.0 0.0 144.0 0.0 0.0 126.0 0.0 0.0 190.0 0.0 0.0 0.0 0.0 162.0 0.0 0.0 421.0 0.0 0.0 238.0 
0.0 0.0 0.0 0.0 0.0 0.0 0.0 0.0 0.0 75.0 0.0 190.0 0.0 124.0 0.0 88.0 0.0 0.0 0.0 0.0 0.0 0.0 0.0 0.0 
0.0 0.0 0.0 167.0 201.0 0.0 0.0 0.0 0.0 205.0 0.0 0.0 124.0 0.0 0.0 106.0 0.0 0.0 0.0 0.0 0.0 355.0 0.0 0.0 
0.0 72.0 111.0 0.0 0.0 0.0 0.0 55.0 0.0 0.0 67.0 0.0 0.0 0.0 0.0 0.0 0.0 0.0 0.0 0.0 0.0 240.0 0.0 0.0 
0.0 0.0 0.0 0.0 0.0 0.0 0.0 0.0 0.0 0.0 0.0 0.0 88.0 106.0 0.0 0.0 0.0 0.0 0.0 0.0 0.0 171.0 0.0 0.0 
0.0 0.0 0.0 0.0 114.0 0.0 0.0 0.0 0.0 0.0 0.0 0.0 0.0 0.0 0.0 0.0 0.0 100.0 3.0 0.0 0.0 0.0 0.0 106.0 
0.0 0.0 0.0 0.0 0.0 0.0 34.0 0.0 0.0 111.0 0.0 162.0 0.0 0.0 0.0 0.0 100.0 0.0 10.0 0.0 0.0 0.0 0.0 0.0 
0.0 0.0 0.0 0.0 0.0 0.0 0.0 0.0 0.0 0.0 0.0 0.0 0.0 0.0 0.0 0.0 3.0 10.0 0.0 0.0 0.0 0.0 0.0 19.0 
0.0 0.0 0.0 0.0 0.0 0.0 0.0 0.0 0.0 0.0 4.0 0.0 0.0 0.0 0.0 0.0 0.0 0.0 0.0 0.0 17.0 0.0 0.0 0.0 
0.0 186.0 0.0 0.0 0.0 2.0 0.0 0.0 0.0 0.0 178.0 421.0 0.0 0.0 0.0 0.0 0.0 0.0 0.0 17.0 0.0 246.0 0.0 0.0 
0.0 0.0 0.0 0.0 0.0 0.0 0.0 205.0 0.0 0.0 0.0 0.0 0.0 355.0 240.0 171.0 0.0 0.0 0.0 0.0 246.0 0.0 281.0 0.0 
3.0 0.0 267.0 117.0 0.0 0.0 0.0 0.0 142.0 0.0 0.0 0.0 0.0 0.0 0.0 0.0 0.0 0.0 0.0 0.0 0.0 281.0 0.0 270.0 
0.0 0.0 0.0 0.0 116.0 0.0 0.0 0.0 0.0 0.0 0.0 238.0 0.0 0.0 0.0 0.0 106.0 0.0 19.0 0.0 0.0 0.0 270.0 0.0 
