q
292.0 1.0 786.0 340.0 539.0 1.0 292.0 354.0 374.0 417.0 164.0 479.0 769.0 760.0 498.0 1465.0 37.0 346.0 199.0 1245.0 974.0 1279.0 1010.0 1405.0 
l
0.0 0.0 0.0 20.0 0.0 0.0 0.0 0.0 0.0 0.0 0.0 0.0 0.0 0.0 0.0 0.0 8.0 0.0 0.0 138.0 110.0 0.0 0.0 0.0 
0.0 0.0 0.0 0.0 0.0 0.0 0.0 0.0 0.0 0.0 0.0 0.0 0.0 0.0 0.0 0.0 0.0 0.0 0.0 0.0 0.0 0.0 0.0 1.0 
0.0 0.0 0.0 0.0 144.0 0.0 87.0 0.0 59.0 0.0 0.0 0.0 0.0 0.0 90.0 127.0 0.0 0.0 0.0 237.0 0.0 0.0 0.0 0.0 
20.0 0.0 0.0 0.0 0.0 0.0 0.0 0.0 0.0 0.0 0.0 0.0 0.0 0.0 52.0 0.0 0.0 0.0 0.0 136.0 120.0 0.0 0.0 0.0 
0.0 0.0 144.0 0.0 0.0 0.0 0.0 0.0 0.0 98.0 0.0 0.0 0.0 130.0 0.0 140.0 0.0 0.0 0.0 0.0 0.0 0.0 0.0 0.0 
0.0 0.0 0.0 0.0 0.0 0.0 0.0 0.0 0.0 0.0 0.0 0.0 0.0 0.0 0.0 0.0 0.0 0.0 0.0 0.0 1.0 0.0 0.0 0.0 
0.0 0.0 87.0 0.0 0.0 0.0 0.0 0.0 25.0 0.0 0.0 0.0 0.0 0.0 0.0 161.0 0.0 0.0 0.0 0.0 0.0 0.0 0.0 0.0 
0.0 0.0 0.0 0.0 0.0 0.0 0.0 0.0 0.0 0.0 0.0 61.0 82.0 0.0 0.0 0.0 0.0 0.0 19.0 0.0 0.0 0.0 167.0 0.0 
0.0 0.0 59.0 0.0 0.0 0.0 25.0 0.0 0.0 0.0 0.0 0.0 0.0 0.0 93.0 176.0 0.0 0.0 0.0 0.0 0.0 0.0 0.0 0.0 
0.0 0.0 0.0 0.0 98.0 0.0 0.0 0.0 0.0 0.0 0.0 0.0 0.0 127.0 0.0 0.0 0.0 0.0 0.0 0.0 0.0 0.0 0.0 166.0 
0.0 0.0 0.0 0.0 0.0 0.0 0.0 0.0 0.0 0.0 0.0 0.0 45.0 0.0 0.0 0.0 0.0 0.0 15.0 0.0 0.0 99.0 0.0 0.0 
0.0 0.0 0.0 0.0 0.0 0.0 0.0 61.0 0.0 0.0 0.0 0.0 129.0 0.0 0.0 0.0 0.0 25.0 0.0 0.0 0.0 0.0 0.0 233.0 
0.0 0.0 0.0 0.0 0.0 0.0 0.0 82.0 0.0 0.0 45.0 129.0 0.0 0.0 0.0 0.0 0.0 118.0 44.0 0.0 0.0 313.0 0.0 0.0 
0.0 0.0 0.0 0.0 130.0 0.0 0.0 0.0 0.0 127.0 0.0 0.0 0.0 0.0 0.0 0.0 0.0 0.0 0.0 241.0 0.0 0.0 219.0 0.0 
0.0 0.0 90.0 52.0 0.0 0.0 0.0 0.0 93.0 0.0 0.0 0.0 0.0 0.0 0.0 0.0 0.0 0.0 0.0 121.0 126.0 0.0 0.0 0.0 
0.0 0.0 127.0 0.0 140.0 0.0 161.0 0.0 176.0 0.0 0.0 0.0 0.0 0.0 0.0 0.0 0.0 0.0 0.0 0.0 293.0 0.0 0.0 485.0 
8.0 0.0 0.0 0.0 0.0 0.0 0.0 0.0 0.0 0.0 0.0 0.0 0.0 0.0 0.0 0.0 0.0 0.0 0.0 0.0 0.0 27.0 0.0 0.0 
0.0 0.0 0.0 0.0 0.0 0.0 0.0 0.0 0.0 0.0 0.0 25.0 118.0 0.0 0.0 0.0 0.0 0.0 0.0 0.0 0.0 0.0 0.0 188.0 
0.0 0.0 0.0 0.0 0.0 0.0 0.0 19.0 0.0 0.0 15.0 0.0 44.0 0.0 0.0 0.0 0.0 0.0 0.0 0.0 0.0 0.0 113.0 0.0 
138.0 0.0 237.0 136.0 0.0 0.0 0.0 0.0 0.0 0.0 0.0 0.0 0.0 241.0 121.0 0.0 0.0 0.0 0.0 0.0 0.0 301.0 0.0 0.0 
110.0 0.0 0.0 120.0 0.0 1.0 0.0 0.0 0.0 0.0 0.0 0.0 0.0 0.0 126.0 293.0 0.0 0.0 0.0 0.0 0.0 274.0 0.0 0.0 
0.0 0.0 0.0 0.0 0.0 0.0 0.0 0.0 0.0 0.0 99.0 0.0 313.0 0.0 0.0 0.0 27.0 0.0 0.0 301.0 274.0 0.0 198.0 0.0 
0.0 0.0 0.0 0.0 0.0 0.0 0.0 167.0 0.0 0.0 0.0 0.0 0.0 219.0 0.0 0.0 0.0 0.0 113.0 0.0 0.0 198.0 0.0 256.0 
0.0 1.0 0.0 0.0 0.0 0.0 0.0 0.0 0.0 166.0 0.0 233.0 0.0 0.0 0.0 485.0 0.0 188.0 0.0 0.0 0.0 0.0 256.0 0.0 
