q
330.0 664.0 364.0 106.0 348.0 507.0 326.0 275.0 7.0 83.0 633.0 1003.0 3.0 601.0 696.0 339.0 607.0 517.0 312.0 1357.0 1404.0 1029.0 1143.0 1316.0 
l
0.0 0.0 0.0 0.0 45.0 0.0 0.0 0.0 0.0 0.0 0.0 90.0 0.0 0.0 0.0 0.0 0.0 42.0 0.0 0.0 136.0 0.0 0.0 0.0 
0.0 0.0 124.0 21.0 95.0 0.0 0.0 0.0 4.0 0.0 0.0 207.0 0.0 0.0 0.0 0.0 0.0 0.0 0.0 0.0 0.0 173.0 0.0 0.0 
0.0 124.0 0.0 0.0 0.0 55.0 0.0 0.0 0.0 0.0 0.0 0.0 0.0 0.0 0.0 0.0 0.0 0.0 0.0 0.0 0.0 0.0 162.0 0.0 
0.0 21.0 0.0 0.0 13.0 0.0 0.0 0.0 0.0 0.0 0.0 0.0 0.0 0.0 0.0 0.0 0.0 0.0 0.0 0.0 0.0 66.0 0.0 0.0 
45.0 95.0 0.0 13.0 0.0 0.0 0.0 0.0 0.0 0.0 0.0 0.0 0.0 0.0 0.0 0.0 0.0 0.0 0.0 0.0 178.0 0.0 0.0 0.0 
0.0 0.0 55.0 0.0 0.0 0.0 0.0 0.0 0.0 0.0 0.0 225.0 2.0 0.0 0.0 0.0 0.0 0.0 0.0 0.0 0.0 0.0 193.0 0.0 
0.0 0.0 0.0 0.0 0.0 0.0 0.0 0.0 0.0 0.0 0.0 0.0 0.0 0.0 75.0 0.0 61.0 0.0 18.0 0.0 0.0 0.0 0.0 156.0 
0.0 0.0 0.0 0.0 0.0 0.0 0.0 0.0 0.0 6.0 0.0 0.0 0.0 0.0 0.0 21.0 0.0 78.0 0.0 153.0 0.0 0.0 0.0 0.0 
0.0 4.0 0.0 0.0 0.0 0.0 0.0 0.0 0.0 0.0 0.0 0.0 0.0 0.0 0.0 0.0 0.0 0.0 0.0 0.0 0.0 3.0 0.0 0.0 
0.0 0.0 0.0 0.0 0.0 0.0 0.0 6.0 0.0 0.0 0.0 0.0 0.0 0.0 0.0 6.0 0.0 0.0 0.0 67.0 0.0 0.0 0.0 0.0 
0.0 0.0 0.0 0.0 0.0 0.0 0.0 0.0 0.0 0.0 0.0 0.0 0.0 108.0 192.0 0.0 0.0 0.0 0.0 0.0 297.0 0.0 0.0 0.0 
90.0 207.0 0.0 0.0 0.0 225.0 0.0 0.0 0.0 0.0 0.0 0.0 0.0 0.0 0.0 98.0 0.0 123.0 0.0 206.0 0.0 0.0 0.0 0.0 
0.0 0.0 0.0 0.0 0.0 2.0 0.0 0.0 0.0 0.0 0.0 0.0 0.0 0.0 0.0 0.0 0.0 0.0 0.0 0.0 0.0 0.0 1.0 0.0 
0.0 0.0 0.0 0.0 0.0 0.0 0.0 0.0 0.0 0.0 108.0 0.0 0.0 0.0 108.0 0.0 122.0 0.0 0.0 0.0 0.0 233.0 0.0 0.0 
0.0 0.0 0.0 0.0 0.0 0.0 75.0 0.0 0.0 0.0 192.0 0.0 0.0 108.0 0.0 0.0 91.0 0.0 0.0 0.0 0.0 0.0 0.0 198.0 
0.0 0.0 0.0 0.0 0.0 0.0 0.0 21.0 0.0 6.0 0.0 98.0 0.0 0.0 0.0 0.0 0.0 66.0 0.0 133.0 0.0 0.0 0.0 0.0 
0.0 0.0 0.0 0.0 0.0 0.0 61.0 0.0 0.0 0.0 0.0 0.0 0.0 122.0 91.0 0.0 0.0 0.0 106.0 0.0 0.0 0.0 207.0 0.0 
42.0 0.0 0.0 0.0 0.0 0.0 0.0 78.0 0.0 0.0 0.0 123.0 0.0 0.0 0.0 66.0 0.0 0.0 0.0 0.0 186.0 0.0 0.0 0.0 
0.0 0.0 0.0 0.0 0.0 0.0 18.0 0.0 0.0 0.0 0.0 0.0 0.0 0.0 0.0 0.0 106.0 0.0 0.0 0.0 0.0 0.0 0.0 170.0 
0.0 0.0 0.0 0.0 0.0 0.0 0.0 153.0 0.0 67.0 0.0 206.0 0.0 0.0 0.0 133.0 0.0 0.0 0.0 0.0 285.0 0.0 0.0 447.0 
136.0 0.0 0.0 0.0 178.0 0.0 0.0 0.0 0.0 0.0 297.0 0.0 0.0 0.0 0.0 0.0 0.0 186.0 0.0 285.0 0.0 259.0 0.0 0.0 
0.0 173.0 0.0 66.0 0.0 0.0 0.0 0.0 3.0 0.0 0.0 0.0 0.0 233.0 0.0 0.0 0.0 0.0 0.0 0.0 259.0 0.0 248.0 0.0 
0.0 0.0 162.0 0.0 0.0 193.0 0.0 0.0 0.0 0.0 0.0 0.0 1.0 0.0 0.0 0.0 207.0 0.0 0.0 0.0 0.0 248.0 0.0 276.0 
0.0 0.0 0.0 0.0 0.0 0.0 156.0 0.0 0.0 0.0 0.0 0.0 0.0 0.0 198.0 0.0 0.0 0.0 170.0 447.0 0.0 0.0 276.0 0.0 
