q
472.0 368.0 155.0 398.0 432.0 848.0 853.0 334.0 687.0 216.0 784.0 337.0 34.0 441.0 330.0 3.0 587.0 1055.0 11.0 397.0 1268.0 1625.0 1337.0 1246.0 
l
0.0 0.0 0.0 0.0 0.0 104.0 79.0 0.0 0.0 0.0 0.0 0.0 0.0 84.0 43.0 0.0 0.0 0.0 0.0 0.0 139.0 0.0 0.0 0.0 
0.0 0.0 0.0 0.0 0.0 0.0 0.0 0.0 112.0 0.0 0.0 0.0 0.0 0.0 0.0 0.0 0.0 0.0 0.0 30.0 0.0 205.0 0.0 0.0 
0.0 0.0 0.0 0.0 0.0 0.0 0.0 0.0 0.0 20.0 35.0 0.0 0.0 0.0 0.0 0.0 0.0 0.0 0.0 0.0 0.0 0.0 0.0 93.0 
0.0 0.0 0.0 0.0 0.0 0.0 0.0 0.0 0.0 0.0 121.0 20.0 0.0 0.0 0.0 0.0 0.0 0.0 0.0 52.0 0.0 183.0 0.0 0.0 
0.0 0.0 0.0 0.0 0.0 0.0 142.0 47.0 0.0 0.0 0.0 0.0 0.0 0.0 0.0 0.0 35.0 0.0 0.0 0.0 0.0 0.0 180.0 0.0 
104.0 0.0 0.0 0.0 0.0 0.0 128.0 0.0 0.0 0.0 0.0 0.0 0.0 143.0 0.0 0.0 142.0 0.0 0.0 0.0 0.0 0.0 0.0 282.0 
79.0 0.0 0.0 0.0 142.0 128.0 0.0 0.0 0.0 0.0 0.0 0.0 0.0 0.0 97.0 0.0 132.0 0.0 0.0 0.0 230.0 0.0 0.0 0.0 
0.0 0.0 0.0 0.0 47.0 0.0 0.0 0.0 0.0 0.0 0.0 0.0 0.0 0.0 0.0 0.0 78.0 0.0 0.0 0.0 0.0 0.0 193.0 0.0 
0.0 112.0 0.0 0.0 0.0 0.0 0.0 0.0 0.0 42.0 133.0 0.0 7.0 0.0 0.0 0.0 0.0 245.0 0.0 110.0 0.0 0.0 0.0 0.0 
0.0 0.0 20.0 0.0 0.0 0.0 0.0 0.0 42.0 0.0 53.0 0.0 3.0 0.0 0.0 0.0 0.0 86.0 4.0 0.0 0.0 0.0 0.0 0.0 
0.0 0.0 35.0 121.0 0.0 0.0 0.0 0.0 133.0 53.0 0.0 121.0 0.0 0.0 0.0 0.0 0.0 0.0 0.0 0.0 0.0 0.0 0.0 266.0 
0.0 0.0 0.0 20.0 0.0 0.0 0.0 0.0 0.0 0.0 121.0 0.0 0.0 0.0 0.0 0.0 0.0 0.0 0.0 0.0 0.0 179.0 0.0 0.0 
0.0 0.0 0.0 0.0 0.0 0.0 0.0 0.0 7.0 3.0 0.0 0.0 0.0 0.0 0.0 0.0 0.0 22.0 0.0 0.0 0.0 0.0 0.0 0.0 
84.0 0.0 0.0 0.0 0.0 143.0 0.0 0.0 0.0 0.0 0.0 0.0 0.0 0.0 0.0 0.0 0.0 183.0 0.0 0.0 0.0 0.0 0.0 0.0 
43.0 0.0 0.0 0.0 0.0 0.0 97.0 0.0 0.0 0.0 0.0 0.0 0.0 0.0 0.0 1.0 0.0 0.0 0.0 0.0 174.0 0.0 0.0 0.0 
0.0 0.0 0.0 0.0 0.0 0.0 0.0 0.0 0.0 0.0 0.0 0.0 0.0 0.0 1.0 0.0 0.0 0.0 0.0 0.0 2.0 0.0 0.0 0.0 
0.0 0.0 0.0 0.0 35.0 142.0 132.0 78.0 0.0 0.0 0.0 0.0 0.0 0.0 0.0 0.0 0.0 0.0 0.0 0.0 0.0 0.0 178.0 0.0 
0.0 0.0 0.0 0.0 0.0 0.0 0.0 0.0 245.0 86.0 0.0 0.0 22.0 183.0 0.0 0.0 0.0 0.0 0.0 0.0 258.0 0.0 0.0 199.0 
0.0 0.0 0.0 0.0 0.0 0.0 0.0 0.0 0.0 4.0 0.0 0.0 0.0 0.0 0.0 0.0 0.0 0.0 0.0 0.0 0.0 0.0 0.0 7.0 
0.0 30.0 0.0 52.0 0.0 0.0 0.0 0.0 110.0 0.0 0.0 0.0 0.0 0.0 0.0 0.0 0.0 0.0 0.0 0.0 0.0 178.0 0.0 0.0 
139.0 0.0 0.0 0.0 0.0 0.0 230.0 0.0 0.0 0.0 0.0 0.0 0.0 0.0 174.0 2.0 0.0 258.0 0.0 0.0 0.0 389.0 0.0 0.0 
0.0 205.0 0.0 183.0 0.0 0.0 0.0 0.0 0.0 0.0 0.0 179.0 0.0 0.0 0.0 0.0 0.0 0.0 0.0 178.0 389.0 0.0 405.0 0.0 
0.0 0.0 0.0 0.0 180.0 0.0 0.0 193.0 0.0 0.0 0.0 0.0 0.0 0.0 0.0 0.0 178.0 0.0 0.0 0.0 0.0 405.0 0.0 313.0 
0.0 0.0 93.0 0.0 0.0 282.0 0.0 0.0 0.0 0.0 266.0 0.0 0.0 0.0 0.0 0.0 0.0 199.0 7.0 0.0 0.0 0.0 313.0 0.0 
