q
902.0 582.0 2.0 830.0 331.0 2.0 839.0 374.0 369.0 352.0 376.0 764.0 1155.0 158.0 322.0 752.0 260.0 523.0 206.0 341.0 1423.0 973.0 1397.0 575.0 
l
0.0 113.0 0.0 155.0 0.0 0.0 0.0 72.0 0.0 0.0 0.0 0.0 0.0 0.0 135.0 144.0 0.0 0.0 0.0 0.0 0.0 0.0 233.0 0.0 
113.0 0.0 0.0 161.0 0.0 0.0 0.0 0.0 0.0 0.0 0.0 0.0 188.0 35.0 57.0 0.0 0.0 0.0 0.0 0.0 0.0 0.0 0.0 0.0 
0.0 0.0 0.0 0.0 0.0 0.0 0.0 0.0 0.0 0.0 0.0 0.0 0.0 0.0 0.0 0.0 0.0 0.0 1.0 0.0 0.0 0.0 0.0 1.0 
155.0 161.0 0.0 0.0 0.0 0.0 0.0 0.0 0.0 0.0 0.0 122.0 0.0 0.0 0.0 110.0 0.0 0.0 0.0 102.0 149.0 0.0 0.0 0.0 
0.0 0.0 0.0 0.0 0.0 0.0 0.0 0.0 0.0 39.0 0.0 122.0 0.0 0.0 0.0 0.0 0.0 0.0 0.0 0.0 0.0 154.0 0.0 0.0 
0.0 0.0 0.0 0.0 0.0 0.0 0.0 0.0 0.0 1.0 0.0 0.0 0.0 0.0 0.0 0.0 0.0 0.0 0.0 0.0 0.0 1.0 0.0 0.0 
0.0 0.0 0.0 0.0 0.0 0.0 0.0 0.0 121.0 0.0 102.0 0.0 0.0 0.0 0.0 0.0 76.0 152.0 49.0 0.0 0.0 0.0 291.0 0.0 
72.0 0.0 0.0 0.0 0.0 0.0 0.0 0.0 0.0 0.0 0.0 0.0 0.0 0.0 0.0 132.0 0.0 0.0 0.0 0.0 0.0 0.0 153.0 0.0 
0.0 0.0 0.0 0.0 0.0 0.0 121.0 0.0 0.0 0.0 30.0 0.0 159.0 0.0 0.0 0.0 0.0 0.0 43.0 0.0 0.0 0.0 0.0 0.0 
0.0 0.0 0.0 0.0 39.0 1.0 0.0 0.0 0.0 0.0 0.0 85.0 0.0 0.0 0.0 95.0 0.0 0.0 0.0 0.0 0.0 118.0 0.0 0.0 
0.0 0.0 0.0 0.0 0.0 0.0 102.0 0.0 30.0 0.0 0.0 0.0 150.0 0.0 0.0 0.0 0.0 76.0 0.0 0.0 0.0 0.0 0.0 0.0 
0.0 0.0 0.0 122.0 122.0 0.0 0.0 0.0 0.0 85.0 0.0 0.0 0.0 0.0 0.0 118.0 0.0 0.0 0.0 73.0 215.0 0.0 0.0 0.0 
0.0 188.0 0.0 0.0 0.0 0.0 0.0 0.0 159.0 0.0 150.0 0.0 0.0 87.0 0.0 0.0 0.0 0.0 0.0 0.0 339.0 0.0 0.0 176.0 
0.0 35.0 0.0 0.0 0.0 0.0 0.0 0.0 0.0 0.0 0.0 0.0 87.0 0.0 29.0 0.0 0.0 0.0 0.0 0.0 0.0 0.0 0.0 0.0 
135.0 57.0 0.0 0.0 0.0 0.0 0.0 0.0 0.0 0.0 0.0 0.0 0.0 29.0 0.0 0.0 0.0 0.0 0.0 0.0 0.0 0.0 0.0 87.0 
144.0 0.0 0.0 110.0 0.0 0.0 0.0 132.0 0.0 95.0 0.0 118.0 0.0 0.0 0.0 0.0 0.0 0.0 0.0 0.0 0.0 112.0 0.0 0.0 
0.0 0.0 0.0 0.0 0.0 0.0 76.0 0.0 0.0 0.0 0.0 0.0 0.0 0.0 0.0 0.0 0.0 0.0 22.0 0.0 0.0 0.0 145.0 0.0 
0.0 0.0 0.0 0.0 0.0 0.0 152.0 0.0 0.0 0.0 76.0 0.0 0.0 0.0 0.0 0.0 0.0 0.0 0.0 0.0 262.0 0.0 0.0 0.0 
0.0 0.0 1.0 0.0 0.0 0.0 49.0 0.0 43.0 0.0 0.0 0.0 0.0 0.0 0.0 0.0 22.0 0.0 0.0 0.0 0.0 0.0 0.0 77.0 
0.0 0.0 0.0 102.0 0.0 0.0 0.0 0.0 0.0 0.0 0.0 73.0 0.0 0.0 0.0 0.0 0.0 0.0 0.0 0.0 152.0 0.0 0.0 0.0 
0.0 0.0 0.0 149.0 0.0 0.0 0.0 0.0 0.0 0.0 0.0 215.0 339.0 0.0 0.0 0.0 0.0 262.0 0.0 152.0 0.0 237.0 0.0 0.0 
0.0 0.0 0.0 0.0 154.0 1.0 0.0 0.0 0.0 118.0 0.0 0.0 0.0 0.0 0.0 112.0 0.0 0.0 0.0 0.0 237.0 0.0 305.0 0.0 
233.0 0.0 0.0 0.0 0.0 0.0 291.0 153.0 0.0 0.0 0.0 0.0 0.0 0.0 0.0 0.0 145.0 0.0 0.0 0.0 0.0 305.0 0.0 194.0 
0.0 0.0 1.0 0.0 0.0 0.0 0.0 0.0 0.0 0.0 0.0 0.0 176.0 0.0 87.0 0.0 0.0 0.0 77.0 0.0 0.0 0.0 194.0 0.0 
