q
473.0 218.0 7.0 763.0 144.0 331.0 464.0 736.0 371.0 1.0 1094.0 1.0 790.0 376.0 670.0 611.0 1116.0 306.0 352.0 376.0 1690.0 1347.0 1131.0 770.0 
l
0.0 0.0 0.0 146.0 0.0 39.0 0.0 0.0 0.0 0.0 160.0 0.0 0.0 0.0 0.0 0.0 106.0 0.0 0.0 0.0 0.0 0.0 0.0 0.0 
0.0 0.0 0.0 0.0 11.0 0.0 0.0 0.0 0.0 0.0 0.0 0.0 0.0 0.0 54.0 0.0 0.0 0.0 0.0 18.0 0.0 120.0 0.0 0.0 
0.0 0.0 0.0 0.0 0.0 1.0 0.0 0.0 0.0 0.0 5.0 0.0 0.0 0.0 0.0 0.0 0.0 1.0 0.0 0.0 0.0 0.0 0.0 0.0 
146.0 0.0 0.0 0.0 0.0 0.0 0.0 0.0 0.0 0.0 0.0 0.0 0.0 0.0 0.0 85.0 180.0 0.0 92.0 0.0 0.0 0.0 225.0 0.0 
0.0 11.0 0.0 0.0 0.0 0.0 0.0 0.0 0.0 0.0 0.0 0.0 0.0 0.0 47.0 0.0 0.0 0.0 0.0 0.0 0.0 0.0 81.0 0.0 
39.0 0.0 1.0 0.0 0.0 0.0 0.0 0.0 0.0 0.0 135.0 0.0 0.0 0.0 0.0 0.0 117.0 19.0 0.0 0.0 0.0 0.0 0.0 0.0 
0.0 0.0 0.0 0.0 0.0 0.0 0.0 84.0 32.0 0.0 0.0 0.0 101.0 40.0 0.0 0.0 0.0 0.0 0.0 0.0 188.0 0.0 0.0 0.0 
0.0 0.0 0.0 0.0 0.0 0.0 84.0 0.0 0.0 0.0 0.0 0.0 129.0 110.0 157.0 0.0 0.0 0.0 0.0 0.0 0.0 0.0 0.0 229.0 
0.0 0.0 0.0 0.0 0.0 0.0 32.0 0.0 0.0 0.0 0.0 0.0 144.0 0.0 0.0 0.0 0.0 0.0 0.0 0.0 180.0 0.0 0.0 0.0 
0.0 0.0 0.0 0.0 0.0 0.0 0.0 0.0 0.0 0.0 0.0 0.0 0.0 0.0 0.0 0.0 0.0 0.0 0.0 0.0 0.0 0.0 0.0 1.0 
160.0 0.0 5.0 0.0 0.0 135.0 0.0 0.0 0.0 0.0 0.0 0.0 0.0 0.0 0.0 0.0 0.0 130.0 0.0 0.0 316.0 0.0 0.0 293.0 
0.0 0.0 0.0 0.0 0.0 0.0 0.0 0.0 0.0 0.0 0.0 0.0 0.0 0.0 0.0 0.0 0.0 0.0 0.0 0.0 0.0 0.0 0.0 1.0 
0.0 0.0 0.0 0.0 0.0 0.0 101.0 129.0 144.0 0.0 0.0 0.0 0.0 0.0 113.0 0.0 0.0 0.0 0.0 95.0 0.0 177.0 0.0 0.0 
0.0 0.0 0.0 0.0 0.0 0.0 40.0 110.0 0.0 0.0 0.0 0.0 0.0 0.0 0.0 0.0 0.0 0.0 0.0 0.0 206.0 0.0 0.0 0.0 
0.0 54.0 0.0 0.0 47.0 0.0 0.0 157.0 0.0 0.0 0.0 0.0 113.0 0.0 0.0 0.0 0.0 0.0 0.0 67.0 0.0 0.0 202.0 0.0 
0.0 0.0 0.0 85.0 0.0 0.0 0.0 0.0 0.0 0.0 0.0 0.0 0.0 0.0 0.0 0.0 166.0 0.0 94.0 0.0 0.0 234.0 0.0 0.0 
106.0 0.0 0.0 180.0 0.0 117.0 0.0 0.0 0.0 0.0 0.0 0.0 0.0 0.0 0.0 166.0 0.0 138.0 0.0 0.0 358.0 0.0 0.0 0.0 
0.0 0.0 1.0 0.0 0.0 19.0 0.0 0.0 0.0 0.0 130.0 0.0 0.0 0.0 0.0 0.0 138.0 0.0 0.0 0.0 0.0 0.0 0.0 0.0 
0.0 0.0 0.0 92.0 0.0 0.0 0.0 0.0 0.0 0.0 0.0 0.0 0.0 0.0 0.0 94.0 0.0 0.0 0.0 0.0 0.0 0.0 144.0 0.0 
0.0 18.0 0.0 0.0 0.0 0.0 0.0 0.0 0.0 0.0 0.0 0.0 95.0 0.0 67.0 0.0 0.0 0.0 0.0 0.0 0.0 177.0 0.0 0.0 
0.0 0.0 0.0 0.0 0.0 0.0 188.0 0.0 180.0 0.0 316.0 0.0 0.0 206.0 0.0 0.0 358.0 0.0 0.0 0.0 0.0 361.0 0.0 0.0 
0.0 120.0 0.0 0.0 0.0 0.0 0.0 0.0 0.0 0.0 0.0 0.0 177.0 0.0 0.0 234.0 0.0 0.0 0.0 177.0 361.0 0.0 211.0 0.0 
0.0 0.0 0.0 225.0 81.0 0.0 0.0 0.0 0.0 0.0 0.0 0.0 0.0 0.0 202.0 0.0 0.0 0.0 144.0 0.0 0.0 211.0 0.0 219.0 
0.0 0.0 0.0 0.0 0.0 0.0 0.0 229.0 0.0 1.0 293.0 1.0 0.0 0.0 0.0 0.0 0.0 0.0 0.0 0.0 0.0 0.0 219.0 0.0 
