q
601.0 355.0 199.0 407.0 407.0 513.0 456.0 875.0 450.0 120.0 992.0 464.0 676.0 17.0 531.0 923.0 371.0 96.0 440.0 86.0 1271.0 1333.0 1096.0 1619.0 
l
0.0 0.0 0.0 0.0 0.0 0.0 0.0 0.0 97.0 0.0 150.0 0.0 0.0 5.0 0.0 170.0 124.0 27.0 0.0 0.0 0.0 0.0 0.0 0.0 
0.0 0.0 0.0 0.0 0.0 89.0 0.0 0.0 0.0 0.0 0.0 0.0 0.0 0.0 56.0 0.0 0.0 0.0 0.0 0.0 0.0 0.0 0.0 194.0 
0.0 0.0 0.0 0.0 0.0 0.0 16.0 62.0 0.0 0.0 0.0 0.0 0.0 0.0 0.0 0.0 0.0 0.0 0.0 0.0 0.0 110.0 0.0 0.0 
0.0 0.0 0.0 0.0 28.0 0.0 0.0 101.0 0.0 0.0 0.0 95.0 0.0 0.0 0.0 0.0 0.0 0.0 0.0 0.0 0.0 0.0 160.0 0.0 
0.0 0.0 0.0 28.0 0.0 0.0 67.0 117.0 0.0 14.0 0.0 0.0 0.0 0.0 0.0 0.0 0.0 0.0 0.0 0.0 0.0 0.0 161.0 0.0 
0.0 89.0 0.0 0.0 0.0 0.0 0.0 0.0 0.0 0.0 0.0 0.0 74.0 0.0 97.0 0.0 0.0 0.0 0.0 0.0 0.0 228.0 0.0 0.0 
0.0 0.0 16.0 0.0 67.0 0.0 0.0 106.0 0.0 28.0 0.0 0.0 0.0 0.0 0.0 0.0 0.0 0.0 0.0 0.0 0.0 212.0 0.0 0.0 
0.0 0.0 62.0 101.0 117.0 0.0 106.0 0.0 0.0 0.0 0.0 130.0 0.0 0.0 0.0 0.0 0.0 0.0 0.0 0.0 310.0 0.0 0.0 0.0 
97.0 0.0 0.0 0.0 0.0 0.0 0.0 0.0 0.0 0.0 0.0 0.0 0.0 0.0 0.0 105.0 0.0 0.0 40.0 21.0 167.0 0.0 0.0 0.0 
0.0 0.0 0.0 0.0 14.0 0.0 28.0 0.0 0.0 0.0 0.0 0.0 0.0 0.0 0.0 0.0 0.0 0.0 0.0 0.0 0.0 0.0 73.0 0.0 
150.0 0.0 0.0 0.0 0.0 0.0 0.0 0.0 0.0 0.0 0.0 210.0 0.0 10.0 0.0 0.0 0.0 44.0 0.0 0.0 242.0 0.0 0.0 280.0 
0.0 0.0 0.0 95.0 0.0 0.0 0.0 130.0 0.0 0.0 210.0 0.0 0.0 0.0 0.0 0.0 0.0 0.0 0.0 0.0 0.0 0.0 0.0 0.0 
0.0 0.0 0.0 0.0 0.0 74.0 0.0 0.0 0.0 0.0 0.0 0.0 0.0 0.0 88.0 159.0 0.0 0.0 96.0 0.0 0.0 226.0 0.0 0.0 
5.0 0.0 0.0 0.0 0.0 0.0 0.0 0.0 0.0 0.0 10.0 0.0 0.0 0.0 0.0 0.0 0.0 2.0 0.0 0.0 0.0 0.0 0.0 0.0 
0.0 56.0 0.0 0.0 0.0 97.0 0.0 0.0 0.0 0.0 0.0 0.0 88.0 0.0 0.0 96.0 0.0 0.0 0.0 0.0 0.0 0.0 0.0 171.0 
170.0 0.0 0.0 0.0 0.0 0.0 0.0 0.0 105.0 0.0 0.0 0.0 159.0 0.0 96.0 0.0 0.0 0.0 111.0 0.0 0.0 0.0 0.0 242.0 
124.0 0.0 0.0 0.0 0.0 0.0 0.0 0.0 0.0 0.0 0.0 0.0 0.0 0.0 0.0 0.0 0.0 0.0 0.0 0.0 0.0 0.0 0.0 228.0 
27.0 0.0 0.0 0.0 0.0 0.0 0.0 0.0 0.0 0.0 44.0 0.0 0.0 2.0 0.0 0.0 0.0 0.0 0.0 19.0 0.0 0.0 0.0 0.0 
0.0 0.0 0.0 0.0 0.0 0.0 0.0 0.0 40.0 0.0 0.0 0.0 96.0 0.0 0.0 111.0 0.0 0.0 0.0 0.0 168.0 0.0 0.0 0.0 
0.0 0.0 0.0 0.0 0.0 0.0 0.0 0.0 21.0 0.0 0.0 0.0 0.0 0.0 0.0 0.0 0.0 19.0 0.0 0.0 42.0 0.0 0.0 0.0 
0.0 0.0 0.0 0.0 0.0 0.0 0.0 310.0 167.0 0.0 242.0 0.0 0.0 0.0 0.0 0.0 0.0 0.0 168.0 42.0 0.0 258.0 0.0 0.0 
0.0 0.0 110.0 0.0 0.0 228.0 212.0 0.0 0.0 0.0 0.0 0.0 226.0 0.0 0.0 0.0 0.0 0.0 0.0 0.0 258.0 0.0 227.0 0.0 
0.0 0.0 0.0 160.0 161.0 0.0 0.0 0.0 0.0 73.0 0.0 0.0 0.0 0.0 0.0 0.0 0.0 0.0 0.0 0.0 0.0 227.0 0.0 420.0 
0.0 194.0 0.0 0.0 0.0 0.0 0.0 0.0 0.0 0.0 280.0 0.0 0.0 0.0 171.0 242.0 228.0 0.0 0.0 0.0 0.0 0.0 420.0 0.0 
