q
340.0 728.0 67.0 289.0 2.0 452.0 557.0 171.0 653.0 604.0 883.0 1544.0 398.0 338.0 581.0 667.0 11.0 465.0 376.0 792.0 1367.0 769.0 1176.0 1142.0 
l
0.0 0.0 0.0 0.0 1.0 0.0 0.0 27.0 0.0 0.0 0.0 0.0 0.0 0.0 73.0 96.0 0.0 0.0 0.0 0.0 0.0 126.0 0.0 0.0 
0.0 0.0 0.0 0.0 0.0 0.0 0.0 0.0 0.0 120.0 129.0 275.0 109.0 0.0 0.0 0.0 0.0 51.0 0.0 0.0 0.0 0.0 0.0 0.0 
0.0 0.0 0.0 11.0 0.0 0.0 0.0 0.0 0.0 13.0 0.0 0.0 0.0 0.0 0.0 0.0 4.0 0.0 0.0 0.0 0.0 0.0 34.0 0.0 
0.0 0.0 11.0 0.0 0.0 0.0 0.0 0.0 0.0 77.0 0.0 0.0 33.0 0.0 0.0 0.0 1.0 0.0 0.0 0.0 0.0 0.0 0.0 152.0 
1.0 0.0 0.0 0.0 0.0 0.0 0.0 0.0 0.0 0.0 0.0 0.0 0.0 0.0 0.0 0.0 0.0 0.0 0.0 0.0 0.0 1.0 0.0 0.0 
0.0 0.0 0.0 0.0 0.0 0.0 0.0 0.0 70.0 0.0 0.0 207.0 0.0 0.0 0.0 0.0 0.0 0.0 36.0 114.0 0.0 0.0 0.0 0.0 
0.0 0.0 0.0 0.0 0.0 0.0 0.0 0.0 0.0 0.0 134.0 0.0 0.0 68.0 0.0 0.0 0.0 82.0 0.0 0.0 233.0 0.0 0.0 0.0 
27.0 0.0 0.0 0.0 0.0 0.0 0.0 0.0 0.0 0.0 0.0 0.0 0.0 0.0 0.0 34.0 0.0 0.0 0.0 0.0 98.0 0.0 0.0 0.0 
0.0 0.0 0.0 0.0 0.0 70.0 0.0 0.0 0.0 0.0 0.0 0.0 0.0 0.0 0.0 101.0 0.0 0.0 119.0 125.0 203.0 0.0 0.0 0.0 
0.0 120.0 13.0 77.0 0.0 0.0 0.0 0.0 0.0 0.0 110.0 0.0 80.0 0.0 0.0 0.0 0.0 0.0 0.0 0.0 0.0 0.0 172.0 0.0 
0.0 129.0 0.0 0.0 0.0 0.0 134.0 0.0 0.0 110.0 0.0 0.0 0.0 124.0 0.0 0.0 0.0 119.0 0.0 0.0 0.0 0.0 230.0 0.0 
0.0 275.0 0.0 0.0 0.0 207.0 0.0 0.0 0.0 0.0 0.0 0.0 0.0 0.0 0.0 0.0 0.0 185.0 194.0 0.0 332.0 0.0 0.0 277.0 
0.0 109.0 0.0 33.0 0.0 0.0 0.0 0.0 0.0 80.0 0.0 0.0 0.0 0.0 0.0 0.0 0.0 0.0 0.0 0.0 0.0 0.0 0.0 159.0 
0.0 0.0 0.0 0.0 0.0 0.0 68.0 0.0 0.0 0.0 124.0 0.0 0.0 0.0 0.0 0.0 0.0 0.0 0.0 0.0 0.0 133.0 0.0 0.0 
73.0 0.0 0.0 0.0 0.0 0.0 0.0 0.0 0.0 0.0 0.0 0.0 0.0 0.0 0.0 120.0 0.0 0.0 0.0 135.0 0.0 0.0 223.0 0.0 
96.0 0.0 0.0 0.0 0.0 0.0 0.0 34.0 101.0 0.0 0.0 0.0 0.0 0.0 120.0 0.0 0.0 0.0 0.0 119.0 175.0 0.0 0.0 0.0 
0.0 0.0 4.0 1.0 0.0 0.0 0.0 0.0 0.0 0.0 0.0 0.0 0.0 0.0 0.0 0.0 0.0 0.0 0.0 0.0 0.0 0.0 0.0 6.0 
0.0 51.0 0.0 0.0 0.0 0.0 82.0 0.0 0.0 0.0 119.0 185.0 0.0 0.0 0.0 0.0 0.0 0.0 0.0 0.0 0.0 0.0 0.0 0.0 
0.0 0.0 0.0 0.0 0.0 36.0 0.0 0.0 119.0 0.0 0.0 194.0 0.0 0.0 0.0 0.0 0.0 0.0 0.0 0.0 0.0 0.0 0.0 0.0 
0.0 0.0 0.0 0.0 0.0 114.0 0.0 0.0 125.0 0.0 0.0 0.0 0.0 0.0 135.0 119.0 0.0 0.0 0.0 0.0 0.0 0.0 0.0 269.0 
0.0 0.0 0.0 0.0 0.0 0.0 233.0 98.0 203.0 0.0 0.0 332.0 0.0 0.0 0.0 175.0 0.0 0.0 0.0 0.0 0.0 249.0 0.0 0.0 
126.0 0.0 0.0 0.0 1.0 0.0 0.0 0.0 0.0 0.0 0.0 0.0 0.0 133.0 0.0 0.0 0.0 0.0 0.0 0.0 249.0 0.0 221.0 0.0 
0.0 0.0 34.0 0.0 0.0 0.0 0.0 0.0 0.0 172.0 230.0 0.0 0.0 0.0 223.0 0.0 0.0 0.0 0.0 0.0 0.0 221.0 0.0 237.0 
0.0 0.0 0.0 152.0 0.0 0.0 0.0 0.0 0.0 0.0 0.0 277.0 159.0 0.0 0.0 0.0 6.0 0.0 0.0 269.0 0.0 0.0 237.0 0.0 
