q
435.0 342.0 903.0 605.0 320.0 101.0 39.0 606.0 5.0 825.0 540.0 252.0 1170.0 68.0 371.0 505.0 732.0 231.0 321.0 766.0 1307.0 1482.0 1080.0 1242.0 
l
0.0 50.0 0.0 0.0 0.0 0.0 0.0 0.0 0.0 142.0 0.0 0.0 0.0 0.0 0.0 0.0 0.0 0.0 0.0 51.0 0.0 165.0 0.0 0.0 
50.0 0.0 0.0 0.0 0.0 0.0 0.0 0.0 0.0 0.0 0.0 0.0 0.0 0.0 0.0 0.0 0.0 0.0 0.0 91.0 0.0 180.0 0.0 0.0 
0.0 0.0 0.0 0.0 117.0 0.0 0.0 0.0 0.0 0.0 0.0 0.0 0.0 34.0 0.0 102.0 0.0 101.0 0.0 0.0 256.0 0.0 0.0 252.0 
0.0 0.0 0.0 0.0 0.0 25.0 0.0 122.0 1.0 0.0 0.0 54.0 0.0 0.0 0.0 0.0 137.0 0.0 0.0 0.0 0.0 0.0 0.0 240.0 
0.0 0.0 117.0 0.0 0.0 0.0 0.0 0.0 0.0 0.0 0.0 0.0 127.0 0.0 0.0 46.0 0.0 15.0 0.0 0.0 0.0 0.0 0.0 0.0 
0.0 0.0 0.0 25.0 0.0 0.0 0.0 0.0 1.0 0.0 0.0 15.0 0.0 0.0 0.0 0.0 0.0 0.0 0.0 0.0 0.0 0.0 0.0 58.0 
0.0 0.0 0.0 0.0 0.0 0.0 0.0 0.0 0.0 0.0 0.0 0.0 0.0 6.0 7.0 0.0 0.0 0.0 0.0 0.0 26.0 0.0 0.0 0.0 
0.0 0.0 0.0 122.0 0.0 0.0 0.0 0.0 0.0 0.0 86.0 43.0 0.0 0.0 0.0 0.0 128.0 0.0 70.0 0.0 0.0 0.0 126.0 0.0 
0.0 0.0 0.0 1.0 0.0 1.0 0.0 0.0 0.0 0.0 0.0 0.0 0.0 0.0 0.0 0.0 0.0 0.0 0.0 0.0 0.0 0.0 0.0 2.0 
142.0 0.0 0.0 0.0 0.0 0.0 0.0 0.0 0.0 0.0 0.0 0.0 157.0 0.0 96.0 114.0 0.0 0.0 0.0 100.0 183.0 0.0 0.0 0.0 
0.0 0.0 0.0 0.0 0.0 0.0 0.0 86.0 0.0 0.0 0.0 0.0 0.0 0.0 0.0 0.0 96.0 0.0 81.0 0.0 0.0 245.0 0.0 0.0 
0.0 0.0 0.0 54.0 0.0 15.0 0.0 43.0 0.0 0.0 0.0 0.0 0.0 0.0 0.0 0.0 0.0 0.0 0.0 0.0 0.0 0.0 123.0 0.0 
0.0 0.0 0.0 0.0 127.0 0.0 0.0 0.0 0.0 157.0 0.0 0.0 0.0 0.0 0.0 130.0 0.0 103.0 0.0 267.0 0.0 0.0 0.0 339.0 
0.0 0.0 34.0 0.0 0.0 0.0 6.0 0.0 0.0 0.0 0.0 0.0 0.0 0.0 12.0 13.0 0.0 0.0 0.0 0.0 0.0 0.0 0.0 0.0 
0.0 0.0 0.0 0.0 0.0 0.0 7.0 0.0 0.0 96.0 0.0 0.0 0.0 12.0 0.0 80.0 0.0 0.0 0.0 0.0 169.0 0.0 0.0 0.0 
0.0 0.0 102.0 0.0 46.0 0.0 0.0 0.0 0.0 114.0 0.0 0.0 130.0 13.0 80.0 0.0 0.0 0.0 0.0 0.0 0.0 0.0 0.0 0.0 
0.0 0.0 0.0 137.0 0.0 0.0 0.0 128.0 0.0 0.0 96.0 0.0 0.0 0.0 0.0 0.0 0.0 0.0 0.0 0.0 327.0 0.0 0.0 0.0 
0.0 0.0 101.0 0.0 15.0 0.0 0.0 0.0 0.0 0.0 0.0 0.0 103.0 0.0 0.0 0.0 0.0 0.0 0.0 0.0 0.0 0.0 0.0 0.0 
0.0 0.0 0.0 0.0 0.0 0.0 0.0 70.0 0.0 0.0 81.0 0.0 0.0 0.0 0.0 0.0 0.0 0.0 0.0 0.0 0.0 0.0 161.0 0.0 
51.0 91.0 0.0 0.0 0.0 0.0 0.0 0.0 0.0 100.0 0.0 0.0 267.0 0.0 0.0 0.0 0.0 0.0 0.0 0.0 0.0 216.0 0.0 0.0 
0.0 0.0 256.0 0.0 0.0 0.0 26.0 0.0 0.0 183.0 0.0 0.0 0.0 0.0 169.0 0.0 327.0 0.0 0.0 0.0 0.0 272.0 0.0 0.0 
165.0 180.0 0.0 0.0 0.0 0.0 0.0 0.0 0.0 0.0 245.0 0.0 0.0 0.0 0.0 0.0 0.0 0.0 0.0 216.0 272.0 0.0 325.0 0.0 
0.0 0.0 0.0 0.0 0.0 0.0 0.0 126.0 0.0 0.0 0.0 123.0 0.0 0.0 0.0 0.0 0.0 0.0 161.0 0.0 0.0 325.0 0.0 293.0 
0.0 0.0 252.0 240.0 0.0 58.0 0.0 0.0 2.0 0.0 0.0 0.0 339.0 0.0 0.0 0.0 0.0 0.0 0.0 0.0 0.0 0.0 293.0 0.0 
