q
1155.0 308.0 482.0 457.0 179.0 333.0 415.0 7.0 671.0 340.0 1126.0 665.0 704.0 280.0 532.0 6.0 426.0 8.0 422.0 487.0 1243.0 1835.0 1172.0 1083.0 
l
0.0 0.0 0.0 0.0 0.0 0.0 164.0 4.0 0.0 0.0 0.0 0.0 211.0 0.0 189.0 0.0 0.0 0.0 0.0 0.0 212.0 0.0 0.0 315.0 
0.0 0.0 0.0 0.0 0.0 0.0 0.0 0.0 68.0 0.0 0.0 0.0 0.0 0.0 0.0 0.0 0.0 0.0 0.0 62.0 0.0 168.0 0.0 0.0 
0.0 0.0 0.0 0.0 0.0 0.0 0.0 0.0 0.0 0.0 133.0 73.0 127.0 0.0 0.0 0.0 0.0 0.0 0.0 0.0 0.0 0.0 0.0 122.0 
0.0 0.0 0.0 0.0 17.0 0.0 0.0 0.0 0.0 39.0 140.0 0.0 79.0 0.0 0.0 0.0 0.0 0.0 0.0 0.0 167.0 0.0 0.0 0.0 
0.0 0.0 0.0 17.0 0.0 0.0 0.0 0.0 0.0 0.0 72.0 0.0 0.0 0.0 0.0 0.0 0.0 0.0 0.0 0.0 81.0 0.0 0.0 0.0 
0.0 0.0 0.0 0.0 0.0 0.0 0.0 0.0 0.0 0.0 0.0 0.0 0.0 0.0 69.0 0.0 74.0 0.0 0.0 0.0 0.0 0.0 0.0 160.0 
164.0 0.0 0.0 0.0 0.0 0.0 0.0 2.0 83.0 0.0 0.0 0.0 0.0 0.0 49.0 0.0 0.0 0.0 0.0 90.0 0.0 0.0 0.0 0.0 
4.0 0.0 0.0 0.0 0.0 0.0 2.0 0.0 0.0 0.0 0.0 0.0 0.0 0.0 0.0 0.0 0.0 0.0 0.0 0.0 0.0 0.0 0.0 0.0 
0.0 68.0 0.0 0.0 0.0 0.0 83.0 0.0 0.0 0.0 0.0 0.0 0.0 0.0 113.0 0.0 58.0 0.0 0.0 100.0 0.0 222.0 0.0 0.0 
0.0 0.0 0.0 39.0 0.0 0.0 0.0 0.0 0.0 0.0 0.0 0.0 106.0 0.0 0.0 0.0 0.0 0.0 0.0 0.0 179.0 0.0 0.0 0.0 
0.0 0.0 133.0 140.0 72.0 0.0 0.0 0.0 0.0 0.0 0.0 201.0 148.0 0.0 0.0 0.0 0.0 0.0 0.0 0.0 0.0 362.0 0.0 0.0 
0.0 0.0 73.0 0.0 0.0 0.0 0.0 0.0 0.0 0.0 201.0 0.0 0.0 0.0 0.0 0.0 0.0 5.0 176.0 0.0 0.0 0.0 0.0 164.0 
211.0 0.0 127.0 79.0 0.0 0.0 0.0 0.0 0.0 106.0 148.0 0.0 0.0 0.0 0.0 0.0 0.0 0.0 0.0 0.0 0.0 0.0 0.0 0.0 
0.0 0.0 0.0 0.0 0.0 0.0 0.0 0.0 0.0 0.0 0.0 0.0 0.0 0.0 0.0 1.0 0.0 0.0 53.0 0.0 0.0 0.0 208.0 0.0 
189.0 0.0 0.0 0.0 0.0 69.0 49.0 0.0 113.0 0.0 0.0 0.0 0.0 0.0 0.0 0.0 79.0 0.0 0.0 0.0 0.0 0.0 0.0 0.0 
0.0 0.0 0.0 0.0 0.0 0.0 0.0 0.0 0.0 0.0 0.0 0.0 0.0 1.0 0.0 0.0 0.0 1.0 0.0 0.0 0.0 0.0 4.0 0.0 
0.0 0.0 0.0 0.0 0.0 74.0 0.0 0.0 58.0 0.0 0.0 0.0 0.0 0.0 79.0 0.0 0.0 0.0 0.0 0.0 0.0 192.0 0.0 0.0 
0.0 0.0 0.0 0.0 0.0 0.0 0.0 0.0 0.0 0.0 0.0 5.0 0.0 0.0 0.0 1.0 0.0 0.0 0.0 0.0 0.0 0.0 2.0 0.0 
0.0 0.0 0.0 0.0 0.0 0.0 0.0 0.0 0.0 0.0 0.0 176.0 0.0 53.0 0.0 0.0 0.0 0.0 0.0 0.0 0.0 0.0 167.0 0.0 
0.0 62.0 0.0 0.0 0.0 0.0 90.0 0.0 100.0 0.0 0.0 0.0 0.0 0.0 0.0 0.0 0.0 0.0 0.0 0.0 208.0 0.0 0.0 0.0 
212.0 0.0 0.0 167.0 81.0 0.0 0.0 0.0 0.0 179.0 0.0 0.0 0.0 0.0 0.0 0.0 0.0 0.0 0.0 208.0 0.0 343.0 0.0 0.0 
0.0 168.0 0.0 0.0 0.0 0.0 0.0 0.0 222.0 0.0 362.0 0.0 0.0 0.0 0.0 0.0 192.0 0.0 0.0 0.0 343.0 0.0 462.0 0.0 
0.0 0.0 0.0 0.0 0.0 0.0 0.0 0.0 0.0 0.0 0.0 0.0 0.0 208.0 0.0 4.0 0.0 2.0 167.0 0.0 0.0 462.0 0.0 265.0 
315.0 0.0 122.0 0.0 0.0 160.0 0.0 0.0 0.0 0.0 0.0 164.0 0.0 0.0 0.0 0.0 0.0 0.0 0.0 0.0 0.0 0.0 265.0 0.0 
