q
367.0 1184.0 1337.0 1349.0 339.0 1124.0 527.0 307.0 12.0 286.0 2.0 563.0 65.0 421.0 687.0 550.0 1560.0 564.0 660.0 353.0 1460.0 328.0 0.0 723.0 
l
0.0 0.0 0.0 0.0 42.0 145.0 0.0 0.0 0.0 0.0 0.0 0.0 10.0 74.0 0.0 0.0 0.0 80.0 0.0 0.0 0.0 0.0 0.0 0.0 
0.0 0.0 0.0 129.0 0.0 0.0 0.0 0.0 0.0 0.0 0.0 174.0 0.0 0.0 232.0 0.0 340.0 0.0 0.0 106.0 149.0 0.0 0.0 0.0 
0.0 0.0 0.0 238.0 0.0 0.0 232.0 193.0 0.0 0.0 0.0 109.0 0.0 0.0 117.0 0.0 0.0 0.0 0.0 0.0 383.0 0.0 0.0 0.0 
0.0 129.0 238.0 0.0 0.0 0.0 0.0 0.0 0.0 0.0 0.0 0.0 0.0 0.0 0.0 0.0 349.0 0.0 236.0 0.0 0.0 0.0 0.0 330.0 
42.0 0.0 0.0 0.0 0.0 176.0 0.0 0.0 0.0 0.0 0.0 0.0 8.0 0.0 0.0 89.0 0.0 0.0 0.0 0.0 0.0 0.0 0.0 0.0 
145.0 0.0 0.0 0.0 176.0 0.0 0.0 0.0 0.0 0.0 0.0 0.0 0.0 0.0 0.0 124.0 0.0 88.0 142.0 0.0 395.0 0.0 0.0 0.0 
0.0 0.0 232.0 0.0 0.0 0.0 0.0 0.0 0.0 101.0 0.0 0.0 0.0 0.0 100.0 0.0 0.0 0.0 0.0 0.0 0.0 0.0 0.0 58.0 
0.0 0.0 193.0 0.0 0.0 0.0 0.0 0.0 2.0 0.0 1.0 97.0 0.0 0.0 0.0 0.0 0.0 0.0 0.0 0.0 0.0 0.0 0.0 0.0 
0.0 0.0 0.0 0.0 0.0 0.0 0.0 2.0 0.0 0.0 0.0 0.0 0.0 0.0 10.0 0.0 0.0 0.0 0.0 0.0 0.0 0.0 0.0 0.0 
0.0 0.0 0.0 0.0 0.0 0.0 101.0 0.0 0.0 0.0 0.0 0.0 0.0 0.0 0.0 0.0 0.0 0.0 0.0 0.0 0.0 0.0 0.0 168.0 
0.0 0.0 0.0 0.0 0.0 0.0 0.0 1.0 0.0 0.0 0.0 1.0 0.0 0.0 0.0 0.0 0.0 0.0 0.0 0.0 0.0 0.0 0.0 0.0 
0.0 174.0 109.0 0.0 0.0 0.0 0.0 97.0 0.0 0.0 1.0 0.0 0.0 0.0 79.0 0.0 0.0 0.0 0.0 74.0 0.0 0.0 0.0 0.0 
10.0 0.0 0.0 0.0 8.0 0.0 0.0 0.0 0.0 0.0 0.0 0.0 0.0 20.0 0.0 24.0 0.0 0.0 0.0 0.0 0.0 0.0 0.0 0.0 
74.0 0.0 0.0 0.0 0.0 0.0 0.0 0.0 0.0 0.0 0.0 0.0 20.0 0.0 0.0 39.0 213.0 54.0 0.0 0.0 0.0 0.0 0.0 0.0 
0.0 232.0 117.0 0.0 0.0 0.0 100.0 0.0 10.0 0.0 0.0 79.0 0.0 0.0 0.0 0.0 0.0 0.0 0.0 0.0 0.0 0.0 0.0 122.0 
0.0 0.0 0.0 0.0 89.0 124.0 0.0 0.0 0.0 0.0 0.0 0.0 24.0 39.0 0.0 0.0 242.0 0.0 0.0 0.0 0.0 0.0 0.0 0.0 
0.0 340.0 0.0 349.0 0.0 0.0 0.0 0.0 0.0 0.0 0.0 0.0 0.0 213.0 0.0 242.0 0.0 208.0 0.0 0.0 0.0 127.0 0.0 0.0 
80.0 0.0 0.0 0.0 0.0 88.0 0.0 0.0 0.0 0.0 0.0 0.0 0.0 54.0 0.0 0.0 208.0 0.0 116.0 0.0 0.0 0.0 0.0 0.0 
0.0 0.0 0.0 236.0 0.0 142.0 0.0 0.0 0.0 0.0 0.0 0.0 0.0 0.0 0.0 0.0 0.0 116.0 0.0 0.0 130.0 0.0 0.0 0.0 
0.0 106.0 0.0 0.0 0.0 0.0 0.0 0.0 0.0 0.0 0.0 74.0 0.0 0.0 0.0 0.0 0.0 0.0 0.0 0.0 152.0 0.0 0.0 0.0 
0.0 149.0 383.0 0.0 0.0 395.0 0.0 0.0 0.0 0.0 0.0 0.0 0.0 0.0 0.0 0.0 0.0 0.0 130.0 152.0 0.0 173.0 0.0 0.0 
0.0 0.0 0.0 0.0 0.0 0.0 0.0 0.0 0.0 0.0 0.0 0.0 0.0 0.0 0.0 0.0 127.0 0.0 0.0 0.0 173.0 0.0 0.0 0.0 
0.0 0.0 0.0 0.0 0.0 0.0 0.0 0.0 0.0 0.0 0.0 0.0 0.0 0.0 0.0 0.0 0.0 0.0 0.0 0.0 0.0 0.0 0.0 0.0 
0.0 0.0 0.0 330.0 0.0 0.0 58.0 0.0 0.0 168.0 0.0 0.0 0.0 0.0 122.0 0.0 0.0 0.0 0.0 0.0 0.0 0.0 0.0 0.0 
