q
1453.0 1.0 382.0 370.0 358.0 548.0 595.0 795.0 542.0 1.0 645.0 1.0 472.0 511.0 800.0 376.0 448.0 484.0 932.0 12.0 1255.0 990.0 1514.0 1067.0 
l
0.0 0.0 197.0 0.0 177.0 0.0 216.0 0.0 0.0 0.0 0.0 0.0 0.0 0.0 281.0 0.0 0.0 0.0 0.0 0.0 275.0 0.0 0.0 225.0 
0.0 0.0 0.0 0.0 0.0 0.0 0.0 0.0 0.0 0.0 0.0 0.0 0.0 0.0 0.0 0.0 0.0 0.0 0.0 0.0 0.0 1.0 0.0 0.0 
197.0 0.0 0.0 0.0 0.0 0.0 53.0 0.0 0.0 0.0 108.0 0.0 0.0 0.0 0.0 0.0 0.0 0.0 0.0 0.0 0.0 0.0 0.0 0.0 
0.0 0.0 0.0 0.0 0.0 0.0 0.0 0.0 68.0 0.0 0.0 0.0 77.0 0.0 0.0 0.0 0.0 0.0 0.0 0.0 0.0 0.0 212.0 0.0 
177.0 0.0 0.0 0.0 0.0 0.0 0.0 0.0 0.0 0.0 0.0 0.0 0.0 0.0 73.0 0.0 0.0 94.0 0.0 0.0 0.0 0.0 0.0 0.0 
0.0 0.0 0.0 0.0 0.0 0.0 0.0 0.0 72.0 0.0 0.0 0.0 0.0 0.0 118.0 0.0 0.0 61.0 109.0 0.0 0.0 0.0 157.0 0.0 
216.0 0.0 53.0 0.0 0.0 0.0 0.0 109.0 0.0 0.0 98.0 0.0 0.0 0.0 0.0 89.0 0.0 0.0 0.0 0.0 0.0 0.0 0.0 0.0 
0.0 0.0 0.0 0.0 0.0 0.0 109.0 0.0 0.0 0.0 111.0 0.0 0.0 146.0 0.0 87.0 93.0 0.0 0.0 0.0 0.0 0.0 0.0 207.0 
0.0 0.0 0.0 68.0 0.0 72.0 0.0 0.0 0.0 0.0 0.0 0.0 62.0 0.0 0.0 0.0 0.0 0.0 166.0 0.0 0.0 0.0 150.0 0.0 
0.0 0.0 0.0 0.0 0.0 0.0 0.0 0.0 0.0 0.0 0.0 0.0 0.0 0.0 0.0 0.0 0.0 0.0 0.0 0.0 0.0 0.0 0.0 1.0 
0.0 0.0 108.0 0.0 0.0 0.0 98.0 111.0 0.0 0.0 0.0 0.0 0.0 0.0 0.0 0.0 71.0 0.0 0.0 0.0 220.0 0.0 0.0 0.0 
0.0 0.0 0.0 0.0 0.0 0.0 0.0 0.0 0.0 0.0 0.0 0.0 0.0 0.0 0.0 0.0 0.0 0.0 0.0 0.0 0.0 1.0 0.0 0.0 
0.0 0.0 0.0 77.0 0.0 0.0 0.0 0.0 62.0 0.0 0.0 0.0 0.0 0.0 0.0 0.0 0.0 0.0 143.0 0.0 0.0 165.0 0.0 0.0 
0.0 0.0 0.0 0.0 0.0 0.0 0.0 146.0 0.0 0.0 0.0 0.0 0.0 0.0 0.0 0.0 81.0 0.0 0.0 0.0 0.0 252.0 0.0 0.0 
281.0 0.0 0.0 0.0 73.0 118.0 0.0 0.0 0.0 0.0 0.0 0.0 0.0 0.0 0.0 0.0 0.0 95.0 186.0 5.0 0.0 0.0 0.0 0.0 
0.0 0.0 0.0 0.0 0.0 0.0 89.0 87.0 0.0 0.0 0.0 0.0 0.0 0.0 0.0 0.0 0.0 0.0 0.0 0.0 0.0 0.0 0.0 176.0 
0.0 0.0 0.0 0.0 0.0 0.0 0.0 93.0 0.0 0.0 71.0 0.0 0.0 81.0 0.0 0.0 0.0 0.0 0.0 0.0 185.0 0.0 0.0 0.0 
0.0 0.0 0.0 0.0 94.0 61.0 0.0 0.0 0.0 0.0 0.0 0.0 0.0 0.0 95.0 0.0 0.0 0.0 0.0 0.0 0.0 0.0 211.0 0.0 
0.0 0.0 0.0 0.0 0.0 109.0 0.0 0.0 166.0 0.0 0.0 0.0 143.0 0.0 186.0 0.0 0.0 0.0 0.0 0.0 283.0 0.0 0.0 0.0 
0.0 0.0 0.0 0.0 0.0 0.0 0.0 0.0 0.0 0.0 0.0 0.0 0.0 0.0 5.0 0.0 0.0 0.0 0.0 0.0 6.0 0.0 0.0 0.0 
275.0 0.0 0.0 0.0 0.0 0.0 0.0 0.0 0.0 0.0 220.0 0.0 0.0 0.0 0.0 0.0 185.0 0.0 283.0 6.0 0.0 227.0 0.0 0.0 
0.0 1.0 0.0 0.0 0.0 0.0 0.0 0.0 0.0 0.0 0.0 1.0 165.0 252.0 0.0 0.0 0.0 0.0 0.0 0.0 227.0 0.0 298.0 0.0 
0.0 0.0 0.0 212.0 0.0 157.0 0.0 0.0 150.0 0.0 0.0 0.0 0.0 0.0 0.0 0.0 0.0 211.0 0.0 0.0 0.0 298.0 0.0 405.0 
225.0 0.0 0.0 0.0 0.0 0.0 0.0 207.0 0.0 1.0 0.0 0.0 0.0 0.0 0.0 176.0 0.0 0.0 0.0 0.0 0.0 0.0 405.0 0.0 
