q
370.0 997.0 570.0 497.0 473.0 149.0 415.0 652.0 701.0 812.0 419.0 102.0 741.0 1301.0 4.0 271.0 210.0 612.0 321.0 265.0 1322.0 1244.0 1151.0 1241.0 
l
0.0 0.0 0.0 0.0 0.0 11.0 0.0 77.0 0.0 0.0 0.0 0.0 77.0 0.0 0.0 0.0 0.0 0.0 0.0 0.0 0.0 178.0 0.0 0.0 
0.0 0.0 0.0 135.0 108.0 0.0 0.0 0.0 166.0 204.0 0.0 0.0 0.0 180.0 0.0 0.0 0.0 156.0 0.0 0.0 0.0 0.0 0.0 0.0 
0.0 0.0 0.0 0.0 0.0 0.0 0.0 0.0 0.0 179.0 0.0 0.0 0.0 0.0 0.0 0.0 0.0 166.0 0.0 0.0 0.0 201.0 0.0 0.0 
0.0 135.0 0.0 0.0 0.0 0.0 75.0 0.0 0.0 98.0 0.0 0.0 0.0 137.0 0.0 0.0 27.0 0.0 0.0 0.0 0.0 0.0 0.0 0.0 
0.0 108.0 0.0 0.0 0.0 0.0 0.0 0.0 88.0 0.0 94.0 0.0 0.0 158.0 0.0 0.0 0.0 0.0 0.0 0.0 0.0 0.0 0.0 0.0 
11.0 0.0 0.0 0.0 0.0 0.0 0.0 0.0 0.0 0.0 0.0 0.0 41.0 0.0 0.0 12.0 0.0 0.0 0.0 0.0 0.0 77.0 0.0 0.0 
0.0 0.0 0.0 75.0 0.0 0.0 0.0 0.0 0.0 76.0 0.0 14.0 0.0 0.0 0.0 0.0 48.0 0.0 0.0 0.0 178.0 0.0 0.0 0.0 
77.0 0.0 0.0 0.0 0.0 0.0 0.0 0.0 0.0 0.0 0.0 0.0 150.0 0.0 0.0 0.0 0.0 0.0 0.0 105.0 281.0 0.0 0.0 0.0 
0.0 166.0 0.0 0.0 88.0 0.0 0.0 0.0 0.0 0.0 116.0 0.0 0.0 0.0 0.0 0.0 0.0 91.0 0.0 0.0 0.0 0.0 202.0 0.0 
0.0 204.0 179.0 98.0 0.0 0.0 76.0 0.0 0.0 0.0 0.0 40.0 0.0 0.0 0.0 0.0 0.0 0.0 0.0 0.0 178.0 0.0 0.0 0.0 
0.0 0.0 0.0 0.0 94.0 0.0 0.0 0.0 116.0 0.0 0.0 0.0 0.0 0.0 0.0 0.0 0.0 0.0 0.0 0.0 0.0 0.0 0.0 185.0 
0.0 0.0 0.0 0.0 0.0 0.0 14.0 0.0 0.0 40.0 0.0 0.0 0.0 0.0 0.0 0.0 0.0 0.0 0.0 0.0 44.0 0.0 0.0 0.0 
77.0 0.0 0.0 0.0 0.0 41.0 0.0 150.0 0.0 0.0 0.0 0.0 0.0 0.0 0.0 82.0 0.0 0.0 91.0 0.0 0.0 0.0 0.0 266.0 
0.0 180.0 0.0 137.0 158.0 0.0 0.0 0.0 0.0 0.0 0.0 0.0 0.0 0.0 0.0 0.0 122.0 0.0 0.0 0.0 291.0 0.0 0.0 355.0 
0.0 0.0 0.0 0.0 0.0 0.0 0.0 0.0 0.0 0.0 0.0 0.0 0.0 0.0 0.0 2.0 0.0 0.0 0.0 0.0 0.0 0.0 2.0 0.0 
0.0 0.0 0.0 0.0 0.0 12.0 0.0 0.0 0.0 0.0 0.0 0.0 82.0 0.0 2.0 0.0 0.0 0.0 42.0 0.0 0.0 121.0 0.0 0.0 
0.0 0.0 0.0 27.0 0.0 0.0 48.0 0.0 0.0 0.0 0.0 0.0 0.0 122.0 0.0 0.0 0.0 0.0 0.0 0.0 0.0 0.0 0.0 0.0 
0.0 156.0 166.0 0.0 0.0 0.0 0.0 0.0 91.0 0.0 0.0 0.0 0.0 0.0 0.0 0.0 0.0 0.0 0.0 0.0 0.0 0.0 175.0 0.0 
0.0 0.0 0.0 0.0 0.0 0.0 0.0 0.0 0.0 0.0 0.0 0.0 91.0 0.0 0.0 42.0 0.0 0.0 0.0 0.0 0.0 0.0 169.0 0.0 
0.0 0.0 0.0 0.0 0.0 0.0 0.0 105.0 0.0 0.0 0.0 0.0 0.0 0.0 0.0 0.0 0.0 0.0 0.0 0.0 0.0 0.0 0.0 147.0 
0.0 0.0 0.0 0.0 0.0 0.0 178.0 281.0 0.0 178.0 0.0 44.0 0.0 291.0 0.0 0.0 0.0 0.0 0.0 0.0 0.0 291.0 0.0 0.0 
178.0 0.0 201.0 0.0 0.0 77.0 0.0 0.0 0.0 0.0 0.0 0.0 0.0 0.0 0.0 121.0 0.0 0.0 0.0 0.0 291.0 0.0 324.0 0.0 
0.0 0.0 0.0 0.0 0.0 0.0 0.0 0.0 202.0 0.0 0.0 0.0 0.0 0.0 2.0 0.0 0.0 175.0 169.0 0.0 0.0 324.0 0.0 226.0 
0.0 0.0 0.0 0.0 0.0 0.0 0.0 0.0 0.0 0.0 185.0 0.0 266.0 355.0 0.0 0.0 0.0 0.0 0.0 147.0 0.0 0.0 226.0 0.0 
