q
1173.0 575.0 4.0 12.0 464.0 78.0 14.0 1415.0 303.0 347.0 377.0 348.0 601.0 1312.0 391.0 462.0 9.0 779.0 1293.0 723.0 1172.0 775.0 369.0 722.0 720.0 
l
0.0 0.0 0.0 0.0 175.0 0.0 0.0 0.0 0.0 0.0 111.0 0.0 178.0 0.0 0.0 0.0 0.0 168.0 169.0 0.0 332.0 0.0 0.0 0.0 0.0 
0.0 0.0 0.0 0.0 0.0 0.0 14.0 0.0 0.0 0.0 0.0 0.0 0.0 205.0 0.0 0.0 0.0 120.0 0.0 0.0 211.0 0.0 0.0 0.0 0.0 
0.0 0.0 0.0 0.0 0.0 0.0 0.0 0.0 0.0 0.0 0.0 0.0 0.0 0.0 0.0 0.0 0.0 0.0 0.0 0.0 0.0 3.0 0.0 0.0 1.0 
0.0 0.0 0.0 0.0 0.0 0.0 0.0 0.0 0.0 0.0 0.0 3.0 0.0 0.0 0.0 0.0 2.0 0.0 0.0 0.0 0.0 0.0 0.0 7.0 0.0 
175.0 0.0 0.0 0.0 0.0 0.0 0.0 0.0 62.0 0.0 50.0 0.0 0.0 0.0 0.0 0.0 0.0 79.0 0.0 78.0 0.0 0.0 0.0 0.0 0.0 
0.0 0.0 0.0 0.0 0.0 0.0 0.0 0.0 0.0 0.0 0.0 0.0 38.0 0.0 0.0 0.0 0.0 0.0 0.0 0.0 0.0 30.0 0.0 0.0 0.0 
0.0 14.0 0.0 0.0 0.0 0.0 0.0 0.0 0.0 0.0 0.0 0.0 0.0 0.0 0.0 0.0 0.0 0.0 0.0 0.0 0.0 0.0 0.0 0.0 0.0 
0.0 0.0 0.0 0.0 0.0 0.0 0.0 0.0 0.0 0.0 0.0 191.0 0.0 0.0 162.0 161.0 0.0 0.0 374.0 0.0 0.0 270.0 0.0 0.0 185.0 
0.0 0.0 0.0 0.0 62.0 0.0 0.0 0.0 0.0 0.0 0.0 0.0 0.0 0.0 0.0 0.0 0.0 112.0 0.0 116.0 0.0 0.0 0.0 0.0 0.0 
0.0 0.0 0.0 0.0 0.0 0.0 0.0 0.0 0.0 0.0 0.0 0.0 0.0 0.0 0.0 0.0 0.0 0.0 0.0 0.0 135.0 99.0 0.0 0.0 90.0 
111.0 0.0 0.0 0.0 50.0 0.0 0.0 0.0 0.0 0.0 0.0 0.0 0.0 0.0 0.0 0.0 0.0 0.0 145.0 61.0 0.0 0.0 0.0 0.0 0.0 
0.0 0.0 0.0 3.0 0.0 0.0 0.0 191.0 0.0 0.0 0.0 0.0 0.0 0.0 27.0 0.0 2.0 0.0 0.0 0.0 0.0 0.0 0.0 105.0 0.0 
178.0 0.0 0.0 0.0 0.0 38.0 0.0 0.0 0.0 0.0 0.0 0.0 0.0 0.0 0.0 0.0 0.0 0.0 165.0 0.0 0.0 182.0 0.0 0.0 0.0 
0.0 205.0 0.0 0.0 0.0 0.0 0.0 0.0 0.0 0.0 0.0 0.0 0.0 0.0 0.0 210.0 0.0 190.0 200.0 168.0 0.0 0.0 0.0 280.0 0.0 
0.0 0.0 0.0 0.0 0.0 0.0 0.0 162.0 0.0 0.0 0.0 27.0 0.0 0.0 0.0 76.0 1.0 0.0 0.0 0.0 0.0 0.0 0.0 105.0 0.0 
0.0 0.0 0.0 0.0 0.0 0.0 0.0 161.0 0.0 0.0 0.0 0.0 0.0 210.0 76.0 0.0 0.0 0.0 0.0 0.0 0.0 0.0 0.0 0.0 0.0 
0.0 0.0 0.0 2.0 0.0 0.0 0.0 0.0 0.0 0.0 0.0 2.0 0.0 0.0 1.0 0.0 0.0 0.0 0.0 0.0 0.0 0.0 0.0 3.0 0.0 
168.0 120.0 0.0 0.0 79.0 0.0 0.0 0.0 112.0 0.0 0.0 0.0 0.0 190.0 0.0 0.0 0.0 0.0 0.0 70.0 0.0 0.0 0.0 0.0 0.0 
169.0 0.0 0.0 0.0 0.0 0.0 0.0 374.0 0.0 0.0 145.0 0.0 165.0 200.0 0.0 0.0 0.0 0.0 0.0 188.0 0.0 0.0 0.0 0.0 0.0 
0.0 0.0 0.0 0.0 78.0 0.0 0.0 0.0 116.0 0.0 61.0 0.0 0.0 168.0 0.0 0.0 0.0 70.0 188.0 0.0 0.0 0.0 0.0 0.0 0.0 
332.0 211.0 0.0 0.0 0.0 0.0 0.0 0.0 0.0 135.0 0.0 0.0 0.0 0.0 0.0 0.0 0.0 0.0 0.0 0.0 0.0 0.0 210.0 0.0 232.0 
0.0 0.0 3.0 0.0 0.0 30.0 0.0 270.0 0.0 99.0 0.0 0.0 182.0 0.0 0.0 0.0 0.0 0.0 0.0 0.0 0.0 0.0 139.0 0.0 0.0 
0.0 0.0 0.0 0.0 0.0 0.0 0.0 0.0 0.0 0.0 0.0 0.0 0.0 0.0 0.0 0.0 0.0 0.0 0.0 0.0 210.0 139.0 0.0 0.0 0.0 
0.0 0.0 0.0 7.0 0.0 0.0 0.0 0.0 0.0 0.0 0.0 105.0 0.0 280.0 105.0 0.0 3.0 0.0 0.0 0.0 0.0 0.0 0.0 0.0 174.0 
0.0 0.0 1.0 0.0 0.0 0.0 0.0 185.0 0.0 90.0 0.0 0.0 0.0 0.0 0.0 0.0 0.0 0.0 0.0 0.0 232.0 0.0 0.0 174.0 0.0 
