q
68.0 1415.0 146.0 917.0 1122.0 344.0 484.0 527.0 434.0 431.0 509.0 604.0 429.0 799.0 654.0 336.0 13.0 455.0 440.0 58.0 1594.0 1030.0 1095.0 1344.0 
l
0.0 0.0 0.0 0.0 0.0 11.0 0.0 0.0 0.0 0.0 0.0 0.0 10.0 0.0 0.0 0.0 0.0 0.0 0.0 0.0 0.0 0.0 0.0 42.0 
0.0 0.0 96.0 0.0 0.0 185.0 0.0 0.0 0.0 217.0 0.0 169.0 0.0 0.0 0.0 0.0 0.0 0.0 0.0 0.0 440.0 0.0 0.0 215.0 
0.0 96.0 0.0 0.0 0.0 0.0 25.0 0.0 0.0 12.0 0.0 0.0 0.0 0.0 0.0 0.0 0.0 0.0 0.0 0.0 0.0 0.0 0.0 0.0 
0.0 0.0 0.0 0.0 0.0 0.0 0.0 0.0 116.0 0.0 0.0 0.0 0.0 185.0 0.0 64.0 0.0 129.0 124.0 0.0 249.0 0.0 0.0 0.0 
0.0 0.0 0.0 0.0 0.0 0.0 0.0 0.0 0.0 0.0 133.0 169.0 127.0 206.0 205.0 0.0 0.0 0.0 0.0 0.0 0.0 0.0 0.0 237.0 
11.0 185.0 0.0 0.0 0.0 0.0 0.0 0.0 0.0 0.0 0.0 73.0 57.0 0.0 0.0 0.0 0.0 0.0 0.0 0.0 0.0 0.0 0.0 0.0 
0.0 0.0 25.0 0.0 0.0 0.0 0.0 119.0 0.0 57.0 0.0 0.0 0.0 0.0 0.0 0.0 0.0 0.0 0.0 0.0 0.0 0.0 0.0 261.0 
0.0 0.0 0.0 0.0 0.0 0.0 119.0 0.0 0.0 115.0 0.0 0.0 0.0 0.0 0.0 0.0 0.0 0.0 0.0 0.0 0.0 261.0 0.0 0.0 
0.0 0.0 0.0 116.0 0.0 0.0 0.0 0.0 0.0 0.0 0.0 0.0 0.0 0.0 0.0 0.0 0.0 81.0 39.0 0.0 0.0 0.0 175.0 0.0 
0.0 217.0 12.0 0.0 0.0 0.0 57.0 115.0 0.0 0.0 0.0 0.0 0.0 0.0 0.0 0.0 0.0 0.0 0.0 0.0 0.0 0.0 0.0 0.0 
0.0 0.0 0.0 0.0 133.0 0.0 0.0 0.0 0.0 0.0 0.0 105.0 0.0 67.0 0.0 0.0 0.0 0.0 0.0 0.0 187.0 0.0 0.0 0.0 
0.0 169.0 0.0 0.0 169.0 73.0 0.0 0.0 0.0 0.0 105.0 0.0 62.0 0.0 0.0 0.0 0.0 0.0 0.0 0.0 0.0 0.0 0.0 0.0 
10.0 0.0 0.0 0.0 127.0 57.0 0.0 0.0 0.0 0.0 0.0 62.0 0.0 0.0 0.0 0.0 0.0 0.0 0.0 0.0 0.0 0.0 0.0 155.0 
0.0 0.0 0.0 185.0 206.0 0.0 0.0 0.0 0.0 0.0 67.0 0.0 0.0 0.0 136.0 0.0 0.0 0.0 0.0 0.0 160.0 0.0 0.0 0.0 
0.0 0.0 0.0 0.0 205.0 0.0 0.0 0.0 0.0 0.0 0.0 0.0 0.0 136.0 0.0 0.0 0.0 0.0 129.0 0.0 0.0 0.0 155.0 0.0 
0.0 0.0 0.0 64.0 0.0 0.0 0.0 0.0 0.0 0.0 0.0 0.0 0.0 0.0 0.0 0.0 1.0 52.0 0.0 13.0 186.0 0.0 0.0 0.0 
0.0 0.0 0.0 0.0 0.0 0.0 0.0 0.0 0.0 0.0 0.0 0.0 0.0 0.0 0.0 1.0 0.0 0.0 0.0 1.0 0.0 9.0 0.0 0.0 
0.0 0.0 0.0 129.0 0.0 0.0 0.0 0.0 81.0 0.0 0.0 0.0 0.0 0.0 0.0 52.0 0.0 0.0 0.0 9.0 0.0 160.0 0.0 0.0 
0.0 0.0 0.0 124.0 0.0 0.0 0.0 0.0 39.0 0.0 0.0 0.0 0.0 0.0 129.0 0.0 0.0 0.0 0.0 0.0 0.0 0.0 126.0 0.0 
0.0 0.0 0.0 0.0 0.0 0.0 0.0 0.0 0.0 0.0 0.0 0.0 0.0 0.0 0.0 13.0 1.0 9.0 0.0 0.0 0.0 30.0 0.0 0.0 
0.0 440.0 0.0 249.0 0.0 0.0 0.0 0.0 0.0 0.0 187.0 0.0 0.0 160.0 0.0 186.0 0.0 0.0 0.0 0.0 0.0 283.0 0.0 0.0 
0.0 0.0 0.0 0.0 0.0 0.0 0.0 261.0 0.0 0.0 0.0 0.0 0.0 0.0 0.0 0.0 9.0 160.0 0.0 30.0 283.0 0.0 225.0 0.0 
0.0 0.0 0.0 0.0 0.0 0.0 0.0 0.0 175.0 0.0 0.0 0.0 0.0 0.0 155.0 0.0 0.0 0.0 126.0 0.0 0.0 225.0 0.0 360.0 
42.0 215.0 0.0 0.0 237.0 0.0 261.0 0.0 0.0 0.0 0.0 0.0 155.0 0.0 0.0 0.0 0.0 0.0 0.0 0.0 0.0 0.0 360.0 0.0 
