q
463.0 23.0 496.0 336.0 592.0 172.0 340.0 327.0 408.0 816.0 3.0 1883.0 539.0 364.0 5.0 485.0 400.0 952.0 644.0 812.0 1731.0 1269.0 849.0 1453.0 
l
0.0 0.0 77.0 0.0 0.0 0.0 0.0 0.0 0.0 0.0 0.0 0.0 0.0 0.0 2.0 0.0 0.0 0.0 0.0 118.0 240.0 0.0 0.0 0.0 
0.0 0.0 0.0 0.0 0.0 0.0 0.0 0.0 0.0 0.0 0.0 0.0 0.0 1.0 0.0 0.0 0.0 0.0 10.0 0.0 0.0 0.0 12.0 0.0 
77.0 0.0 0.0 0.0 57.0 0.0 0.0 0.0 0.0 0.0 0.0 0.0 0.0 0.0 1.0 0.0 0.0 0.0 0.0 136.0 0.0 204.0 0.0 0.0 
0.0 0.0 0.0 0.0 0.0 0.0 0.0 0.0 37.0 0.0 0.0 223.0 65.0 0.0 0.0 0.0 0.0 0.0 0.0 0.0 0.0 0.0 0.0 0.0 
0.0 0.0 57.0 0.0 0.0 0.0 0.0 0.0 0.0 0.0 0.0 0.0 145.0 0.0 0.0 0.0 0.0 0.0 0.0 102.0 0.0 259.0 0.0 0.0 
0.0 0.0 0.0 0.0 0.0 0.0 0.0 0.0 0.0 0.0 0.0 0.0 0.0 0.0 0.0 48.0 0.0 0.0 0.0 0.0 108.0 0.0 0.0 0.0 
0.0 0.0 0.0 0.0 0.0 0.0 0.0 0.0 0.0 125.0 2.0 0.0 0.0 0.0 0.0 0.0 26.0 0.0 0.0 0.0 0.0 0.0 0.0 171.0 
0.0 0.0 0.0 0.0 0.0 0.0 0.0 0.0 0.0 0.0 0.0 0.0 0.0 25.0 0.0 66.0 0.0 102.0 0.0 0.0 0.0 0.0 120.0 0.0 
0.0 0.0 0.0 37.0 0.0 0.0 0.0 0.0 0.0 0.0 0.0 208.0 41.0 0.0 0.0 0.0 0.0 0.0 0.0 104.0 0.0 0.0 0.0 0.0 
0.0 0.0 0.0 0.0 0.0 0.0 125.0 0.0 0.0 0.0 0.0 0.0 0.0 0.0 0.0 0.0 119.0 137.0 83.0 0.0 316.0 0.0 0.0 0.0 
0.0 0.0 0.0 0.0 0.0 0.0 2.0 0.0 0.0 0.0 0.0 0.0 0.0 0.0 0.0 0.0 0.0 0.0 0.0 0.0 0.0 0.0 0.0 1.0 
0.0 0.0 0.0 223.0 0.0 0.0 0.0 0.0 208.0 0.0 0.0 0.0 191.0 0.0 0.0 0.0 0.0 0.0 0.0 241.0 413.0 0.0 0.0 525.0 
0.0 0.0 0.0 65.0 145.0 0.0 0.0 0.0 41.0 0.0 0.0 191.0 0.0 0.0 0.0 0.0 0.0 0.0 0.0 76.0 0.0 0.0 0.0 0.0 
0.0 1.0 0.0 0.0 0.0 0.0 0.0 25.0 0.0 0.0 0.0 0.0 0.0 0.0 0.0 0.0 0.0 100.0 101.0 0.0 0.0 0.0 113.0 0.0 
2.0 0.0 1.0 0.0 0.0 0.0 0.0 0.0 0.0 0.0 0.0 0.0 0.0 0.0 0.0 0.0 0.0 0.0 0.0 0.0 0.0 2.0 0.0 0.0 
0.0 0.0 0.0 0.0 0.0 48.0 0.0 66.0 0.0 0.0 0.0 0.0 0.0 0.0 0.0 0.0 0.0 153.0 0.0 0.0 0.0 195.0 0.0 0.0 
0.0 0.0 0.0 0.0 0.0 0.0 26.0 0.0 0.0 119.0 0.0 0.0 0.0 0.0 0.0 0.0 0.0 0.0 64.0 0.0 0.0 0.0 0.0 174.0 
0.0 0.0 0.0 0.0 0.0 0.0 0.0 102.0 0.0 137.0 0.0 0.0 0.0 100.0 0.0 153.0 0.0 0.0 133.0 0.0 279.0 0.0 0.0 0.0 
0.0 10.0 0.0 0.0 0.0 0.0 0.0 0.0 0.0 83.0 0.0 0.0 0.0 101.0 0.0 0.0 64.0 133.0 0.0 0.0 0.0 0.0 0.0 218.0 
118.0 0.0 136.0 0.0 102.0 0.0 0.0 0.0 104.0 0.0 0.0 241.0 76.0 0.0 0.0 0.0 0.0 0.0 0.0 0.0 0.0 0.0 0.0 0.0 
240.0 0.0 0.0 0.0 0.0 108.0 0.0 0.0 0.0 316.0 0.0 413.0 0.0 0.0 0.0 0.0 0.0 279.0 0.0 0.0 0.0 274.0 0.0 0.0 
0.0 0.0 204.0 0.0 259.0 0.0 0.0 0.0 0.0 0.0 0.0 0.0 0.0 0.0 2.0 195.0 0.0 0.0 0.0 0.0 274.0 0.0 277.0 0.0 
0.0 12.0 0.0 0.0 0.0 0.0 0.0 120.0 0.0 0.0 0.0 0.0 0.0 113.0 0.0 0.0 0.0 0.0 0.0 0.0 0.0 277.0 0.0 288.0 
0.0 0.0 0.0 0.0 0.0 0.0 171.0 0.0 0.0 0.0 1.0 525.0 0.0 0.0 0.0 0.0 174.0 0.0 218.0 0.0 0.0 0.0 288.0 0.0 
