q
613.0 321.0 690.0 402.0 761.0 505.0 96.0 472.0 1348.0 705.0 2.0 673.0 330.0 1089.0 506.0 522.0 706.0 270.0 25.0 25.0 1345.0 1268.0 1261.0 1043.0 
l
0.0 0.0 171.0 49.0 0.0 0.0 0.0 0.0 0.0 0.0 0.0 97.0 0.0 0.0 0.0 0.0 0.0 0.0 0.0 0.0 0.0 0.0 265.0 0.0 
0.0 0.0 0.0 0.0 0.0 55.0 0.0 0.0 0.0 0.0 2.0 0.0 0.0 0.0 0.0 68.0 0.0 0.0 0.0 5.0 0.0 170.0 0.0 0.0 
171.0 0.0 0.0 0.0 0.0 0.0 0.0 0.0 312.0 0.0 0.0 85.0 85.0 0.0 0.0 0.0 0.0 0.0 6.0 0.0 0.0 0.0 0.0 0.0 
49.0 0.0 0.0 0.0 0.0 0.0 0.0 0.0 0.0 0.0 0.0 134.0 0.0 0.0 0.0 0.0 0.0 0.0 0.0 0.0 0.0 0.0 196.0 0.0 
0.0 0.0 0.0 0.0 0.0 0.0 31.0 99.0 184.0 101.0 0.0 0.0 0.0 191.0 116.0 0.0 0.0 0.0 0.0 0.0 0.0 0.0 0.0 0.0 
0.0 55.0 0.0 0.0 0.0 0.0 0.0 0.0 0.0 0.0 0.0 0.0 0.0 133.0 0.0 74.0 84.0 0.0 0.0 0.0 0.0 138.0 0.0 0.0 
0.0 0.0 0.0 0.0 31.0 0.0 0.0 6.0 52.0 0.0 0.0 0.0 0.0 0.0 0.0 0.0 0.0 0.0 0.0 0.0 0.0 0.0 0.0 0.0 
0.0 0.0 0.0 0.0 99.0 0.0 6.0 0.0 171.0 103.0 0.0 0.0 0.0 0.0 0.0 0.0 0.0 67.0 0.0 0.0 0.0 0.0 0.0 0.0 
0.0 0.0 312.0 0.0 184.0 0.0 52.0 171.0 0.0 0.0 0.0 0.0 0.0 0.0 0.0 0.0 0.0 0.0 0.0 0.0 286.0 0.0 0.0 274.0 
0.0 0.0 0.0 0.0 101.0 0.0 0.0 103.0 0.0 0.0 0.0 0.0 0.0 146.0 0.0 0.0 112.0 73.0 0.0 0.0 0.0 0.0 0.0 134.0 
0.0 2.0 0.0 0.0 0.0 0.0 0.0 0.0 0.0 0.0 0.0 0.0 0.0 0.0 0.0 0.0 0.0 0.0 0.0 0.0 0.0 0.0 0.0 0.0 
97.0 0.0 85.0 134.0 0.0 0.0 0.0 0.0 0.0 0.0 0.0 0.0 61.0 0.0 0.0 0.0 0.0 0.0 0.0 0.0 261.0 0.0 0.0 0.0 
0.0 0.0 85.0 0.0 0.0 0.0 0.0 0.0 0.0 0.0 0.0 61.0 0.0 0.0 0.0 0.0 0.0 0.0 1.0 0.0 167.0 0.0 0.0 0.0 
0.0 0.0 0.0 0.0 191.0 133.0 0.0 0.0 0.0 146.0 0.0 0.0 0.0 0.0 163.0 0.0 121.0 0.0 0.0 0.0 0.0 274.0 0.0 0.0 
0.0 0.0 0.0 0.0 116.0 0.0 0.0 0.0 0.0 0.0 0.0 0.0 0.0 163.0 0.0 0.0 0.0 0.0 0.0 0.0 203.0 0.0 0.0 0.0 
0.0 68.0 0.0 0.0 0.0 74.0 0.0 0.0 0.0 0.0 0.0 0.0 0.0 0.0 0.0 0.0 163.0 0.0 0.0 6.0 0.0 0.0 183.0 0.0 
0.0 0.0 0.0 0.0 0.0 84.0 0.0 0.0 0.0 112.0 0.0 0.0 0.0 121.0 0.0 163.0 0.0 0.0 0.0 0.0 0.0 0.0 0.0 191.0 
0.0 0.0 0.0 0.0 0.0 0.0 0.0 67.0 0.0 73.0 0.0 0.0 0.0 0.0 0.0 0.0 0.0 0.0 0.0 0.0 0.0 0.0 0.0 113.0 
0.0 0.0 6.0 0.0 0.0 0.0 0.0 0.0 0.0 0.0 0.0 0.0 1.0 0.0 0.0 0.0 0.0 0.0 0.0 0.0 18.0 0.0 0.0 0.0 
0.0 5.0 0.0 0.0 0.0 0.0 0.0 0.0 0.0 0.0 0.0 0.0 0.0 0.0 0.0 6.0 0.0 0.0 0.0 0.0 0.0 0.0 14.0 0.0 
0.0 0.0 0.0 0.0 0.0 0.0 0.0 0.0 286.0 0.0 0.0 261.0 167.0 0.0 203.0 0.0 0.0 0.0 18.0 0.0 0.0 348.0 0.0 0.0 
0.0 170.0 0.0 0.0 0.0 138.0 0.0 0.0 0.0 0.0 0.0 0.0 0.0 274.0 0.0 0.0 0.0 0.0 0.0 0.0 348.0 0.0 269.0 0.0 
265.0 0.0 0.0 196.0 0.0 0.0 0.0 0.0 0.0 0.0 0.0 0.0 0.0 0.0 0.0 183.0 0.0 0.0 0.0 14.0 0.0 269.0 0.0 277.0 
0.0 0.0 0.0 0.0 0.0 0.0 0.0 0.0 274.0 134.0 0.0 0.0 0.0 0.0 0.0 0.0 191.0 113.0 0.0 0.0 0.0 0.0 277.0 0.0 
