q
1147.0 804.0 281.0 588.0 10.0 780.0 915.0 338.0 48.0 419.0 1.0 341.0 592.0 394.0 344.0 459.0 1187.0 60.0 342.0 947.0 1511.0 1267.0 707.0 1592.0 
l
0.0 229.0 0.0 146.0 0.0 128.0 0.0 0.0 0.0 0.0 0.0 0.0 145.0 0.0 0.0 0.0 0.0 0.0 160.0 0.0 0.0 0.0 0.0 294.0 
229.0 0.0 0.0 0.0 0.0 0.0 0.0 107.0 0.0 0.0 0.0 0.0 87.0 93.0 108.0 0.0 143.0 0.0 0.0 0.0 0.0 0.0 0.0 0.0 
0.0 0.0 0.0 48.0 0.0 0.0 69.0 0.0 0.0 0.0 0.0 0.0 0.0 0.0 0.0 0.0 0.0 0.0 0.0 49.0 0.0 0.0 0.0 102.0 
146.0 0.0 48.0 0.0 0.0 81.0 139.0 0.0 0.0 0.0 0.0 0.0 0.0 0.0 0.0 0.0 0.0 0.0 0.0 0.0 0.0 0.0 0.0 139.0 
0.0 0.0 0.0 0.0 0.0 0.0 0.0 0.0 0.0 0.0 0.0 0.0 0.0 0.0 0.0 0.0 7.0 0.0 2.0 0.0 0.0 0.0 0.0 0.0 
128.0 0.0 0.0 81.0 0.0 0.0 236.0 0.0 0.0 0.0 0.0 0.0 136.0 0.0 0.0 0.0 0.0 0.0 0.0 0.0 168.0 0.0 0.0 0.0 
0.0 0.0 69.0 139.0 0.0 236.0 0.0 0.0 0.0 125.0 0.0 0.0 0.0 0.0 0.0 0.0 0.0 0.0 0.0 144.0 0.0 158.0 0.0 0.0 
0.0 107.0 0.0 0.0 0.0 0.0 0.0 0.0 0.0 0.0 0.0 0.0 0.0 29.0 0.0 0.0 0.0 0.0 0.0 0.0 187.0 0.0 0.0 0.0 
0.0 0.0 0.0 0.0 0.0 0.0 0.0 0.0 0.0 0.0 0.0 5.0 0.0 0.0 0.0 0.0 0.0 0.0 0.0 0.0 0.0 0.0 38.0 0.0 
0.0 0.0 0.0 0.0 0.0 0.0 125.0 0.0 0.0 0.0 0.0 0.0 0.0 0.0 0.0 34.0 0.0 0.0 0.0 100.0 0.0 142.0 0.0 0.0 
0.0 0.0 0.0 0.0 0.0 0.0 0.0 0.0 0.0 0.0 0.0 0.0 0.0 0.0 0.0 0.0 0.0 0.0 0.0 0.0 0.0 1.0 0.0 0.0 
0.0 0.0 0.0 0.0 0.0 0.0 0.0 0.0 5.0 0.0 0.0 0.0 0.0 0.0 0.0 50.0 0.0 4.0 0.0 157.0 0.0 0.0 108.0 0.0 
145.0 87.0 0.0 0.0 0.0 136.0 0.0 0.0 0.0 0.0 0.0 0.0 0.0 69.0 0.0 0.0 0.0 0.0 0.0 0.0 135.0 0.0 0.0 0.0 
0.0 93.0 0.0 0.0 0.0 0.0 0.0 29.0 0.0 0.0 0.0 0.0 69.0 0.0 0.0 0.0 0.0 0.0 0.0 0.0 184.0 0.0 0.0 0.0 
0.0 108.0 0.0 0.0 0.0 0.0 0.0 0.0 0.0 0.0 0.0 0.0 0.0 0.0 0.0 0.0 188.0 0.0 28.0 0.0 0.0 0.0 0.0 0.0 
0.0 0.0 0.0 0.0 0.0 0.0 0.0 0.0 0.0 34.0 0.0 50.0 0.0 0.0 0.0 0.0 0.0 17.0 0.0 131.0 0.0 199.0 0.0 0.0 
0.0 143.0 0.0 0.0 7.0 0.0 0.0 0.0 0.0 0.0 0.0 0.0 0.0 0.0 188.0 0.0 0.0 0.0 128.0 0.0 283.0 0.0 0.0 380.0 
0.0 0.0 0.0 0.0 0.0 0.0 0.0 0.0 0.0 0.0 0.0 4.0 0.0 0.0 0.0 17.0 0.0 0.0 0.0 0.0 0.0 0.0 34.0 0.0 
160.0 0.0 0.0 0.0 2.0 0.0 0.0 0.0 0.0 0.0 0.0 0.0 0.0 0.0 28.0 0.0 128.0 0.0 0.0 0.0 0.0 0.0 0.0 0.0 
0.0 0.0 49.0 0.0 0.0 0.0 144.0 0.0 0.0 100.0 0.0 157.0 0.0 0.0 0.0 131.0 0.0 0.0 0.0 0.0 0.0 0.0 0.0 325.0 
0.0 0.0 0.0 0.0 0.0 168.0 0.0 187.0 0.0 0.0 0.0 0.0 135.0 184.0 0.0 0.0 283.0 0.0 0.0 0.0 0.0 494.0 0.0 0.0 
0.0 0.0 0.0 0.0 0.0 0.0 158.0 0.0 0.0 142.0 1.0 0.0 0.0 0.0 0.0 199.0 0.0 0.0 0.0 0.0 494.0 0.0 211.0 0.0 
0.0 0.0 0.0 0.0 0.0 0.0 0.0 0.0 38.0 0.0 0.0 108.0 0.0 0.0 0.0 0.0 0.0 34.0 0.0 0.0 0.0 211.0 0.0 276.0 
294.0 0.0 102.0 139.0 0.0 0.0 0.0 0.0 0.0 0.0 0.0 0.0 0.0 0.0 0.0 0.0 380.0 0.0 0.0 325.0 0.0 0.0 276.0 0.0 
