q
564.0 1133.0 552.0 1052.0 3.0 989.0 1.0 306.0 358.0 1314.0 502.0 356.0 64.0 404.0 350.0 231.0 358.0 438.0 371.0 328.0 1755.0 669.0 1087.0 1387.0 
l
0.0 169.0 0.0 113.0 0.0 0.0 0.0 0.0 0.0 0.0 0.0 0.0 21.0 0.0 0.0 0.0 0.0 92.0 0.0 0.0 0.0 136.0 0.0 0.0 
169.0 0.0 190.0 195.0 0.0 0.0 0.0 0.0 0.0 0.0 99.0 0.0 0.0 0.0 102.0 0.0 0.0 0.0 0.0 0.0 317.0 0.0 0.0 0.0 
0.0 190.0 0.0 0.0 0.0 0.0 0.0 0.0 78.0 134.0 0.0 0.0 0.0 72.0 51.0 0.0 0.0 0.0 0.0 0.0 0.0 0.0 0.0 0.0 
113.0 195.0 0.0 0.0 0.0 0.0 0.0 0.0 0.0 0.0 174.0 0.0 0.0 0.0 0.0 119.0 0.0 134.0 0.0 0.0 0.0 0.0 0.0 265.0 
0.0 0.0 0.0 0.0 0.0 0.0 0.0 0.0 0.0 0.0 0.0 2.0 0.0 0.0 0.0 0.0 0.0 0.0 0.0 0.0 0.0 0.0 0.0 1.0 
0.0 0.0 0.0 0.0 0.0 0.0 0.0 106.0 0.0 0.0 0.0 116.0 0.0 0.0 0.0 0.0 160.0 0.0 102.0 0.0 457.0 0.0 0.0 0.0 
0.0 0.0 0.0 0.0 0.0 0.0 0.0 0.0 0.0 0.0 0.0 0.0 0.0 0.0 0.0 0.0 0.0 0.0 0.0 0.0 0.0 1.0 0.0 0.0 
0.0 0.0 0.0 0.0 0.0 106.0 0.0 0.0 0.0 0.0 0.0 0.0 0.0 0.0 0.0 0.0 13.0 0.0 51.0 0.0 0.0 0.0 126.0 0.0 
0.0 0.0 78.0 0.0 0.0 0.0 0.0 0.0 0.0 0.0 0.0 0.0 0.0 48.0 0.0 0.0 0.0 0.0 0.0 30.0 180.0 0.0 0.0 0.0 
0.0 0.0 134.0 0.0 0.0 0.0 0.0 0.0 0.0 0.0 151.0 0.0 0.0 201.0 127.0 0.0 0.0 0.0 0.0 0.0 248.0 0.0 0.0 395.0 
0.0 99.0 0.0 174.0 0.0 0.0 0.0 0.0 0.0 151.0 0.0 0.0 0.0 0.0 56.0 0.0 0.0 0.0 0.0 0.0 0.0 0.0 0.0 0.0 
0.0 0.0 0.0 0.0 2.0 116.0 0.0 0.0 0.0 0.0 0.0 0.0 0.0 0.0 0.0 0.0 0.0 0.0 20.0 0.0 0.0 0.0 0.0 189.0 
21.0 0.0 0.0 0.0 0.0 0.0 0.0 0.0 0.0 0.0 0.0 0.0 0.0 0.0 0.0 0.0 0.0 15.0 0.0 0.0 0.0 21.0 0.0 0.0 
0.0 0.0 72.0 0.0 0.0 0.0 0.0 0.0 48.0 201.0 0.0 0.0 0.0 0.0 0.0 0.0 0.0 0.0 0.0 61.0 0.0 0.0 0.0 0.0 
0.0 102.0 51.0 0.0 0.0 0.0 0.0 0.0 0.0 127.0 56.0 0.0 0.0 0.0 0.0 0.0 0.0 0.0 0.0 0.0 0.0 0.0 0.0 0.0 
0.0 0.0 0.0 119.0 0.0 0.0 0.0 0.0 0.0 0.0 0.0 0.0 0.0 0.0 0.0 0.0 0.0 15.0 0.0 0.0 0.0 0.0 79.0 0.0 
0.0 0.0 0.0 0.0 0.0 160.0 0.0 13.0 0.0 0.0 0.0 0.0 0.0 0.0 0.0 0.0 0.0 0.0 0.0 0.0 0.0 0.0 164.0 0.0 
92.0 0.0 0.0 134.0 0.0 0.0 0.0 0.0 0.0 0.0 0.0 0.0 15.0 0.0 0.0 15.0 0.0 0.0 0.0 0.0 0.0 0.0 155.0 0.0 
0.0 0.0 0.0 0.0 0.0 102.0 0.0 51.0 0.0 0.0 0.0 20.0 0.0 0.0 0.0 0.0 0.0 0.0 0.0 0.0 0.0 0.0 0.0 183.0 
0.0 0.0 0.0 0.0 0.0 0.0 0.0 0.0 30.0 0.0 0.0 0.0 0.0 61.0 0.0 0.0 0.0 0.0 0.0 0.0 217.0 0.0 0.0 0.0 
0.0 317.0 0.0 0.0 0.0 457.0 0.0 0.0 180.0 248.0 0.0 0.0 0.0 0.0 0.0 0.0 0.0 0.0 0.0 217.0 0.0 251.0 0.0 0.0 
136.0 0.0 0.0 0.0 0.0 0.0 1.0 0.0 0.0 0.0 0.0 0.0 21.0 0.0 0.0 0.0 0.0 0.0 0.0 0.0 251.0 0.0 227.0 0.0 
0.0 0.0 0.0 0.0 0.0 0.0 0.0 126.0 0.0 0.0 0.0 0.0 0.0 0.0 0.0 79.0 164.0 155.0 0.0 0.0 0.0 227.0 0.0 279.0 
0.0 0.0 0.0 265.0 1.0 0.0 0.0 0.0 0.0 395.0 0.0 189.0 0.0 0.0 0.0 0.0 0.0 0.0 183.0 0.0 0.0 0.0 279.0 0.0 
