q
1180.0 373.0 50.0 1.0 1113.0 1303.0 476.0 287.0 476.0 379.0 389.0 299.0 452.0 977.0 395.0 62.0 380.0 277.0 444.0 1281.0 1096.0 1604.0 1410.0 750.0 
l
0.0 0.0 0.0 0.0 0.0 169.0 0.0 0.0 0.0 0.0 147.0 0.0 0.0 0.0 138.0 0.0 0.0 0.0 102.0 0.0 278.0 0.0 0.0 283.0 
0.0 0.0 0.0 0.0 0.0 0.0 62.0 0.0 0.0 0.0 0.0 0.0 0.0 0.0 0.0 0.0 0.0 0.0 0.0 142.0 0.0 156.0 0.0 0.0 
0.0 0.0 0.0 0.0 0.0 0.0 0.0 0.0 0.0 0.0 0.0 0.0 19.0 0.0 0.0 0.0 0.0 0.0 0.0 0.0 0.0 0.0 0.0 27.0 
0.0 0.0 0.0 0.0 0.0 0.0 0.0 0.0 0.0 0.0 0.0 0.0 0.0 0.0 0.0 0.0 0.0 0.0 0.0 0.0 1.0 0.0 0.0 0.0 
0.0 0.0 0.0 0.0 0.0 262.0 0.0 122.0 0.0 171.0 0.0 0.0 0.0 0.0 0.0 0.0 127.0 0.0 0.0 240.0 141.0 0.0 0.0 0.0 
169.0 0.0 0.0 0.0 262.0 0.0 0.0 0.0 0.0 0.0 0.0 0.0 0.0 214.0 158.0 0.0 0.0 0.0 159.0 282.0 0.0 0.0 0.0 0.0 
0.0 62.0 0.0 0.0 0.0 0.0 0.0 0.0 43.0 0.0 0.0 0.0 0.0 0.0 0.0 0.0 0.0 0.0 0.0 181.0 0.0 0.0 164.0 0.0 
0.0 0.0 0.0 0.0 122.0 0.0 0.0 0.0 0.0 0.0 0.0 0.0 0.0 0.0 0.0 0.0 26.0 0.0 0.0 0.0 121.0 0.0 0.0 0.0 
0.0 0.0 0.0 0.0 0.0 0.0 43.0 0.0 0.0 0.0 0.0 0.0 0.0 129.0 0.0 0.0 0.0 0.0 0.0 150.0 0.0 0.0 132.0 0.0 
0.0 0.0 0.0 0.0 171.0 0.0 0.0 0.0 0.0 0.0 0.0 0.0 0.0 0.0 0.0 0.0 0.0 0.0 0.0 0.0 0.0 185.0 0.0 0.0 
147.0 0.0 0.0 0.0 0.0 0.0 0.0 0.0 0.0 0.0 0.0 0.0 0.0 157.0 0.0 11.0 0.0 0.0 50.0 0.0 0.0 0.0 0.0 0.0 
0.0 0.0 0.0 0.0 0.0 0.0 0.0 0.0 0.0 0.0 0.0 0.0 55.0 0.0 0.0 0.0 0.0 35.0 0.0 0.0 0.0 0.0 189.0 0.0 
0.0 0.0 19.0 0.0 0.0 0.0 0.0 0.0 0.0 0.0 0.0 55.0 0.0 0.0 0.0 0.0 0.0 94.0 0.0 0.0 0.0 266.0 0.0 0.0 
0.0 0.0 0.0 0.0 0.0 214.0 0.0 0.0 129.0 0.0 157.0 0.0 0.0 0.0 0.0 25.0 0.0 0.0 113.0 0.0 0.0 0.0 292.0 0.0 
138.0 0.0 0.0 0.0 0.0 158.0 0.0 0.0 0.0 0.0 0.0 0.0 0.0 0.0 0.0 0.0 80.0 0.0 0.0 0.0 0.0 0.0 0.0 0.0 
0.0 0.0 0.0 0.0 0.0 0.0 0.0 0.0 0.0 0.0 11.0 0.0 0.0 25.0 0.0 0.0 0.0 0.0 0.0 0.0 0.0 0.0 0.0 23.0 
0.0 0.0 0.0 0.0 127.0 0.0 0.0 26.0 0.0 0.0 0.0 0.0 0.0 0.0 80.0 0.0 0.0 0.0 0.0 0.0 134.0 0.0 0.0 0.0 
0.0 0.0 0.0 0.0 0.0 0.0 0.0 0.0 0.0 0.0 0.0 35.0 94.0 0.0 0.0 0.0 0.0 0.0 0.0 0.0 0.0 0.0 0.0 134.0 
102.0 0.0 0.0 0.0 0.0 159.0 0.0 0.0 0.0 0.0 50.0 0.0 0.0 113.0 0.0 0.0 0.0 0.0 0.0 0.0 0.0 0.0 0.0 0.0 
0.0 142.0 0.0 0.0 240.0 282.0 181.0 0.0 150.0 0.0 0.0 0.0 0.0 0.0 0.0 0.0 0.0 0.0 0.0 0.0 0.0 225.0 0.0 0.0 
278.0 0.0 0.0 1.0 141.0 0.0 0.0 121.0 0.0 0.0 0.0 0.0 0.0 0.0 0.0 0.0 134.0 0.0 0.0 0.0 0.0 366.0 0.0 0.0 
0.0 156.0 0.0 0.0 0.0 0.0 0.0 0.0 0.0 185.0 0.0 0.0 266.0 0.0 0.0 0.0 0.0 0.0 0.0 225.0 366.0 0.0 329.0 0.0 
0.0 0.0 0.0 0.0 0.0 0.0 164.0 0.0 132.0 0.0 0.0 189.0 0.0 292.0 0.0 0.0 0.0 0.0 0.0 0.0 0.0 329.0 0.0 235.0 
283.0 0.0 27.0 0.0 0.0 0.0 0.0 0.0 0.0 0.0 0.0 0.0 0.0 0.0 0.0 23.0 0.0 134.0 0.0 0.0 0.0 0.0 235.0 0.0 
