q
25.0 490.0 362.0 4.0 776.0 399.0 114.0 545.0 457.0 1031.0 1065.0 1297.0 411.0 451.0 358.0 640.0 1189.0 340.0 437.0 5.0 1056.0 1312.0 1195.0 1159.0 
l
0.0 0.0 0.0 0.0 0.0 0.0 0.0 3.0 1.0 0.0 0.0 0.0 0.0 0.0 0.0 0.0 0.0 0.0 0.0 1.0 0.0 0.0 0.0 19.0 
0.0 0.0 0.0 2.0 134.0 0.0 0.0 0.0 0.0 119.0 0.0 0.0 0.0 0.0 0.0 0.0 0.0 0.0 48.0 0.0 0.0 159.0 0.0 0.0 
0.0 0.0 0.0 0.0 0.0 0.0 0.0 0.0 0.0 117.0 0.0 0.0 0.0 0.0 0.0 0.0 0.0 0.0 58.0 0.0 0.0 0.0 165.0 0.0 
0.0 2.0 0.0 0.0 0.0 0.0 0.0 0.0 0.0 0.0 0.0 0.0 0.0 0.0 0.0 0.0 0.0 0.0 0.0 0.0 2.0 0.0 0.0 0.0 
0.0 134.0 0.0 0.0 0.0 0.0 0.0 0.0 0.0 202.0 0.0 0.0 102.0 0.0 0.0 0.0 159.0 0.0 0.0 0.0 141.0 0.0 0.0 0.0 
0.0 0.0 0.0 0.0 0.0 0.0 0.0 0.0 0.0 0.0 0.0 147.0 0.0 103.0 0.0 0.0 129.0 0.0 0.0 0.0 0.0 0.0 0.0 0.0 
0.0 0.0 0.0 0.0 0.0 0.0 0.0 0.0 0.0 0.0 35.0 0.0 0.0 0.0 0.0 0.0 0.0 18.0 0.0 0.0 0.0 0.0 53.0 0.0 
3.0 0.0 0.0 0.0 0.0 0.0 0.0 0.0 90.0 0.0 0.0 272.0 0.0 0.0 0.0 154.0 0.0 0.0 0.0 0.0 0.0 0.0 0.0 0.0 
1.0 0.0 0.0 0.0 0.0 0.0 0.0 90.0 0.0 0.0 0.0 0.0 0.0 0.0 0.0 131.0 0.0 0.0 0.0 0.0 0.0 0.0 0.0 209.0 
0.0 119.0 117.0 0.0 202.0 0.0 0.0 0.0 0.0 0.0 241.0 0.0 0.0 0.0 0.0 0.0 0.0 0.0 134.0 0.0 0.0 0.0 164.0 0.0 
0.0 0.0 0.0 0.0 0.0 0.0 35.0 0.0 0.0 241.0 0.0 0.0 0.0 156.0 0.0 0.0 295.0 131.0 0.0 0.0 0.0 0.0 166.0 0.0 
0.0 0.0 0.0 0.0 0.0 147.0 0.0 272.0 0.0 0.0 0.0 0.0 0.0 0.0 0.0 0.0 242.0 0.0 0.0 4.0 280.0 0.0 0.0 291.0 
0.0 0.0 0.0 0.0 102.0 0.0 0.0 0.0 0.0 0.0 0.0 0.0 0.0 0.0 31.0 0.0 142.0 0.0 0.0 0.0 121.0 0.0 0.0 0.0 
0.0 0.0 0.0 0.0 0.0 103.0 0.0 0.0 0.0 0.0 156.0 0.0 0.0 0.0 0.0 0.0 0.0 44.0 0.0 0.0 0.0 0.0 0.0 124.0 
0.0 0.0 0.0 0.0 0.0 0.0 0.0 0.0 0.0 0.0 0.0 0.0 31.0 0.0 0.0 0.0 163.0 0.0 0.0 0.0 144.0 0.0 0.0 0.0 
0.0 0.0 0.0 0.0 0.0 0.0 0.0 154.0 131.0 0.0 0.0 0.0 0.0 0.0 0.0 0.0 0.0 0.0 0.0 0.0 0.0 319.0 0.0 0.0 
0.0 0.0 0.0 0.0 159.0 129.0 0.0 0.0 0.0 0.0 295.0 242.0 142.0 0.0 163.0 0.0 0.0 0.0 0.0 0.0 0.0 0.0 0.0 0.0 
0.0 0.0 0.0 0.0 0.0 0.0 18.0 0.0 0.0 0.0 131.0 0.0 0.0 44.0 0.0 0.0 0.0 0.0 0.0 0.0 0.0 0.0 0.0 136.0 
0.0 48.0 58.0 0.0 0.0 0.0 0.0 0.0 0.0 134.0 0.0 0.0 0.0 0.0 0.0 0.0 0.0 0.0 0.0 0.0 0.0 172.0 0.0 0.0 
1.0 0.0 0.0 0.0 0.0 0.0 0.0 0.0 0.0 0.0 0.0 4.0 0.0 0.0 0.0 0.0 0.0 0.0 0.0 0.0 0.0 0.0 0.0 0.0 
0.0 0.0 0.0 2.0 141.0 0.0 0.0 0.0 0.0 0.0 0.0 280.0 121.0 0.0 144.0 0.0 0.0 0.0 0.0 0.0 0.0 325.0 0.0 0.0 
0.0 159.0 0.0 0.0 0.0 0.0 0.0 0.0 0.0 0.0 0.0 0.0 0.0 0.0 0.0 319.0 0.0 0.0 172.0 0.0 325.0 0.0 276.0 0.0 
0.0 0.0 165.0 0.0 0.0 0.0 53.0 0.0 0.0 164.0 166.0 0.0 0.0 0.0 0.0 0.0 0.0 0.0 0.0 0.0 0.0 276.0 0.0 313.0 
19.0 0.0 0.0 0.0 0.0 0.0 0.0 0.0 209.0 0.0 0.0 291.0 0.0 124.0 0.0 0.0 0.0 136.0 0.0 0.0 0.0 0.0 313.0 0.0 
