q
414.0 963.0 833.0 487.0 632.0 744.0 509.0 255.0 642.0 389.0 305.0 444.0 1073.0 801.0 1573.0 1.0 41.0 30.0 408.0 206.0 1323.0 961.0 790.0 1340.0 
l
0.0 152.0 93.0 0.0 0.0 0.0 0.0 0.0 0.0 0.0 0.0 0.0 0.0 0.0 0.0 0.0 0.0 0.0 0.0 21.0 0.0 0.0 125.0 0.0 
152.0 0.0 174.0 141.0 0.0 0.0 0.0 0.0 199.0 0.0 0.0 0.0 0.0 0.0 0.0 0.0 0.0 0.0 0.0 0.0 0.0 235.0 0.0 0.0 
93.0 174.0 0.0 0.0 0.0 0.0 165.0 72.0 0.0 0.0 0.0 0.0 0.0 0.0 0.0 0.0 0.0 0.0 0.0 67.0 0.0 0.0 0.0 228.0 
0.0 141.0 0.0 0.0 0.0 0.0 0.0 0.0 110.0 0.0 0.0 0.0 0.0 0.0 0.0 0.0 0.0 0.0 0.0 0.0 215.0 0.0 0.0 0.0 
0.0 0.0 0.0 0.0 0.0 0.0 0.0 0.0 0.0 0.0 75.0 0.0 140.0 122.0 0.0 0.0 0.0 5.0 85.0 0.0 0.0 180.0 0.0 0.0 
0.0 0.0 0.0 0.0 0.0 0.0 0.0 0.0 0.0 91.0 0.0 90.0 200.0 115.0 216.0 0.0 0.0 0.0 0.0 0.0 0.0 0.0 0.0 0.0 
0.0 0.0 165.0 0.0 0.0 0.0 0.0 0.0 88.0 0.0 0.0 0.0 0.0 0.0 235.0 0.0 0.0 0.0 0.0 0.0 0.0 0.0 0.0 0.0 
0.0 0.0 72.0 0.0 0.0 0.0 0.0 0.0 0.0 0.0 0.0 0.0 0.0 0.0 0.0 0.0 2.0 0.0 0.0 21.0 0.0 0.0 0.0 146.0 
0.0 199.0 0.0 110.0 0.0 0.0 88.0 0.0 0.0 0.0 0.0 0.0 0.0 0.0 210.0 0.0 0.0 0.0 0.0 0.0 0.0 0.0 0.0 0.0 
0.0 0.0 0.0 0.0 0.0 91.0 0.0 0.0 0.0 0.0 0.0 69.0 0.0 0.0 217.0 0.0 0.0 0.0 0.0 0.0 0.0 0.0 0.0 0.0 
0.0 0.0 0.0 0.0 75.0 0.0 0.0 0.0 0.0 0.0 0.0 0.0 0.0 65.0 0.0 0.0 0.0 9.0 0.0 0.0 141.0 0.0 0.0 0.0 
0.0 0.0 0.0 0.0 0.0 90.0 0.0 0.0 0.0 69.0 0.0 0.0 0.0 102.0 0.0 0.0 0.0 0.0 0.0 0.0 166.0 0.0 0.0 0.0 
0.0 0.0 0.0 0.0 140.0 200.0 0.0 0.0 0.0 0.0 0.0 0.0 0.0 180.0 0.0 0.0 0.0 0.0 169.0 0.0 0.0 0.0 0.0 336.0 
0.0 0.0 0.0 0.0 122.0 115.0 0.0 0.0 0.0 0.0 65.0 102.0 180.0 0.0 0.0 0.0 0.0 0.0 0.0 0.0 185.0 0.0 0.0 0.0 
0.0 0.0 0.0 0.0 0.0 216.0 235.0 0.0 210.0 217.0 0.0 0.0 0.0 0.0 0.0 0.0 0.0 0.0 0.0 0.0 288.0 0.0 0.0 336.0 
0.0 0.0 0.0 0.0 0.0 0.0 0.0 0.0 0.0 0.0 0.0 0.0 0.0 0.0 0.0 0.0 0.0 0.0 0.0 0.0 0.0 0.0 1.0 0.0 
0.0 0.0 0.0 0.0 0.0 0.0 0.0 2.0 0.0 0.0 0.0 0.0 0.0 0.0 0.0 0.0 0.0 0.0 0.0 9.0 0.0 0.0 0.0 29.0 
0.0 0.0 0.0 0.0 5.0 0.0 0.0 0.0 0.0 0.0 9.0 0.0 0.0 0.0 0.0 0.0 0.0 0.0 0.0 0.0 0.0 15.0 0.0 0.0 
0.0 0.0 0.0 0.0 85.0 0.0 0.0 0.0 0.0 0.0 0.0 0.0 169.0 0.0 0.0 0.0 0.0 0.0 0.0 0.0 0.0 0.0 126.0 0.0 
21.0 0.0 67.0 0.0 0.0 0.0 0.0 21.0 0.0 0.0 0.0 0.0 0.0 0.0 0.0 0.0 9.0 0.0 0.0 0.0 0.0 0.0 79.0 0.0 
0.0 0.0 0.0 215.0 0.0 0.0 0.0 0.0 0.0 0.0 141.0 166.0 0.0 185.0 288.0 0.0 0.0 0.0 0.0 0.0 0.0 268.0 0.0 0.0 
0.0 235.0 0.0 0.0 180.0 0.0 0.0 0.0 0.0 0.0 0.0 0.0 0.0 0.0 0.0 0.0 0.0 15.0 0.0 0.0 268.0 0.0 210.0 0.0 
125.0 0.0 0.0 0.0 0.0 0.0 0.0 0.0 0.0 0.0 0.0 0.0 0.0 0.0 0.0 1.0 0.0 0.0 126.0 79.0 0.0 210.0 0.0 202.0 
0.0 0.0 228.0 0.0 0.0 0.0 0.0 146.0 0.0 0.0 0.0 0.0 336.0 0.0 336.0 0.0 29.0 0.0 0.0 0.0 0.0 0.0 202.0 0.0 
