q
535.0 748.0 1427.0 368.0 467.0 549.0 486.0 30.0 491.0 371.0 5.0 436.0 784.0 34.0 827.0 42.0 667.0 493.0 1189.0 488.0 1859.0 1150.0 1253.0 803.0 
l
0.0 0.0 197.0 0.0 0.0 0.0 0.0 0.0 0.0 56.0 0.0 0.0 0.0 0.0 91.0 0.0 0.0 0.0 0.0 0.0 0.0 163.0 0.0 0.0 
0.0 0.0 0.0 0.0 81.0 0.0 160.0 0.0 0.0 0.0 0.0 0.0 116.0 0.0 0.0 0.0 0.0 0.0 0.0 83.0 0.0 0.0 270.0 0.0 
197.0 0.0 0.0 0.0 0.0 211.0 0.0 0.0 0.0 0.0 0.0 0.0 0.0 0.0 200.0 0.0 184.0 138.0 0.0 0.0 430.0 0.0 0.0 0.0 
0.0 0.0 0.0 0.0 0.0 0.0 0.0 7.0 63.0 0.0 0.0 0.0 67.0 0.0 0.0 0.0 0.0 0.0 0.0 0.0 210.0 0.0 0.0 0.0 
0.0 81.0 0.0 0.0 0.0 0.0 86.0 0.0 0.0 0.0 0.0 0.0 72.0 0.0 0.0 0.0 0.0 0.0 0.0 0.0 201.0 0.0 0.0 0.0 
0.0 0.0 211.0 0.0 0.0 0.0 0.0 0.0 0.0 0.0 0.0 62.0 0.0 0.0 0.0 0.0 74.0 0.0 173.0 0.0 0.0 0.0 0.0 0.0 
0.0 160.0 0.0 0.0 86.0 0.0 0.0 0.0 0.0 0.0 0.0 0.0 0.0 0.0 0.0 0.0 0.0 0.0 215.0 0.0 0.0 0.0 0.0 0.0 
0.0 0.0 0.0 7.0 0.0 0.0 0.0 0.0 3.0 0.0 0.0 0.0 0.0 0.0 0.0 0.0 0.0 0.0 0.0 0.0 0.0 17.0 0.0 0.0 
0.0 0.0 0.0 63.0 0.0 0.0 0.0 3.0 0.0 0.0 0.0 0.0 105.0 0.0 0.0 0.0 0.0 0.0 0.0 88.0 0.0 206.0 0.0 0.0 
56.0 0.0 0.0 0.0 0.0 0.0 0.0 0.0 0.0 0.0 0.0 0.0 0.0 0.0 114.0 0.0 0.0 0.0 0.0 0.0 0.0 177.0 0.0 0.0 
0.0 0.0 0.0 0.0 0.0 0.0 0.0 0.0 0.0 0.0 0.0 0.0 0.0 0.0 0.0 0.0 3.0 1.0 0.0 0.0 0.0 0.0 0.0 1.0 
0.0 0.0 0.0 0.0 0.0 62.0 0.0 0.0 0.0 0.0 0.0 0.0 0.0 10.0 0.0 17.0 137.0 0.0 190.0 0.0 0.0 0.0 0.0 0.0 
0.0 116.0 0.0 67.0 72.0 0.0 0.0 0.0 105.0 0.0 0.0 0.0 0.0 0.0 0.0 0.0 0.0 0.0 0.0 113.0 274.0 0.0 0.0 0.0 
0.0 0.0 0.0 0.0 0.0 0.0 0.0 0.0 0.0 0.0 0.0 10.0 0.0 0.0 0.0 1.0 0.0 0.0 22.0 0.0 0.0 0.0 0.0 0.0 
91.0 0.0 200.0 0.0 0.0 0.0 0.0 0.0 0.0 114.0 0.0 0.0 0.0 0.0 0.0 0.0 0.0 126.0 0.0 0.0 0.0 0.0 249.0 0.0 
0.0 0.0 0.0 0.0 0.0 0.0 0.0 0.0 0.0 0.0 0.0 17.0 0.0 1.0 0.0 0.0 0.0 0.0 0.0 0.0 0.0 0.0 0.0 22.0 
0.0 0.0 184.0 0.0 0.0 74.0 0.0 0.0 0.0 0.0 3.0 137.0 0.0 0.0 0.0 0.0 0.0 89.0 0.0 0.0 0.0 0.0 0.0 154.0 
0.0 0.0 138.0 0.0 0.0 0.0 0.0 0.0 0.0 0.0 1.0 0.0 0.0 0.0 126.0 0.0 89.0 0.0 0.0 0.0 0.0 0.0 0.0 121.0 
0.0 0.0 0.0 0.0 0.0 173.0 215.0 0.0 0.0 0.0 0.0 190.0 0.0 22.0 0.0 0.0 0.0 0.0 0.0 0.0 330.0 0.0 0.0 201.0 
0.0 83.0 0.0 0.0 0.0 0.0 0.0 0.0 88.0 0.0 0.0 0.0 113.0 0.0 0.0 0.0 0.0 0.0 0.0 0.0 0.0 0.0 185.0 0.0 
0.0 0.0 430.0 210.0 201.0 0.0 0.0 0.0 0.0 0.0 0.0 0.0 274.0 0.0 0.0 0.0 0.0 0.0 330.0 0.0 0.0 312.0 0.0 0.0 
163.0 0.0 0.0 0.0 0.0 0.0 0.0 17.0 206.0 177.0 0.0 0.0 0.0 0.0 0.0 0.0 0.0 0.0 0.0 0.0 312.0 0.0 216.0 0.0 
0.0 270.0 0.0 0.0 0.0 0.0 0.0 0.0 0.0 0.0 0.0 0.0 0.0 0.0 249.0 0.0 0.0 0.0 0.0 185.0 0.0 216.0 0.0 280.0 
0.0 0.0 0.0 0.0 0.0 0.0 0.0 0.0 0.0 0.0 1.0 0.0 0.0 0.0 0.0 22.0 154.0 121.0 201.0 0.0 0.0 0.0 280.0 0.0 
