q
517.0 317.0 55.0 802.0 363.0 1159.0 163.0 509.0 450.0 504.0 517.0 1388.0 35.0 215.0 533.0 823.0 219.0 432.0 353.0 341.0 1445.0 1484.0 1272.0 1622.0 
l
0.0 0.0 0.0 0.0 0.0 0.0 52.0 0.0 0.0 0.0 0.0 0.0 2.0 0.0 0.0 141.0 0.0 0.0 0.0 71.0 232.0 0.0 0.0 0.0 
0.0 0.0 0.0 0.0 0.0 0.0 0.0 0.0 0.0 0.0 0.0 0.0 2.0 0.0 59.0 112.0 0.0 0.0 0.0 0.0 130.0 0.0 0.0 0.0 
0.0 0.0 0.0 0.0 0.0 40.0 0.0 0.0 0.0 5.0 0.0 0.0 0.0 0.0 0.0 0.0 7.0 0.0 0.0 0.0 0.0 0.0 0.0 0.0 
0.0 0.0 0.0 0.0 82.0 0.0 0.0 71.0 0.0 0.0 0.0 275.0 0.0 0.0 0.0 0.0 0.0 0.0 135.0 0.0 0.0 0.0 200.0 0.0 
0.0 0.0 0.0 82.0 0.0 0.0 0.0 51.0 0.0 0.0 0.0 0.0 0.0 0.0 0.0 0.0 0.0 0.0 20.0 0.0 0.0 181.0 0.0 0.0 
0.0 0.0 40.0 0.0 0.0 0.0 83.0 0.0 0.0 206.0 0.0 0.0 0.0 0.0 0.0 0.0 129.0 0.0 0.0 0.0 381.0 0.0 0.0 249.0 
52.0 0.0 0.0 0.0 0.0 83.0 0.0 0.0 0.0 0.0 0.0 0.0 0.0 0.0 0.0 0.0 0.0 0.0 0.0 16.0 0.0 0.0 0.0 0.0 
0.0 0.0 0.0 71.0 51.0 0.0 0.0 0.0 0.0 0.0 0.0 162.0 0.0 0.0 0.0 0.0 0.0 55.0 0.0 0.0 0.0 153.0 0.0 0.0 
0.0 0.0 0.0 0.0 0.0 0.0 0.0 0.0 0.0 95.0 80.0 0.0 0.0 13.0 0.0 0.0 0.0 0.0 0.0 0.0 0.0 0.0 240.0 0.0 
0.0 0.0 5.0 0.0 0.0 206.0 0.0 0.0 95.0 0.0 88.0 0.0 0.0 62.0 0.0 0.0 21.0 0.0 0.0 0.0 0.0 0.0 0.0 0.0 
0.0 0.0 0.0 0.0 0.0 0.0 0.0 0.0 80.0 88.0 0.0 0.0 0.0 0.0 0.0 0.0 51.0 0.0 0.0 0.0 0.0 0.0 0.0 272.0 
0.0 0.0 0.0 275.0 0.0 0.0 0.0 162.0 0.0 0.0 0.0 0.0 0.0 0.0 185.0 225.0 0.0 139.0 0.0 0.0 0.0 0.0 0.0 332.0 
2.0 2.0 0.0 0.0 0.0 0.0 0.0 0.0 0.0 0.0 0.0 0.0 0.0 0.0 0.0 16.0 0.0 0.0 0.0 0.0 13.0 0.0 0.0 0.0 
0.0 0.0 0.0 0.0 0.0 0.0 0.0 0.0 13.0 62.0 0.0 0.0 0.0 0.0 0.0 0.0 0.0 0.0 0.0 0.0 0.0 0.0 131.0 0.0 
0.0 59.0 0.0 0.0 0.0 0.0 0.0 0.0 0.0 0.0 0.0 185.0 0.0 0.0 0.0 0.0 0.0 97.0 0.0 0.0 174.0 0.0 0.0 0.0 
141.0 112.0 0.0 0.0 0.0 0.0 0.0 0.0 0.0 0.0 0.0 225.0 16.0 0.0 0.0 0.0 0.0 0.0 0.0 72.0 0.0 0.0 0.0 211.0 
0.0 0.0 7.0 0.0 0.0 129.0 0.0 0.0 0.0 21.0 51.0 0.0 0.0 0.0 0.0 0.0 0.0 0.0 0.0 0.0 0.0 0.0 0.0 0.0 
0.0 0.0 0.0 0.0 0.0 0.0 0.0 55.0 0.0 0.0 0.0 139.0 0.0 0.0 97.0 0.0 0.0 0.0 0.0 0.0 0.0 123.0 0.0 0.0 
0.0 0.0 0.0 135.0 20.0 0.0 0.0 0.0 0.0 0.0 0.0 0.0 0.0 0.0 0.0 0.0 0.0 0.0 0.0 0.0 0.0 173.0 0.0 0.0 
71.0 0.0 0.0 0.0 0.0 0.0 16.0 0.0 0.0 0.0 0.0 0.0 0.0 0.0 0.0 72.0 0.0 0.0 0.0 0.0 0.0 0.0 0.0 163.0 
232.0 130.0 0.0 0.0 0.0 381.0 0.0 0.0 0.0 0.0 0.0 0.0 13.0 0.0 174.0 0.0 0.0 0.0 0.0 0.0 0.0 442.0 0.0 0.0 
0.0 0.0 0.0 0.0 181.0 0.0 0.0 153.0 0.0 0.0 0.0 0.0 0.0 0.0 0.0 0.0 0.0 123.0 173.0 0.0 442.0 0.0 334.0 0.0 
0.0 0.0 0.0 200.0 0.0 0.0 0.0 0.0 240.0 0.0 0.0 0.0 0.0 131.0 0.0 0.0 0.0 0.0 0.0 0.0 0.0 334.0 0.0 302.0 
0.0 0.0 0.0 0.0 0.0 249.0 0.0 0.0 0.0 0.0 272.0 332.0 0.0 0.0 0.0 211.0 0.0 0.0 0.0 163.0 0.0 0.0 302.0 0.0 
