q
361.0 1308.0 1136.0 670.0 1189.0 900.0 59.0 210.0 427.0 893.0 508.0 588.0 435.0 1573.0 14.0 825.0 17.0 142.0 327.0 3.0 1717.0 228.0 846.0 493.0 999.0 276.0 
l
0.0 145.0 0.0 0.0 0.0 0.0 0.0 0.0 0.0 0.0 0.0 48.0 0.0 0.0 0.0 125.0 0.0 0.0 22.0 0.0 0.0 0.0 0.0 0.0 0.0 0.0 
145.0 0.0 0.0 0.0 0.0 0.0 0.0 0.0 0.0 0.0 0.0 97.0 0.0 247.0 0.0 124.0 0.0 0.0 195.0 0.0 427.0 0.0 0.0 0.0 0.0 0.0 
0.0 0.0 0.0 0.0 0.0 0.0 0.0 0.0 0.0 270.0 0.0 0.0 0.0 0.0 0.0 280.0 3.0 53.0 0.0 0.0 278.0 0.0 0.0 0.0 200.0 0.0 
0.0 0.0 0.0 0.0 145.0 156.0 0.0 0.0 78.0 0.0 0.0 0.0 0.0 250.0 0.0 0.0 0.0 0.0 0.0 0.0 0.0 0.0 0.0 0.0 0.0 0.0 
0.0 0.0 0.0 145.0 0.0 0.0 0.0 0.0 175.0 0.0 0.0 0.0 0.0 268.0 0.0 0.0 0.0 0.0 0.0 0.0 297.0 0.0 0.0 226.0 0.0 0.0 
0.0 0.0 0.0 156.0 0.0 0.0 20.0 78.0 143.0 0.0 0.0 0.0 0.0 0.0 0.0 0.0 0.0 0.0 0.0 0.0 0.0 0.0 210.0 0.0 242.0 0.0 
0.0 0.0 0.0 0.0 0.0 20.0 0.0 10.0 0.0 0.0 0.0 0.0 0.0 0.0 0.0 0.0 0.0 0.0 0.0 1.0 0.0 0.0 24.0 0.0 0.0 0.0 
0.0 0.0 0.0 0.0 0.0 78.0 10.0 0.0 0.0 78.0 0.0 0.0 0.0 0.0 4.0 0.0 0.0 0.0 0.0 1.0 0.0 0.0 0.0 0.0 0.0 25.0 
0.0 0.0 0.0 78.0 175.0 143.0 0.0 0.0 0.0 0.0 0.0 0.0 0.0 0.0 0.0 0.0 0.0 0.0 0.0 0.0 0.0 0.0 0.0 0.0 0.0 0.0 
0.0 0.0 270.0 0.0 0.0 0.0 0.0 78.0 0.0 0.0 0.0 0.0 153.0 0.0 0.0 0.0 0.0 39.0 0.0 0.0 0.0 0.0 212.0 0.0 0.0 90.0 
0.0 0.0 0.0 0.0 0.0 0.0 0.0 0.0 0.0 0.0 0.0 0.0 47.0 0.0 0.0 0.0 0.0 0.0 0.0 0.0 259.0 0.0 173.0 0.0 0.0 0.0 
48.0 97.0 0.0 0.0 0.0 0.0 0.0 0.0 0.0 0.0 0.0 0.0 0.0 243.0 0.0 73.0 0.0 0.0 94.0 0.0 0.0 0.0 0.0 0.0 0.0 0.0 
0.0 0.0 0.0 0.0 0.0 0.0 0.0 0.0 0.0 153.0 47.0 0.0 0.0 0.0 0.0 0.0 0.0 0.0 0.0 0.0 213.0 0.0 0.0 0.0 0.0 0.0 
0.0 247.0 0.0 250.0 268.0 0.0 0.0 0.0 0.0 0.0 0.0 243.0 0.0 0.0 0.0 185.0 0.0 0.0 0.0 0.0 0.0 0.0 0.0 0.0 310.0 0.0 
0.0 0.0 0.0 0.0 0.0 0.0 0.0 4.0 0.0 0.0 0.0 0.0 0.0 0.0 0.0 0.0 0.0 0.0 0.0 0.0 0.0 0.0 10.0 0.0 0.0 0.0 
125.0 124.0 280.0 0.0 0.0 0.0 0.0 0.0 0.0 0.0 0.0 73.0 0.0 185.0 0.0 0.0 0.0 0.0 0.0 0.0 0.0 0.0 0.0 0.0 0.0 0.0 
0.0 0.0 3.0 0.0 0.0 0.0 0.0 0.0 0.0 0.0 0.0 0.0 0.0 0.0 0.0 0.0 0.0 2.0 0.0 0.0 0.0 0.0 0.0 0.0 11.0 0.0 
0.0 0.0 53.0 0.0 0.0 0.0 0.0 0.0 0.0 39.0 0.0 0.0 0.0 0.0 0.0 0.0 2.0 0.0 0.0 0.0 0.0 0.0 0.0 0.0 43.0 0.0 
22.0 195.0 0.0 0.0 0.0 0.0 0.0 0.0 0.0 0.0 0.0 94.0 0.0 0.0 0.0 0.0 0.0 0.0 0.0 0.0 0.0 0.0 0.0 0.0 0.0 0.0 
0.0 0.0 0.0 0.0 0.0 0.0 1.0 1.0 0.0 0.0 0.0 0.0 0.0 0.0 0.0 0.0 0.0 0.0 0.0 0.0 0.0 0.0 0.0 0.0 0.0 0.0 
0.0 427.0 278.0 0.0 297.0 0.0 0.0 0.0 0.0 0.0 259.0 0.0 213.0 0.0 0.0 0.0 0.0 0.0 0.0 0.0 0.0 143.0 0.0 0.0 0.0 0.0 
0.0 0.0 0.0 0.0 0.0 0.0 0.0 0.0 0.0 0.0 0.0 0.0 0.0 0.0 0.0 0.0 0.0 0.0 0.0 0.0 143.0 0.0 0.0 67.0 0.0 0.0 
0.0 0.0 0.0 0.0 0.0 210.0 24.0 0.0 0.0 212.0 173.0 0.0 0.0 0.0 10.0 0.0 0.0 0.0 0.0 0.0 0.0 0.0 0.0 166.0 0.0 0.0 
0.0 0.0 0.0 0.0 226.0 0.0 0.0 0.0 0.0 0.0 0.0 0.0 0.0 0.0 0.0 0.0 0.0 0.0 0.0 0.0 0.0 67.0 166.0 0.0 0.0 0.0 
0.0 0.0 200.0 0.0 0.0 242.0 0.0 0.0 0.0 0.0 0.0 0.0 0.0 310.0 0.0 0.0 11.0 43.0 0.0 0.0 0.0 0.0 0.0 0.0 0.0 137.0 
0.0 0.0 0.0 0.0 0.0 0.0 0.0 25.0 0.0 90.0 0.0 0.0 0.0 0.0 0.0 0.0 0.0 0.0 0.0 0.0 0.0 0.0 0.0 0.0 137.0 0.0 
