q
914.0 5.0 234.0 566.0 182.0 431.0 498.0 342.0 233.0 708.0 545.0 1532.0 684.0 555.0 636.0 257.0 421.0 812.0 23.0 824.0 1448.0 1452.0 1072.0 1342.0 
l
0.0 0.0 0.0 0.0 0.0 0.0 0.0 0.0 0.0 152.0 94.0 264.0 0.0 0.0 0.0 66.0 106.0 201.0 0.0 0.0 0.0 0.0 0.0 0.0 
0.0 0.0 0.0 0.0 0.0 1.0 0.0 0.0 1.0 0.0 0.0 0.0 0.0 0.0 0.0 0.0 0.0 0.0 0.0 0.0 0.0 0.0 2.0 0.0 
0.0 0.0 0.0 0.0 0.0 0.0 0.0 0.0 0.0 0.0 66.0 140.0 0.0 0.0 0.0 0.0 19.0 0.0 0.0 0.0 0.0 0.0 0.0 0.0 
0.0 0.0 0.0 0.0 0.0 0.0 0.0 0.0 0.0 0.0 0.0 0.0 113.0 0.0 163.0 0.0 0.0 0.0 0.0 0.0 0.0 0.0 255.0 0.0 
0.0 0.0 0.0 0.0 0.0 14.0 0.0 0.0 0.0 0.0 0.0 0.0 0.0 0.0 0.0 0.0 0.0 72.0 0.0 0.0 0.0 0.0 84.0 0.0 
0.0 1.0 0.0 0.0 14.0 0.0 0.0 0.0 41.0 107.0 0.0 0.0 0.0 0.0 0.0 0.0 0.0 81.0 0.0 0.0 0.0 0.0 162.0 0.0 
0.0 0.0 0.0 0.0 0.0 0.0 0.0 0.0 0.0 0.0 0.0 241.0 0.0 95.0 0.0 0.0 0.0 0.0 6.0 134.0 0.0 0.0 0.0 0.0 
0.0 0.0 0.0 0.0 0.0 0.0 0.0 0.0 0.0 0.0 0.0 0.0 0.0 0.0 63.0 0.0 0.0 0.0 0.0 85.0 180.0 0.0 0.0 0.0 
0.0 1.0 0.0 0.0 0.0 41.0 0.0 0.0 0.0 50.0 0.0 0.0 0.0 0.0 0.0 0.0 0.0 0.0 0.0 0.0 0.0 127.0 0.0 0.0 
152.0 0.0 0.0 0.0 0.0 107.0 0.0 0.0 50.0 0.0 0.0 0.0 0.0 0.0 0.0 44.0 0.0 138.0 0.0 0.0 0.0 188.0 0.0 0.0 
94.0 0.0 66.0 0.0 0.0 0.0 0.0 0.0 0.0 0.0 0.0 0.0 0.0 0.0 0.0 29.0 85.0 0.0 0.0 0.0 0.0 251.0 0.0 0.0 
264.0 0.0 140.0 0.0 0.0 0.0 241.0 0.0 0.0 0.0 0.0 0.0 0.0 0.0 0.0 0.0 194.0 0.0 0.0 0.0 318.0 0.0 0.0 314.0 
0.0 0.0 0.0 113.0 0.0 0.0 0.0 0.0 0.0 0.0 0.0 0.0 0.0 89.0 104.0 0.0 0.0 0.0 0.0 112.0 0.0 0.0 0.0 245.0 
0.0 0.0 0.0 0.0 0.0 0.0 95.0 0.0 0.0 0.0 0.0 0.0 89.0 0.0 0.0 0.0 0.0 0.0 0.0 135.0 0.0 0.0 0.0 200.0 
0.0 0.0 0.0 163.0 0.0 0.0 0.0 63.0 0.0 0.0 0.0 0.0 104.0 0.0 0.0 0.0 0.0 0.0 0.0 83.0 195.0 0.0 0.0 0.0 
66.0 0.0 0.0 0.0 0.0 0.0 0.0 0.0 0.0 44.0 29.0 0.0 0.0 0.0 0.0 0.0 0.0 0.0 0.0 0.0 0.0 104.0 0.0 0.0 
106.0 0.0 19.0 0.0 0.0 0.0 0.0 0.0 0.0 0.0 85.0 194.0 0.0 0.0 0.0 0.0 0.0 0.0 0.0 0.0 0.0 0.0 0.0 0.0 
201.0 0.0 0.0 0.0 72.0 81.0 0.0 0.0 0.0 138.0 0.0 0.0 0.0 0.0 0.0 0.0 0.0 0.0 0.0 0.0 0.0 0.0 0.0 282.0 
0.0 0.0 0.0 0.0 0.0 0.0 6.0 0.0 0.0 0.0 0.0 0.0 0.0 0.0 0.0 0.0 0.0 0.0 0.0 0.0 17.0 0.0 0.0 0.0 
0.0 0.0 0.0 0.0 0.0 0.0 134.0 85.0 0.0 0.0 0.0 0.0 112.0 135.0 83.0 0.0 0.0 0.0 0.0 0.0 238.0 0.0 0.0 0.0 
0.0 0.0 0.0 0.0 0.0 0.0 0.0 180.0 0.0 0.0 0.0 318.0 0.0 0.0 195.0 0.0 0.0 0.0 17.0 238.0 0.0 448.0 0.0 0.0 
0.0 0.0 0.0 0.0 0.0 0.0 0.0 0.0 127.0 188.0 251.0 0.0 0.0 0.0 0.0 104.0 0.0 0.0 0.0 0.0 448.0 0.0 272.0 0.0 
0.0 2.0 0.0 255.0 84.0 162.0 0.0 0.0 0.0 0.0 0.0 0.0 0.0 0.0 0.0 0.0 0.0 0.0 0.0 0.0 0.0 272.0 0.0 232.0 
0.0 0.0 0.0 0.0 0.0 0.0 0.0 0.0 0.0 0.0 0.0 314.0 245.0 200.0 0.0 0.0 0.0 282.0 0.0 0.0 0.0 0.0 232.0 0.0 
