q
128.0 396.0 480.0 340.0 845.0 665.0 328.0 668.0 524.0 686.0 148.0 397.0 498.0 369.0 969.0 211.0 644.0 223.0 1607.0 51.0 1456.0 1156.0 1302.0 1387.0 
l
0.0 10.0 0.0 0.0 0.0 0.0 33.0 0.0 0.0 0.0 0.0 0.0 0.0 0.0 0.0 0.0 0.0 0.0 0.0 0.0 69.0 0.0 0.0 0.0 
10.0 0.0 0.0 0.0 0.0 0.0 64.0 0.0 45.0 0.0 0.0 0.0 0.0 0.0 0.0 0.0 87.0 0.0 0.0 0.0 177.0 0.0 0.0 0.0 
0.0 0.0 0.0 59.0 0.0 0.0 0.0 0.0 0.0 99.0 16.0 0.0 0.0 0.0 97.0 0.0 0.0 0.0 0.0 0.0 0.0 186.0 0.0 0.0 
0.0 0.0 59.0 0.0 0.0 0.0 0.0 0.0 0.0 58.0 39.0 0.0 0.0 0.0 0.0 0.0 0.0 0.0 171.0 0.0 0.0 0.0 0.0 0.0 
0.0 0.0 0.0 0.0 0.0 0.0 0.0 166.0 0.0 0.0 0.0 0.0 104.0 0.0 177.0 65.0 0.0 0.0 0.0 18.0 0.0 0.0 0.0 270.0 
0.0 0.0 0.0 0.0 0.0 0.0 0.0 0.0 107.0 0.0 0.0 87.0 0.0 0.0 0.0 0.0 115.0 34.0 0.0 0.0 0.0 0.0 0.0 285.0 
33.0 64.0 0.0 0.0 0.0 0.0 0.0 0.0 0.0 0.0 0.0 0.0 0.0 0.0 0.0 0.0 49.0 0.0 0.0 0.0 0.0 0.0 168.0 0.0 
0.0 0.0 0.0 0.0 166.0 0.0 0.0 0.0 0.0 72.0 0.0 0.0 0.0 80.0 125.0 0.0 0.0 0.0 198.0 0.0 0.0 0.0 0.0 0.0 
0.0 45.0 0.0 0.0 0.0 107.0 0.0 0.0 0.0 0.0 0.0 37.0 0.0 0.0 0.0 0.0 111.0 0.0 0.0 0.0 198.0 0.0 0.0 0.0 
0.0 0.0 99.0 58.0 0.0 0.0 0.0 72.0 0.0 0.0 0.0 0.0 0.0 84.0 150.0 0.0 0.0 0.0 195.0 0.0 0.0 0.0 0.0 0.0 
0.0 0.0 16.0 39.0 0.0 0.0 0.0 0.0 0.0 0.0 0.0 0.0 0.0 0.0 0.0 0.0 0.0 0.0 0.0 0.0 0.0 83.0 0.0 0.0 
0.0 0.0 0.0 0.0 0.0 87.0 0.0 0.0 37.0 0.0 0.0 0.0 0.0 0.0 0.0 0.0 0.0 52.0 0.0 0.0 197.0 0.0 0.0 0.0 
0.0 0.0 0.0 0.0 104.0 0.0 0.0 0.0 0.0 0.0 0.0 0.0 0.0 0.0 155.0 23.0 0.0 0.0 0.0 0.0 0.0 0.0 189.0 0.0 
0.0 0.0 0.0 0.0 0.0 0.0 0.0 80.0 0.0 84.0 0.0 0.0 0.0 0.0 0.0 0.0 0.0 0.0 193.0 0.0 0.0 0.0 0.0 0.0 
0.0 0.0 97.0 0.0 177.0 0.0 0.0 125.0 0.0 150.0 0.0 0.0 155.0 0.0 0.0 0.0 0.0 0.0 0.0 0.0 0.0 225.0 0.0 0.0 
0.0 0.0 0.0 0.0 65.0 0.0 0.0 0.0 0.0 0.0 0.0 0.0 23.0 0.0 0.0 0.0 0.0 0.0 0.0 6.0 0.0 0.0 101.0 0.0 
0.0 87.0 0.0 0.0 0.0 115.0 49.0 0.0 111.0 0.0 0.0 0.0 0.0 0.0 0.0 0.0 0.0 0.0 0.0 0.0 0.0 0.0 253.0 0.0 
0.0 0.0 0.0 0.0 0.0 34.0 0.0 0.0 0.0 0.0 0.0 52.0 0.0 0.0 0.0 0.0 0.0 0.0 0.0 0.0 0.0 0.0 0.0 122.0 
0.0 0.0 0.0 171.0 0.0 0.0 0.0 198.0 0.0 195.0 0.0 0.0 0.0 193.0 0.0 0.0 0.0 0.0 0.0 0.0 410.0 0.0 0.0 367.0 
0.0 0.0 0.0 0.0 18.0 0.0 0.0 0.0 0.0 0.0 0.0 0.0 0.0 0.0 0.0 6.0 0.0 0.0 0.0 0.0 0.0 0.0 0.0 24.0 
69.0 177.0 0.0 0.0 0.0 0.0 0.0 0.0 198.0 0.0 0.0 197.0 0.0 0.0 0.0 0.0 0.0 0.0 410.0 0.0 0.0 330.0 0.0 0.0 
0.0 0.0 186.0 0.0 0.0 0.0 0.0 0.0 0.0 0.0 83.0 0.0 0.0 0.0 225.0 0.0 0.0 0.0 0.0 0.0 330.0 0.0 282.0 0.0 
0.0 0.0 0.0 0.0 0.0 0.0 168.0 0.0 0.0 0.0 0.0 0.0 189.0 0.0 0.0 101.0 253.0 0.0 0.0 0.0 0.0 282.0 0.0 247.0 
0.0 0.0 0.0 0.0 270.0 285.0 0.0 0.0 0.0 0.0 0.0 0.0 0.0 0.0 0.0 0.0 0.0 122.0 367.0 24.0 0.0 0.0 247.0 0.0 
