q
522.0 896.0 1411.0 609.0 396.0 415.0 476.0 13.0 589.0 438.0 403.0 1044.0 113.0 253.0 12.0 622.0 1.0 1023.0 620.0 847.0 1537.0 1248.0 1541.0 811.0 
l
0.0 0.0 0.0 78.0 0.0 80.0 0.0 1.0 0.0 0.0 0.0 0.0 24.0 0.0 0.0 0.0 0.0 135.0 0.0 0.0 0.0 181.0 0.0 0.0 
0.0 0.0 186.0 0.0 0.0 0.0 0.0 0.0 0.0 94.0 0.0 173.0 0.0 95.0 0.0 0.0 0.0 200.0 0.0 106.0 0.0 0.0 0.0 0.0 
0.0 186.0 0.0 0.0 0.0 0.0 0.0 0.0 0.0 146.0 183.0 0.0 0.0 113.0 0.0 0.0 0.0 0.0 0.0 0.0 430.0 0.0 0.0 292.0 
78.0 0.0 0.0 0.0 99.0 0.0 0.0 0.0 0.0 0.0 0.0 132.0 0.0 0.0 0.0 0.0 0.0 109.0 0.0 0.0 0.0 170.0 0.0 0.0 
0.0 0.0 0.0 99.0 0.0 0.0 0.0 0.0 0.0 0.0 0.0 113.0 0.0 0.0 0.0 0.0 0.0 0.0 0.0 0.0 0.0 0.0 160.0 0.0 
80.0 0.0 0.0 0.0 0.0 0.0 0.0 0.0 0.0 0.0 0.0 0.0 9.0 0.0 0.0 0.0 0.0 128.0 0.0 0.0 178.0 0.0 0.0 0.0 
0.0 0.0 0.0 0.0 0.0 0.0 0.0 0.0 87.0 0.0 0.0 0.0 0.0 0.0 4.0 98.0 0.0 0.0 0.0 0.0 0.0 0.0 255.0 0.0 
1.0 0.0 0.0 0.0 0.0 0.0 0.0 0.0 0.0 0.0 0.0 0.0 3.0 0.0 0.0 0.0 0.0 0.0 0.0 0.0 0.0 9.0 0.0 0.0 
0.0 0.0 0.0 0.0 0.0 0.0 87.0 0.0 0.0 0.0 0.0 0.0 0.0 0.0 0.0 115.0 0.0 0.0 104.0 0.0 0.0 253.0 0.0 0.0 
0.0 94.0 146.0 0.0 0.0 0.0 0.0 0.0 0.0 0.0 41.0 0.0 0.0 32.0 0.0 0.0 0.0 0.0 0.0 109.0 0.0 0.0 0.0 0.0 
0.0 0.0 183.0 0.0 0.0 0.0 0.0 0.0 0.0 41.0 0.0 0.0 0.0 0.0 0.0 0.0 0.0 0.0 0.0 155.0 0.0 0.0 0.0 0.0 
0.0 173.0 0.0 132.0 113.0 0.0 0.0 0.0 0.0 0.0 0.0 0.0 0.0 0.0 0.0 0.0 0.0 224.0 0.0 154.0 0.0 0.0 205.0 0.0 
24.0 0.0 0.0 0.0 0.0 9.0 0.0 3.0 0.0 0.0 0.0 0.0 0.0 0.0 0.0 0.0 0.0 0.0 0.0 0.0 70.0 0.0 0.0 0.0 
0.0 95.0 113.0 0.0 0.0 0.0 0.0 0.0 0.0 32.0 0.0 0.0 0.0 0.0 0.0 0.0 0.0 0.0 0.0 0.0 0.0 0.0 0.0 0.0 
0.0 0.0 0.0 0.0 0.0 0.0 4.0 0.0 0.0 0.0 0.0 0.0 0.0 0.0 0.0 3.0 0.0 0.0 0.0 0.0 0.0 0.0 0.0 5.0 
0.0 0.0 0.0 0.0 0.0 0.0 98.0 0.0 115.0 0.0 0.0 0.0 0.0 0.0 3.0 0.0 0.0 0.0 140.0 0.0 0.0 0.0 0.0 234.0 
0.0 0.0 0.0 0.0 0.0 0.0 0.0 0.0 0.0 0.0 0.0 0.0 0.0 0.0 0.0 0.0 0.0 0.0 0.0 0.0 0.0 0.0 0.0 1.0 
135.0 200.0 0.0 109.0 0.0 128.0 0.0 0.0 0.0 0.0 0.0 224.0 0.0 0.0 0.0 0.0 0.0 0.0 0.0 0.0 183.0 0.0 0.0 0.0 
0.0 0.0 0.0 0.0 0.0 0.0 0.0 0.0 104.0 0.0 0.0 0.0 0.0 0.0 0.0 140.0 0.0 0.0 0.0 0.0 333.0 0.0 0.0 0.0 
0.0 106.0 0.0 0.0 0.0 0.0 0.0 0.0 0.0 109.0 155.0 154.0 0.0 0.0 0.0 0.0 0.0 0.0 0.0 0.0 0.0 0.0 286.0 0.0 
0.0 0.0 430.0 0.0 0.0 178.0 0.0 0.0 0.0 0.0 0.0 0.0 70.0 0.0 0.0 0.0 0.0 183.0 333.0 0.0 0.0 263.0 0.0 0.0 
181.0 0.0 0.0 170.0 0.0 0.0 0.0 9.0 253.0 0.0 0.0 0.0 0.0 0.0 0.0 0.0 0.0 0.0 0.0 0.0 263.0 0.0 322.0 0.0 
0.0 0.0 0.0 0.0 160.0 0.0 255.0 0.0 0.0 0.0 0.0 205.0 0.0 0.0 0.0 0.0 0.0 0.0 0.0 286.0 0.0 322.0 0.0 231.0 
0.0 0.0 292.0 0.0 0.0 0.0 0.0 0.0 0.0 0.0 0.0 0.0 0.0 0.0 5.0 234.0 1.0 0.0 0.0 0.0 0.0 0.0 231.0 0.0 
