q
557.0 788.0 525.0 626.0 919.0 1655.0 610.0 378.0 281.0 333.0 506.0 3.0 958.0 725.0 603.0 24.0 1.0 151.0 371.0 389.0 1333.0 1232.0 959.0 1773.0 
l
0.0 0.0 0.0 139.0 0.0 0.0 101.0 0.0 33.0 0.0 0.0 0.0 0.0 0.0 0.0 0.0 0.0 0.0 0.0 0.0 257.0 0.0 0.0 0.0 
0.0 0.0 163.0 0.0 119.0 0.0 0.0 0.0 0.0 0.0 0.0 0.0 137.0 0.0 110.0 0.0 0.0 0.0 0.0 0.0 0.0 0.0 0.0 216.0 
0.0 163.0 0.0 0.0 85.0 139.0 0.0 32.0 0.0 68.0 0.0 0.0 0.0 0.0 0.0 0.0 0.0 0.0 0.0 0.0 0.0 0.0 0.0 0.0 
139.0 0.0 0.0 0.0 0.0 0.0 102.0 0.0 0.0 0.0 0.0 0.0 0.0 0.0 0.0 0.0 0.0 0.0 0.0 0.0 0.0 0.0 0.0 339.0 
0.0 119.0 85.0 0.0 0.0 211.0 0.0 121.0 0.0 0.0 0.0 0.0 213.0 0.0 0.0 0.0 0.0 0.0 0.0 125.0 0.0 0.0 0.0 0.0 
0.0 0.0 139.0 0.0 211.0 0.0 0.0 171.0 0.0 217.0 0.0 0.0 0.0 0.0 0.0 0.0 0.0 0.0 0.0 0.0 402.0 0.0 0.0 425.0 
101.0 0.0 0.0 102.0 0.0 0.0 0.0 0.0 72.0 0.0 0.0 0.0 0.0 0.0 0.0 0.0 0.0 44.0 0.0 0.0 0.0 0.0 256.0 0.0 
0.0 0.0 32.0 0.0 121.0 171.0 0.0 0.0 0.0 31.0 0.0 0.0 0.0 0.0 0.0 0.0 0.0 0.0 0.0 0.0 0.0 0.0 0.0 0.0 
33.0 0.0 0.0 0.0 0.0 0.0 72.0 0.0 0.0 0.0 0.0 0.0 0.0 0.0 0.0 0.0 0.0 5.0 0.0 0.0 154.0 0.0 0.0 0.0 
0.0 0.0 68.0 0.0 0.0 217.0 0.0 31.0 0.0 0.0 0.0 0.0 0.0 0.0 0.0 0.0 0.0 0.0 0.0 0.0 0.0 0.0 0.0 0.0 
0.0 0.0 0.0 0.0 0.0 0.0 0.0 0.0 0.0 0.0 0.0 0.0 0.0 115.0 67.0 0.0 0.0 0.0 73.0 0.0 0.0 0.0 0.0 225.0 
0.0 0.0 0.0 0.0 0.0 0.0 0.0 0.0 0.0 0.0 0.0 0.0 0.0 0.0 0.0 0.0 0.0 0.0 1.0 0.0 0.0 0.0 2.0 0.0 
0.0 137.0 0.0 0.0 213.0 0.0 0.0 0.0 0.0 0.0 0.0 0.0 0.0 167.0 114.0 0.0 0.0 0.0 0.0 80.0 0.0 209.0 0.0 0.0 
0.0 0.0 0.0 0.0 0.0 0.0 0.0 0.0 0.0 0.0 115.0 0.0 167.0 0.0 86.0 6.0 0.0 0.0 118.0 0.0 0.0 199.0 0.0 0.0 
0.0 110.0 0.0 0.0 0.0 0.0 0.0 0.0 0.0 0.0 67.0 0.0 114.0 86.0 0.0 0.0 0.0 0.0 0.0 0.0 0.0 0.0 0.0 202.0 
0.0 0.0 0.0 0.0 0.0 0.0 0.0 0.0 0.0 0.0 0.0 0.0 0.0 6.0 0.0 0.0 0.0 0.0 3.0 0.0 0.0 15.0 0.0 0.0 
0.0 0.0 0.0 0.0 0.0 0.0 0.0 0.0 0.0 0.0 0.0 0.0 0.0 0.0 0.0 0.0 0.0 0.0 0.0 0.0 1.0 0.0 0.0 0.0 
0.0 0.0 0.0 0.0 0.0 0.0 44.0 0.0 5.0 0.0 0.0 0.0 0.0 0.0 0.0 0.0 0.0 0.0 0.0 0.0 90.0 0.0 0.0 0.0 
0.0 0.0 0.0 0.0 0.0 0.0 0.0 0.0 0.0 0.0 73.0 1.0 0.0 118.0 0.0 3.0 0.0 0.0 0.0 0.0 0.0 0.0 152.0 0.0 
0.0 0.0 0.0 0.0 125.0 0.0 0.0 0.0 0.0 0.0 0.0 0.0 80.0 0.0 0.0 0.0 0.0 0.0 0.0 0.0 0.0 162.0 0.0 0.0 
257.0 0.0 0.0 0.0 0.0 402.0 0.0 0.0 154.0 0.0 0.0 0.0 0.0 0.0 0.0 0.0 1.0 90.0 0.0 0.0 0.0 352.0 0.0 0.0 
0.0 0.0 0.0 0.0 0.0 0.0 0.0 0.0 0.0 0.0 0.0 0.0 209.0 199.0 0.0 15.0 0.0 0.0 0.0 162.0 352.0 0.0 241.0 0.0 
0.0 0.0 0.0 0.0 0.0 0.0 256.0 0.0 0.0 0.0 0.0 2.0 0.0 0.0 0.0 0.0 0.0 0.0 152.0 0.0 0.0 241.0 0.0 259.0 
0.0 216.0 0.0 339.0 0.0 425.0 0.0 0.0 0.0 0.0 225.0 0.0 0.0 0.0 202.0 0.0 0.0 0.0 0.0 0.0 0.0 0.0 259.0 0.0 
