q
580.0 495.0 85.0 832.0 675.0 75.0 481.0 540.0 689.0 559.0 743.0 700.0 376.0 163.0 379.0 280.0 1787.0 870.0 1.0 355.0 930.0 1694.0 1130.0 1199.0 
l
0.0 0.0 24.0 0.0 0.0 23.0 0.0 71.0 0.0 0.0 118.0 0.0 0.0 0.0 0.0 0.0 241.0 0.0 0.0 74.0 0.0 0.0 0.0 0.0 
0.0 0.0 0.0 0.0 125.0 0.0 0.0 0.0 0.0 119.0 0.0 0.0 0.0 0.0 0.0 0.0 0.0 0.0 0.0 0.0 0.0 0.0 221.0 0.0 
24.0 0.0 0.0 0.0 0.0 7.0 0.0 0.0 0.0 0.0 0.0 0.0 0.0 0.0 0.0 0.0 0.0 0.0 0.0 7.0 40.0 0.0 0.0 0.0 
0.0 0.0 0.0 0.0 0.0 0.0 83.0 0.0 137.0 0.0 0.0 179.0 0.0 0.0 0.0 0.0 0.0 117.0 0.0 0.0 0.0 290.0 0.0 0.0 
0.0 125.0 0.0 0.0 0.0 0.0 0.0 84.0 0.0 105.0 88.0 0.0 0.0 0.0 0.0 0.0 0.0 0.0 0.0 0.0 0.0 239.0 0.0 0.0 
23.0 0.0 7.0 0.0 0.0 0.0 0.0 0.0 0.0 0.0 0.0 0.0 0.0 0.0 0.0 0.0 0.0 0.0 0.0 0.0 43.0 0.0 0.0 0.0 
0.0 0.0 0.0 83.0 0.0 0.0 0.0 0.0 0.0 0.0 0.0 0.0 72.0 0.0 0.0 0.0 0.0 105.0 0.0 0.0 0.0 195.0 0.0 0.0 
71.0 0.0 0.0 0.0 84.0 0.0 0.0 0.0 0.0 54.0 103.0 0.0 0.0 0.0 0.0 0.0 203.0 0.0 0.0 0.0 0.0 0.0 0.0 0.0 
0.0 0.0 0.0 137.0 0.0 0.0 0.0 0.0 0.0 0.0 0.0 98.0 0.0 0.0 89.0 0.0 0.0 177.0 0.0 0.0 0.0 0.0 0.0 168.0 
0.0 119.0 0.0 0.0 105.0 0.0 0.0 54.0 0.0 0.0 0.0 0.0 0.0 0.0 0.0 0.0 254.0 0.0 0.0 0.0 0.0 0.0 0.0 0.0 
118.0 0.0 0.0 0.0 88.0 0.0 0.0 103.0 0.0 0.0 0.0 0.0 0.0 0.0 0.0 0.0 0.0 0.0 0.0 110.0 0.0 282.0 0.0 0.0 
0.0 0.0 0.0 179.0 0.0 0.0 0.0 0.0 98.0 0.0 0.0 0.0 0.0 48.0 79.0 70.0 0.0 0.0 0.0 0.0 0.0 0.0 197.0 0.0 
0.0 0.0 0.0 0.0 0.0 0.0 72.0 0.0 0.0 0.0 0.0 0.0 0.0 0.0 0.0 0.0 0.0 131.0 0.0 0.0 155.0 0.0 0.0 0.0 
0.0 0.0 0.0 0.0 0.0 0.0 0.0 0.0 0.0 0.0 0.0 48.0 0.0 0.0 0.0 17.0 0.0 0.0 0.0 0.0 0.0 0.0 87.0 0.0 
0.0 0.0 0.0 0.0 0.0 0.0 0.0 0.0 89.0 0.0 0.0 79.0 0.0 0.0 0.0 27.0 0.0 0.0 0.0 0.0 0.0 0.0 0.0 156.0 
0.0 0.0 0.0 0.0 0.0 0.0 0.0 0.0 0.0 0.0 0.0 70.0 0.0 17.0 27.0 0.0 0.0 0.0 0.0 0.0 0.0 0.0 0.0 150.0 
241.0 0.0 0.0 0.0 0.0 0.0 0.0 203.0 0.0 254.0 0.0 0.0 0.0 0.0 0.0 0.0 0.0 306.0 0.0 0.0 262.0 0.0 0.0 441.0 
0.0 0.0 0.0 117.0 0.0 0.0 105.0 0.0 177.0 0.0 0.0 0.0 131.0 0.0 0.0 0.0 306.0 0.0 0.0 0.0 0.0 0.0 0.0 0.0 
0.0 0.0 0.0 0.0 0.0 0.0 0.0 0.0 0.0 0.0 0.0 0.0 0.0 0.0 0.0 0.0 0.0 0.0 0.0 0.0 0.0 0.0 0.0 1.0 
74.0 0.0 7.0 0.0 0.0 0.0 0.0 0.0 0.0 0.0 110.0 0.0 0.0 0.0 0.0 0.0 0.0 0.0 0.0 0.0 143.0 0.0 0.0 0.0 
0.0 0.0 40.0 0.0 0.0 43.0 0.0 0.0 0.0 0.0 0.0 0.0 155.0 0.0 0.0 0.0 262.0 0.0 0.0 143.0 0.0 261.0 0.0 0.0 
0.0 0.0 0.0 290.0 239.0 0.0 195.0 0.0 0.0 0.0 282.0 0.0 0.0 0.0 0.0 0.0 0.0 0.0 0.0 0.0 261.0 0.0 338.0 0.0 
0.0 221.0 0.0 0.0 0.0 0.0 0.0 0.0 0.0 0.0 0.0 197.0 0.0 87.0 0.0 0.0 0.0 0.0 0.0 0.0 0.0 338.0 0.0 217.0 
0.0 0.0 0.0 0.0 0.0 0.0 0.0 0.0 168.0 0.0 0.0 0.0 0.0 0.0 156.0 150.0 441.0 0.0 1.0 0.0 0.0 0.0 217.0 0.0 
