q
564.0 1475.0 1413.0 367.0 1263.0 322.0 307.0 1198.0 1393.0 1499.0 331.0 749.0 516.0 1527.0 347.0 1119.0 663.0 630.0 314.0 329.0 
l
0.0 0.0 94.0 0.0 0.0 71.0 0.0 0.0 0.0 295.0 80.0 0.0 0.0 0.0 0.0 0.0 0.0 0.0 0.0 0.0 
0.0 0.0 0.0 0.0 301.0 0.0 0.0 0.0 91.0 228.0 0.0 0.0 0.0 274.0 0.0 204.0 0.0 306.0 0.0 0.0 
94.0 0.0 0.0 0.0 0.0 224.0 0.0 0.0 0.0 284.0 228.0 0.0 0.0 512.0 0.0 0.0 0.0 0.0 0.0 0.0 
0.0 0.0 0.0 0.0 0.0 0.0 0.0 166.0 0.0 0.0 0.0 98.0 66.0 0.0 0.0 0.0 0.0 0.0 22.0 0.0 
0.0 301.0 0.0 0.0 0.0 0.0 224.0 0.0 181.0 0.0 0.0 133.0 182.0 192.0 0.0 0.0 0.0 0.0 0.0 0.0 
71.0 0.0 224.0 0.0 0.0 0.0 0.0 0.0 0.0 0.0 9.0 0.0 0.0 0.0 0.0 0.0 0.0 0.0 0.0 0.0 
0.0 0.0 0.0 0.0 224.0 0.0 0.0 0.0 0.0 0.0 0.0 0.0 69.0 0.0 0.0 0.0 0.0 0.0 0.0 0.0 
0.0 0.0 0.0 166.0 0.0 0.0 0.0 0.0 387.0 0.0 0.0 64.0 111.0 230.0 0.0 0.0 0.0 0.0 177.0 0.0 
0.0 91.0 0.0 0.0 181.0 0.0 0.0 387.0 0.0 307.0 0.0 0.0 0.0 0.0 0.0 365.0 0.0 0.0 0.0 0.0 
295.0 228.0 284.0 0.0 0.0 0.0 0.0 0.0 307.0 0.0 0.0 0.0 0.0 0.0 0.0 0.0 310.0 0.0 0.0 0.0 
80.0 0.0 228.0 0.0 0.0 9.0 0.0 0.0 0.0 0.0 0.0 0.0 0.0 0.0 0.0 0.0 0.0 0.0 0.0 0.0 
0.0 0.0 0.0 98.0 133.0 0.0 0.0 64.0 0.0 0.0 0.0 0.0 61.0 261.0 0.0 0.0 0.0 0.0 99.0 0.0 
0.0 0.0 0.0 66.0 182.0 0.0 69.0 111.0 0.0 0.0 0.0 61.0 0.0 0.0 0.0 0.0 0.0 0.0 0.0 0.0 
0.0 274.0 512.0 0.0 192.0 0.0 0.0 230.0 0.0 0.0 0.0 261.0 0.0 0.0 0.0 0.0 0.0 0.0 0.0 0.0 
0.0 0.0 0.0 0.0 0.0 0.0 0.0 0.0 0.0 0.0 0.0 0.0 0.0 0.0 0.0 135.0 110.0 60.0 0.0 30.0 
0.0 204.0 0.0 0.0 0.0 0.0 0.0 0.0 365.0 0.0 0.0 0.0 0.0 0.0 135.0 0.0 124.0 54.0 0.0 187.0 
0.0 0.0 0.0 0.0 0.0 0.0 0.0 0.0 0.0 310.0 0.0 0.0 0.0 0.0 110.0 124.0 0.0 88.0 0.0 0.0 
0.0 306.0 0.0 0.0 0.0 0.0 0.0 0.0 0.0 0.0 0.0 0.0 0.0 0.0 60.0 54.0 88.0 0.0 0.0 92.0 
0.0 0.0 0.0 22.0 0.0 0.0 0.0 177.0 0.0 0.0 0.0 99.0 0.0 0.0 0.0 0.0 0.0 0.0 0.0 0.0 
0.0 0.0 0.0 0.0 0.0 0.0 0.0 0.0 0.0 0.0 0.0 0.0 0.0 0.0 30.0 187.0 0.0 92.0 0.0 0.0 
