q
407.0 496.0 1123.0 800.0 37.0 628.0 1074.0 1530.0 397.0 159.0 576.0 699.0 124.0 408.0 344.0 329.0 1440.0 569.0 383.0 5.0 1168.0 1689.0 1163.0 1086.0 
l
0.0 0.0 0.0 99.0 0.0 73.0 0.0 0.0 0.0 0.0 0.0 0.0 0.0 0.0 0.0 0.0 0.0 0.0 0.0 0.0 206.0 0.0 0.0 0.0 
0.0 0.0 0.0 0.0 0.0 0.0 0.0 254.0 0.0 0.0 0.0 0.0 0.0 0.0 0.0 48.0 0.0 29.0 0.0 0.0 0.0 0.0 134.0 0.0 
0.0 0.0 0.0 0.0 0.0 0.0 152.0 270.0 0.0 0.0 104.0 187.0 0.0 158.0 0.0 0.0 201.0 0.0 0.0 0.0 0.0 0.0 0.0 0.0 
99.0 0.0 0.0 0.0 0.0 159.0 0.0 0.0 0.0 38.0 0.0 0.0 22.0 0.0 94.0 0.0 0.0 0.0 0.0 0.0 0.0 343.0 0.0 0.0 
0.0 0.0 0.0 0.0 0.0 0.0 0.0 0.0 0.0 10.0 0.0 0.0 8.0 0.0 0.0 0.0 0.0 0.0 0.0 0.0 0.0 0.0 17.0 0.0 
73.0 0.0 0.0 159.0 0.0 0.0 0.0 0.0 0.0 0.0 0.0 0.0 0.0 0.0 78.0 0.0 287.0 0.0 0.0 0.0 0.0 0.0 0.0 0.0 
0.0 0.0 152.0 0.0 0.0 0.0 0.0 273.0 166.0 0.0 129.0 0.0 0.0 0.0 0.0 0.0 0.0 0.0 112.0 0.0 200.0 0.0 0.0 0.0 
0.0 254.0 270.0 0.0 0.0 0.0 273.0 0.0 0.0 0.0 0.0 157.0 0.0 0.0 0.0 0.0 0.0 185.0 0.0 0.0 0.0 313.0 0.0 0.0 
0.0 0.0 0.0 0.0 0.0 0.0 166.0 0.0 0.0 0.0 0.0 0.0 0.0 0.0 0.0 0.0 0.0 0.0 0.0 0.0 0.0 208.0 0.0 0.0 
0.0 0.0 0.0 38.0 10.0 0.0 0.0 0.0 0.0 0.0 0.0 0.0 16.0 0.0 7.0 0.0 0.0 0.0 0.0 0.0 0.0 0.0 0.0 78.0 
0.0 0.0 104.0 0.0 0.0 0.0 129.0 0.0 0.0 0.0 0.0 0.0 0.0 54.0 0.0 0.0 159.0 0.0 94.0 2.0 0.0 0.0 0.0 0.0 
0.0 0.0 187.0 0.0 0.0 0.0 0.0 157.0 0.0 0.0 0.0 0.0 0.0 0.0 0.0 0.0 0.0 126.0 0.0 0.0 0.0 0.0 0.0 193.0 
0.0 0.0 0.0 22.0 8.0 0.0 0.0 0.0 0.0 16.0 0.0 0.0 0.0 0.0 0.0 0.0 0.0 0.0 0.0 0.0 0.0 73.0 0.0 0.0 
0.0 0.0 158.0 0.0 0.0 0.0 0.0 0.0 0.0 0.0 54.0 0.0 0.0 0.0 0.0 0.0 169.0 0.0 0.0 0.0 0.0 0.0 0.0 0.0 
0.0 0.0 0.0 94.0 0.0 78.0 0.0 0.0 0.0 7.0 0.0 0.0 0.0 0.0 0.0 0.0 0.0 0.0 0.0 0.0 0.0 0.0 0.0 144.0 
0.0 48.0 0.0 0.0 0.0 0.0 0.0 0.0 0.0 0.0 0.0 0.0 0.0 0.0 0.0 0.0 0.0 84.0 0.0 0.0 0.0 0.0 173.0 0.0 
0.0 0.0 201.0 0.0 0.0 287.0 0.0 0.0 0.0 0.0 159.0 0.0 0.0 169.0 0.0 0.0 0.0 0.0 0.0 0.0 238.0 0.0 0.0 323.0 
0.0 29.0 0.0 0.0 0.0 0.0 0.0 185.0 0.0 0.0 0.0 126.0 0.0 0.0 0.0 84.0 0.0 0.0 0.0 0.0 0.0 0.0 116.0 0.0 
0.0 0.0 0.0 0.0 0.0 0.0 112.0 0.0 0.0 0.0 94.0 0.0 0.0 0.0 0.0 0.0 0.0 0.0 0.0 0.0 155.0 0.0 0.0 0.0 
0.0 0.0 0.0 0.0 0.0 0.0 0.0 0.0 0.0 0.0 2.0 0.0 0.0 0.0 0.0 0.0 0.0 0.0 0.0 0.0 3.0 0.0 0.0 0.0 
206.0 0.0 0.0 0.0 0.0 0.0 200.0 0.0 0.0 0.0 0.0 0.0 0.0 0.0 0.0 0.0 238.0 0.0 155.0 3.0 0.0 314.0 0.0 0.0 
0.0 0.0 0.0 343.0 0.0 0.0 0.0 313.0 208.0 0.0 0.0 0.0 73.0 0.0 0.0 0.0 0.0 0.0 0.0 0.0 314.0 0.0 357.0 0.0 
0.0 134.0 0.0 0.0 17.0 0.0 0.0 0.0 0.0 0.0 0.0 0.0 0.0 0.0 0.0 173.0 0.0 116.0 0.0 0.0 0.0 357.0 0.0 297.0 
0.0 0.0 0.0 0.0 0.0 0.0 0.0 0.0 0.0 78.0 0.0 193.0 0.0 0.0 144.0 0.0 323.0 0.0 0.0 0.0 0.0 0.0 297.0 0.0 
