q
391.0 1338.0 170.0 621.0 517.0 632.0 373.0 409.0 737.0 654.0 517.0 175.0 87.0 1344.0 702.0 461.0 1.0 859.0 82.0 633.0 1677.0 1447.0 640.0 1519.0 
l
0.0 0.0 0.0 0.0 0.0 0.0 0.0 0.0 0.0 81.0 0.0 0.0 0.0 172.0 0.0 0.0 0.0 0.0 0.0 0.0 0.0 0.0 119.0 0.0 
0.0 0.0 0.0 0.0 0.0 0.0 0.0 0.0 0.0 0.0 206.0 0.0 0.0 0.0 211.0 177.0 0.0 0.0 50.0 0.0 357.0 0.0 0.0 275.0 
0.0 0.0 0.0 0.0 0.0 33.0 0.0 0.0 35.0 0.0 0.0 0.0 0.0 0.0 0.0 0.0 0.0 0.0 0.0 0.0 0.0 93.0 0.0 0.0 
0.0 0.0 0.0 0.0 0.0 0.0 78.0 0.0 0.0 121.0 0.0 0.0 0.0 153.0 0.0 0.0 0.0 0.0 0.0 37.0 198.0 0.0 0.0 0.0 
0.0 0.0 0.0 0.0 0.0 0.0 0.0 0.0 114.0 0.0 0.0 0.0 0.0 0.0 129.0 0.0 0.0 0.0 0.0 0.0 246.0 0.0 0.0 0.0 
0.0 0.0 33.0 0.0 0.0 0.0 0.0 114.0 74.0 0.0 0.0 0.0 27.0 0.0 0.0 0.0 0.0 136.0 0.0 0.0 0.0 220.0 0.0 0.0 
0.0 0.0 0.0 78.0 0.0 0.0 0.0 0.0 0.0 0.0 0.0 0.0 0.0 0.0 0.0 0.0 0.0 0.0 0.0 72.0 198.0 0.0 0.0 0.0 
0.0 0.0 0.0 0.0 0.0 114.0 0.0 0.0 0.0 0.0 0.0 0.0 20.0 0.0 0.0 0.0 0.0 73.0 0.0 0.0 0.0 0.0 0.0 188.0 
0.0 0.0 35.0 0.0 114.0 74.0 0.0 0.0 0.0 0.0 0.0 0.0 0.0 0.0 153.0 0.0 0.0 126.0 0.0 0.0 0.0 215.0 0.0 0.0 
81.0 0.0 0.0 121.0 0.0 0.0 0.0 0.0 0.0 0.0 0.0 0.0 0.0 182.0 0.0 0.0 0.0 0.0 0.0 0.0 0.0 241.0 0.0 0.0 
0.0 206.0 0.0 0.0 0.0 0.0 0.0 0.0 0.0 0.0 0.0 0.0 0.0 190.0 0.0 0.0 0.0 0.0 0.0 101.0 0.0 0.0 0.0 0.0 
0.0 0.0 0.0 0.0 0.0 0.0 0.0 0.0 0.0 0.0 0.0 0.0 0.0 0.0 0.0 46.0 0.0 0.0 10.0 0.0 0.0 0.0 0.0 111.0 
0.0 0.0 0.0 0.0 0.0 27.0 0.0 20.0 0.0 0.0 0.0 0.0 0.0 0.0 0.0 0.0 0.0 0.0 0.0 0.0 0.0 0.0 37.0 0.0 
172.0 0.0 0.0 153.0 0.0 0.0 0.0 0.0 0.0 182.0 190.0 0.0 0.0 0.0 0.0 0.0 0.0 0.0 0.0 177.0 0.0 0.0 0.0 405.0 
0.0 211.0 0.0 0.0 129.0 0.0 0.0 0.0 153.0 0.0 0.0 0.0 0.0 0.0 0.0 74.0 0.0 112.0 0.0 0.0 0.0 0.0 0.0 0.0 
0.0 177.0 0.0 0.0 0.0 0.0 0.0 0.0 0.0 0.0 0.0 46.0 0.0 0.0 74.0 0.0 0.0 130.0 17.0 0.0 0.0 0.0 0.0 0.0 
0.0 0.0 0.0 0.0 0.0 0.0 0.0 0.0 0.0 0.0 0.0 0.0 0.0 0.0 0.0 0.0 0.0 0.0 0.0 0.0 0.0 0.0 1.0 0.0 
0.0 0.0 0.0 0.0 0.0 136.0 0.0 73.0 126.0 0.0 0.0 0.0 0.0 0.0 112.0 130.0 0.0 0.0 0.0 0.0 0.0 0.0 0.0 248.0 
0.0 50.0 0.0 0.0 0.0 0.0 0.0 0.0 0.0 0.0 0.0 10.0 0.0 0.0 0.0 17.0 0.0 0.0 0.0 0.0 0.0 0.0 0.0 0.0 
0.0 0.0 0.0 37.0 0.0 0.0 72.0 0.0 0.0 0.0 101.0 0.0 0.0 177.0 0.0 0.0 0.0 0.0 0.0 0.0 217.0 0.0 0.0 0.0 
0.0 357.0 0.0 198.0 246.0 0.0 198.0 0.0 0.0 0.0 0.0 0.0 0.0 0.0 0.0 0.0 0.0 0.0 0.0 217.0 0.0 379.0 0.0 0.0 
0.0 0.0 93.0 0.0 0.0 220.0 0.0 0.0 215.0 241.0 0.0 0.0 0.0 0.0 0.0 0.0 0.0 0.0 0.0 0.0 379.0 0.0 229.0 0.0 
119.0 0.0 0.0 0.0 0.0 0.0 0.0 0.0 0.0 0.0 0.0 0.0 37.0 0.0 0.0 0.0 1.0 0.0 0.0 0.0 0.0 229.0 0.0 215.0 
0.0 275.0 0.0 0.0 0.0 0.0 0.0 188.0 0.0 0.0 0.0 111.0 0.0 405.0 0.0 0.0 0.0 248.0 0.0 0.0 0.0 0.0 215.0 0.0 
