q
453.0 650.0 518.0 1391.0 402.0 532.0 494.0 959.0 995.0 30.0 637.0 1628.0 218.0 367.0 453.0 167.0 514.0 34.0 5.0 482.0 1462.0 1482.0 1269.0 1362.0 
l
0.0 123.0 0.0 135.0 0.0 0.0 0.0 0.0 123.0 0.0 0.0 0.0 0.0 0.0 53.0 0.0 0.0 0.0 1.0 0.0 0.0 0.0 0.0 0.0 
123.0 0.0 0.0 0.0 0.0 0.0 0.0 160.0 168.0 0.0 0.0 0.0 0.0 0.0 0.0 0.0 0.0 0.0 0.0 0.0 0.0 0.0 0.0 162.0 
0.0 0.0 0.0 0.0 0.0 0.0 0.0 0.0 0.0 0.0 62.0 245.0 0.0 45.0 0.0 0.0 0.0 0.0 0.0 0.0 0.0 139.0 0.0 0.0 
135.0 0.0 0.0 0.0 0.0 0.0 0.0 0.0 0.0 0.0 0.0 0.0 0.0 0.0 177.0 0.0 0.0 0.0 4.0 270.0 317.0 0.0 0.0 404.0 
0.0 0.0 0.0 0.0 0.0 0.0 0.0 119.0 0.0 4.0 0.0 0.0 0.0 0.0 0.0 0.0 74.0 5.0 0.0 0.0 0.0 0.0 0.0 180.0 
0.0 0.0 0.0 0.0 0.0 0.0 0.0 0.0 0.0 0.0 0.0 0.0 0.0 0.0 0.0 0.0 0.0 0.0 0.0 162.0 0.0 329.0 0.0 0.0 
0.0 0.0 0.0 0.0 0.0 0.0 0.0 0.0 0.0 0.0 52.0 190.0 0.0 0.0 0.0 0.0 111.0 0.0 0.0 0.0 0.0 0.0 124.0 0.0 
0.0 160.0 0.0 0.0 119.0 0.0 0.0 0.0 0.0 0.0 0.0 311.0 0.0 0.0 0.0 0.0 138.0 11.0 0.0 0.0 0.0 0.0 0.0 167.0 
123.0 168.0 0.0 0.0 0.0 0.0 0.0 0.0 0.0 0.0 0.0 298.0 57.0 0.0 122.0 0.0 0.0 0.0 0.0 0.0 171.0 0.0 0.0 0.0 
0.0 0.0 0.0 0.0 4.0 0.0 0.0 0.0 0.0 0.0 0.0 0.0 0.0 0.0 0.0 0.0 7.0 0.0 0.0 0.0 0.0 0.0 18.0 0.0 
0.0 0.0 62.0 0.0 0.0 0.0 52.0 0.0 0.0 0.0 0.0 211.0 0.0 122.0 0.0 0.0 0.0 0.0 0.0 0.0 0.0 0.0 170.0 0.0 
0.0 0.0 245.0 0.0 0.0 0.0 190.0 311.0 298.0 0.0 211.0 0.0 0.0 0.0 0.0 0.0 0.0 0.0 0.0 0.0 295.0 0.0 0.0 0.0 
0.0 0.0 0.0 0.0 0.0 0.0 0.0 0.0 57.0 0.0 0.0 0.0 0.0 0.0 36.0 3.0 0.0 0.0 0.0 0.0 109.0 0.0 0.0 0.0 
0.0 0.0 45.0 0.0 0.0 0.0 0.0 0.0 0.0 0.0 122.0 0.0 0.0 0.0 0.0 0.0 0.0 0.0 0.0 0.0 0.0 185.0 0.0 0.0 
53.0 0.0 0.0 177.0 0.0 0.0 0.0 0.0 122.0 0.0 0.0 0.0 36.0 0.0 0.0 40.0 0.0 0.0 0.0 0.0 0.0 0.0 0.0 0.0 
0.0 0.0 0.0 0.0 0.0 0.0 0.0 0.0 0.0 0.0 0.0 0.0 3.0 0.0 40.0 0.0 0.0 0.0 0.0 0.0 115.0 0.0 0.0 0.0 
0.0 0.0 0.0 0.0 74.0 0.0 111.0 138.0 0.0 7.0 0.0 0.0 0.0 0.0 0.0 0.0 0.0 0.0 0.0 0.0 0.0 0.0 154.0 0.0 
0.0 0.0 0.0 0.0 5.0 0.0 0.0 11.0 0.0 0.0 0.0 0.0 0.0 0.0 0.0 0.0 0.0 0.0 0.0 0.0 0.0 0.0 0.0 16.0 
1.0 0.0 0.0 4.0 0.0 0.0 0.0 0.0 0.0 0.0 0.0 0.0 0.0 0.0 0.0 0.0 0.0 0.0 0.0 0.0 0.0 0.0 0.0 0.0 
0.0 0.0 0.0 270.0 0.0 162.0 0.0 0.0 0.0 0.0 0.0 0.0 0.0 0.0 0.0 0.0 0.0 0.0 0.0 0.0 0.0 0.0 0.0 0.0 
0.0 0.0 0.0 317.0 0.0 0.0 0.0 0.0 171.0 0.0 0.0 295.0 109.0 0.0 0.0 115.0 0.0 0.0 0.0 0.0 0.0 388.0 0.0 0.0 
0.0 0.0 139.0 0.0 0.0 329.0 0.0 0.0 0.0 0.0 0.0 0.0 0.0 185.0 0.0 0.0 0.0 0.0 0.0 0.0 388.0 0.0 365.0 0.0 
0.0 0.0 0.0 0.0 0.0 0.0 124.0 0.0 0.0 18.0 170.0 0.0 0.0 0.0 0.0 0.0 154.0 0.0 0.0 0.0 0.0 365.0 0.0 369.0 
0.0 162.0 0.0 404.0 180.0 0.0 0.0 167.0 0.0 0.0 0.0 0.0 0.0 0.0 0.0 0.0 0.0 16.0 0.0 0.0 0.0 0.0 369.0 0.0 
