q
937.0 341.0 310.0 277.0 422.0 1220.0 1220.0 649.0 1041.0 911.0 4.0 561.0 598.0 361.0 1.0 100.0 123.0 136.0 1551.0 578.0 968.0 1151.0 310.0 1421.0 807.0 
l
0.0 137.0 0.0 0.0 0.0 0.0 0.0 127.0 0.0 153.0 0.0 0.0 0.0 0.0 0.0 0.0 0.0 47.0 306.0 122.0 0.0 0.0 0.0 0.0 0.0 
137.0 0.0 0.0 0.0 0.0 0.0 0.0 79.0 0.0 111.0 0.0 0.0 0.0 0.0 0.0 0.0 0.0 0.0 0.0 0.0 0.0 0.0 0.0 0.0 0.0 
0.0 0.0 0.0 0.0 0.0 0.0 0.0 0.0 179.0 0.0 0.0 107.0 0.0 0.0 0.0 0.0 0.0 0.0 0.0 0.0 0.0 0.0 0.0 0.0 0.0 
0.0 0.0 0.0 0.0 0.0 0.0 0.0 0.0 0.0 0.0 0.0 0.0 0.0 0.0 0.0 10.0 23.0 0.0 0.0 0.0 103.0 0.0 0.0 128.0 0.0 
0.0 0.0 0.0 0.0 0.0 0.0 0.0 0.0 0.0 0.0 0.0 0.0 0.0 0.0 0.0 0.0 0.0 0.0 0.0 0.0 122.0 167.0 0.0 0.0 112.0 
0.0 0.0 0.0 0.0 0.0 0.0 264.0 0.0 201.0 0.0 0.0 0.0 168.0 116.0 0.0 0.0 62.0 0.0 0.0 0.0 350.0 0.0 0.0 0.0 0.0 
0.0 0.0 0.0 0.0 0.0 264.0 0.0 0.0 147.0 0.0 0.0 145.0 0.0 0.0 0.0 0.0 0.0 0.0 150.0 125.0 0.0 341.0 0.0 0.0 0.0 
127.0 79.0 0.0 0.0 0.0 0.0 0.0 0.0 0.0 138.0 1.0 0.0 0.0 0.0 0.0 0.0 0.0 0.0 0.0 0.0 0.0 0.0 0.0 266.0 0.0 
0.0 0.0 179.0 0.0 0.0 201.0 147.0 0.0 0.0 0.0 0.0 71.0 0.0 137.0 0.0 0.0 0.0 0.0 267.0 0.0 0.0 0.0 0.0 0.0 0.0 
153.0 111.0 0.0 0.0 0.0 0.0 0.0 138.0 0.0 0.0 2.0 0.0 0.0 0.0 0.0 0.0 0.0 0.0 0.0 0.0 0.0 248.0 0.0 0.0 209.0 
0.0 0.0 0.0 0.0 0.0 0.0 0.0 1.0 0.0 2.0 0.0 0.0 0.0 0.0 0.0 0.0 0.0 0.0 0.0 0.0 0.0 0.0 0.0 0.0 0.0 
0.0 0.0 107.0 0.0 0.0 0.0 145.0 0.0 71.0 0.0 0.0 0.0 0.0 0.0 0.0 0.0 0.0 0.0 211.0 0.0 0.0 0.0 0.0 0.0 0.0 
0.0 0.0 0.0 0.0 0.0 168.0 0.0 0.0 0.0 0.0 0.0 0.0 0.0 92.0 0.0 26.0 26.0 0.0 0.0 0.0 0.0 0.0 0.0 251.0 0.0 
0.0 0.0 0.0 0.0 0.0 116.0 0.0 0.0 137.0 0.0 0.0 0.0 92.0 0.0 0.0 0.0 0.0 0.0 0.0 0.0 0.0 0.0 0.0 0.0 0.0 
0.0 0.0 0.0 0.0 0.0 0.0 0.0 0.0 0.0 0.0 0.0 0.0 0.0 0.0 0.0 0.0 0.0 0.0 0.0 0.0 1.0 0.0 0.0 0.0 0.0 
0.0 0.0 0.0 10.0 0.0 0.0 0.0 0.0 0.0 0.0 0.0 0.0 26.0 0.0 0.0 0.0 9.0 0.0 0.0 0.0 0.0 0.0 0.0 53.0 0.0 
0.0 0.0 0.0 23.0 0.0 62.0 0.0 0.0 0.0 0.0 0.0 0.0 26.0 0.0 0.0 9.0 0.0 0.0 0.0 0.0 0.0 0.0 0.0 0.0 0.0 
47.0 0.0 0.0 0.0 0.0 0.0 0.0 0.0 0.0 0.0 0.0 0.0 0.0 0.0 0.0 0.0 0.0 0.0 0.0 40.0 0.0 43.0 0.0 0.0 0.0 
306.0 0.0 0.0 0.0 0.0 0.0 150.0 0.0 267.0 0.0 0.0 211.0 0.0 0.0 0.0 0.0 0.0 0.0 0.0 139.0 0.0 0.0 0.0 407.0 0.0 
122.0 0.0 0.0 0.0 0.0 0.0 125.0 0.0 0.0 0.0 0.0 0.0 0.0 0.0 0.0 0.0 0.0 40.0 139.0 0.0 0.0 126.0 0.0 0.0 0.0 
0.0 0.0 0.0 103.0 122.0 350.0 0.0 0.0 0.0 0.0 0.0 0.0 0.0 0.0 1.0 0.0 0.0 0.0 0.0 0.0 0.0 0.0 128.0 0.0 205.0 
0.0 0.0 0.0 0.0 167.0 0.0 341.0 0.0 0.0 248.0 0.0 0.0 0.0 0.0 0.0 0.0 0.0 43.0 0.0 126.0 0.0 0.0 156.0 0.0 0.0 
0.0 0.0 0.0 0.0 0.0 0.0 0.0 0.0 0.0 0.0 0.0 0.0 0.0 0.0 0.0 0.0 0.0 0.0 0.0 0.0 128.0 156.0 0.0 0.0 0.0 
0.0 0.0 0.0 128.0 0.0 0.0 0.0 266.0 0.0 0.0 0.0 0.0 251.0 0.0 0.0 53.0 0.0 0.0 407.0 0.0 0.0 0.0 0.0 0.0 237.0 
0.0 0.0 0.0 0.0 112.0 0.0 0.0 0.0 0.0 209.0 0.0 0.0 0.0 0.0 0.0 0.0 0.0 0.0 0.0 0.0 205.0 0.0 0.0 237.0 0.0 
