q
1797.0 703.0 23.0 744.0 343.0 783.0 63.0 669.0 442.0 542.0 35.0 815.0 672.0 1141.0 456.0 386.0 494.0 1.0 413.0 565.0 1645.0 1513.0 1352.0 957.0 
l
0.0 0.0 0.0 0.0 0.0 0.0 0.0 0.0 0.0 0.0 0.0 0.0 284.0 318.0 267.0 0.0 0.0 0.0 220.0 0.0 391.0 0.0 0.0 240.0 
0.0 0.0 0.0 0.0 0.0 0.0 0.0 136.0 0.0 95.0 10.0 0.0 0.0 179.0 0.0 0.0 0.0 0.0 0.0 0.0 0.0 0.0 247.0 0.0 
0.0 0.0 0.0 5.0 0.0 0.0 0.0 0.0 0.0 0.0 0.0 0.0 5.0 0.0 0.0 0.0 0.0 0.0 0.0 0.0 0.0 0.0 0.0 10.0 
0.0 0.0 5.0 0.0 0.0 0.0 0.0 0.0 0.0 0.0 0.0 111.0 135.0 0.0 0.0 0.0 119.0 0.0 0.0 115.0 0.0 0.0 0.0 226.0 
0.0 0.0 0.0 0.0 0.0 0.0 1.0 0.0 0.0 0.0 0.0 0.0 86.0 0.0 0.0 0.0 0.0 0.0 0.0 47.0 191.0 0.0 0.0 0.0 
0.0 0.0 0.0 0.0 0.0 0.0 0.0 60.0 0.0 0.0 0.0 0.0 0.0 188.0 165.0 85.0 0.0 0.0 0.0 0.0 0.0 248.0 0.0 0.0 
0.0 0.0 0.0 0.0 1.0 0.0 0.0 0.0 0.0 0.0 0.0 0.0 25.0 0.0 0.0 0.0 0.0 0.0 0.0 0.0 35.0 0.0 0.0 0.0 
0.0 136.0 0.0 0.0 0.0 60.0 0.0 0.0 0.0 0.0 0.0 0.0 0.0 156.0 0.0 83.0 0.0 0.0 0.0 0.0 0.0 193.0 0.0 0.0 
0.0 0.0 0.0 0.0 0.0 0.0 0.0 0.0 0.0 0.0 0.0 163.0 0.0 0.0 0.0 0.0 37.0 0.0 0.0 0.0 0.0 0.0 218.0 0.0 
0.0 95.0 0.0 0.0 0.0 0.0 0.0 0.0 0.0 0.0 8.0 0.0 0.0 149.0 0.0 0.0 0.0 0.0 74.0 0.0 0.0 0.0 0.0 183.0 
0.0 10.0 0.0 0.0 0.0 0.0 0.0 0.0 0.0 8.0 0.0 0.0 0.0 0.0 0.0 0.0 0.0 0.0 0.0 0.0 0.0 0.0 15.0 0.0 
0.0 0.0 0.0 111.0 0.0 0.0 0.0 0.0 163.0 0.0 0.0 0.0 0.0 0.0 0.0 0.0 98.0 0.0 0.0 95.0 298.0 0.0 0.0 0.0 
284.0 0.0 5.0 135.0 86.0 0.0 25.0 0.0 0.0 0.0 0.0 0.0 0.0 0.0 0.0 0.0 0.0 0.0 0.0 93.0 0.0 0.0 0.0 0.0 
318.0 179.0 0.0 0.0 0.0 188.0 0.0 156.0 0.0 149.0 0.0 0.0 0.0 0.0 0.0 0.0 0.0 0.0 100.0 0.0 0.0 0.0 0.0 0.0 
267.0 0.0 0.0 0.0 0.0 165.0 0.0 0.0 0.0 0.0 0.0 0.0 0.0 0.0 0.0 0.0 0.0 0.0 0.0 0.0 0.0 0.0 0.0 0.0 
0.0 0.0 0.0 0.0 0.0 85.0 0.0 83.0 0.0 0.0 0.0 0.0 0.0 0.0 0.0 0.0 0.0 0.0 0.0 0.0 0.0 200.0 0.0 0.0 
0.0 0.0 0.0 119.0 0.0 0.0 0.0 0.0 37.0 0.0 0.0 98.0 0.0 0.0 0.0 0.0 0.0 0.0 0.0 0.0 0.0 0.0 215.0 0.0 
0.0 0.0 0.0 0.0 0.0 0.0 0.0 0.0 0.0 0.0 0.0 0.0 0.0 0.0 0.0 0.0 0.0 0.0 0.0 0.0 0.0 1.0 0.0 0.0 
220.0 0.0 0.0 0.0 0.0 0.0 0.0 0.0 0.0 74.0 0.0 0.0 0.0 100.0 0.0 0.0 0.0 0.0 0.0 0.0 0.0 0.0 0.0 0.0 
0.0 0.0 0.0 115.0 47.0 0.0 0.0 0.0 0.0 0.0 0.0 95.0 93.0 0.0 0.0 0.0 0.0 0.0 0.0 0.0 176.0 0.0 0.0 0.0 
391.0 0.0 0.0 0.0 191.0 0.0 35.0 0.0 0.0 0.0 0.0 298.0 0.0 0.0 0.0 0.0 0.0 0.0 0.0 176.0 0.0 466.0 0.0 0.0 
0.0 0.0 0.0 0.0 0.0 248.0 0.0 193.0 0.0 0.0 0.0 0.0 0.0 0.0 0.0 200.0 0.0 1.0 0.0 0.0 466.0 0.0 333.0 0.0 
0.0 247.0 0.0 0.0 0.0 0.0 0.0 0.0 218.0 0.0 15.0 0.0 0.0 0.0 0.0 0.0 215.0 0.0 0.0 0.0 0.0 333.0 0.0 254.0 
240.0 0.0 10.0 226.0 0.0 0.0 0.0 0.0 0.0 183.0 0.0 0.0 0.0 0.0 0.0 0.0 0.0 0.0 0.0 0.0 0.0 0.0 254.0 0.0 
