q
436.0 498.0 794.0 521.0 24.0 459.0 450.0 372.0 358.0 25.0 502.0 5.0 475.0 525.0 400.0 1105.0 697.0 32.0 855.0 1214.0 1211.0 1874.0 1930.0 1304.0 
l
0.0 0.0 0.0 0.0 0.0 0.0 0.0 0.0 0.0 0.0 0.0 0.0 0.0 0.0 38.0 0.0 0.0 0.0 138.0 0.0 0.0 237.0 0.0 0.0 
0.0 0.0 87.0 0.0 0.0 0.0 0.0 0.0 0.0 0.0 82.0 0.0 0.0 0.0 0.0 0.0 0.0 0.0 0.0 144.0 0.0 0.0 0.0 153.0 
0.0 87.0 0.0 0.0 0.0 0.0 0.0 95.0 0.0 0.0 0.0 0.0 112.0 0.0 0.0 0.0 94.0 0.0 0.0 204.0 0.0 0.0 0.0 169.0 
0.0 0.0 0.0 0.0 0.0 0.0 116.0 0.0 0.0 5.0 0.0 0.0 0.0 39.0 0.0 0.0 0.0 0.0 102.0 0.0 221.0 0.0 0.0 0.0 
0.0 0.0 0.0 0.0 0.0 0.0 0.0 0.0 0.0 0.0 0.0 0.0 6.0 0.0 0.0 17.0 0.0 0.0 0.0 0.0 0.0 0.0 0.0 0.0 
0.0 0.0 0.0 0.0 0.0 0.0 0.0 0.0 0.0 0.0 0.0 0.0 0.0 0.0 0.0 0.0 124.0 0.0 0.0 93.0 0.0 224.0 0.0 0.0 
0.0 0.0 0.0 116.0 0.0 0.0 0.0 0.0 36.0 0.0 0.0 0.0 0.0 0.0 0.0 0.0 0.0 0.0 51.0 0.0 0.0 0.0 223.0 0.0 
0.0 0.0 95.0 0.0 0.0 0.0 0.0 0.0 0.0 0.0 0.0 0.0 58.0 0.0 0.0 0.0 0.0 9.0 0.0 0.0 0.0 0.0 0.0 191.0 
0.0 0.0 0.0 0.0 0.0 0.0 36.0 0.0 0.0 0.0 0.0 0.0 0.0 0.0 0.0 0.0 0.0 0.0 83.0 0.0 0.0 0.0 221.0 0.0 
0.0 0.0 0.0 5.0 0.0 0.0 0.0 0.0 0.0 0.0 0.0 0.0 0.0 3.0 0.0 0.0 0.0 0.0 0.0 0.0 16.0 0.0 0.0 0.0 
0.0 82.0 0.0 0.0 0.0 0.0 0.0 0.0 0.0 0.0 0.0 0.0 0.0 0.0 0.0 0.0 0.0 0.0 0.0 161.0 0.0 0.0 239.0 0.0 
0.0 0.0 0.0 0.0 0.0 0.0 0.0 0.0 0.0 0.0 0.0 0.0 0.0 1.0 0.0 0.0 0.0 0.0 0.0 0.0 4.0 0.0 0.0 0.0 
0.0 0.0 112.0 0.0 6.0 0.0 0.0 58.0 0.0 0.0 0.0 0.0 0.0 0.0 0.0 171.0 93.0 5.0 0.0 0.0 0.0 0.0 0.0 0.0 
0.0 0.0 0.0 39.0 0.0 0.0 0.0 0.0 0.0 3.0 0.0 1.0 0.0 0.0 103.0 0.0 0.0 0.0 150.0 0.0 199.0 0.0 0.0 0.0 
38.0 0.0 0.0 0.0 0.0 0.0 0.0 0.0 0.0 0.0 0.0 0.0 0.0 103.0 0.0 0.0 0.0 0.0 0.0 0.0 0.0 234.0 0.0 0.0 
0.0 0.0 0.0 0.0 17.0 0.0 0.0 0.0 0.0 0.0 0.0 0.0 171.0 0.0 0.0 0.0 195.0 18.0 0.0 0.0 404.0 0.0 0.0 247.0 
0.0 0.0 94.0 0.0 0.0 124.0 0.0 0.0 0.0 0.0 0.0 0.0 93.0 0.0 0.0 195.0 0.0 0.0 0.0 156.0 0.0 0.0 0.0 0.0 
0.0 0.0 0.0 0.0 0.0 0.0 0.0 9.0 0.0 0.0 0.0 0.0 5.0 0.0 0.0 18.0 0.0 0.0 0.0 0.0 0.0 0.0 0.0 0.0 
138.0 0.0 0.0 102.0 0.0 0.0 51.0 0.0 83.0 0.0 0.0 0.0 0.0 150.0 0.0 0.0 0.0 0.0 0.0 0.0 0.0 0.0 282.0 0.0 
0.0 144.0 204.0 0.0 0.0 93.0 0.0 0.0 0.0 0.0 161.0 0.0 0.0 0.0 0.0 0.0 156.0 0.0 0.0 0.0 0.0 396.0 0.0 0.0 
0.0 0.0 0.0 221.0 0.0 0.0 0.0 0.0 0.0 16.0 0.0 4.0 0.0 199.0 0.0 404.0 0.0 0.0 0.0 0.0 0.0 304.0 0.0 0.0 
237.0 0.0 0.0 0.0 0.0 224.0 0.0 0.0 0.0 0.0 0.0 0.0 0.0 0.0 234.0 0.0 0.0 0.0 0.0 396.0 304.0 0.0 387.0 0.0 
0.0 0.0 0.0 0.0 0.0 0.0 223.0 0.0 221.0 0.0 239.0 0.0 0.0 0.0 0.0 0.0 0.0 0.0 282.0 0.0 0.0 387.0 0.0 475.0 
0.0 153.0 169.0 0.0 0.0 0.0 0.0 191.0 0.0 0.0 0.0 0.0 0.0 0.0 0.0 247.0 0.0 0.0 0.0 0.0 0.0 0.0 475.0 0.0 
