q
709.0 289.0 516.0 372.0 518.0 327.0 368.0 619.0 1313.0 94.0 71.0 173.0 503.0 379.0 364.0 5.0 1594.0 1081.0 514.0 937.0 1922.0 827.0 1688.0 1201.0 
l
0.0 0.0 0.0 0.0 46.0 0.0 0.0 177.0 154.0 0.0 0.0 0.0 0.0 0.0 0.0 0.0 0.0 0.0 0.0 0.0 0.0 0.0 302.0 0.0 
0.0 0.0 0.0 0.0 0.0 0.0 0.0 0.0 0.0 0.0 0.0 11.0 34.0 0.0 0.0 0.0 0.0 0.0 0.0 93.0 0.0 0.0 0.0 141.0 
0.0 0.0 0.0 0.0 0.0 0.0 53.0 48.0 195.0 0.0 0.0 0.0 0.0 0.0 37.0 0.0 163.0 0.0 0.0 0.0 0.0 0.0 0.0 0.0 
0.0 0.0 0.0 0.0 0.0 0.0 0.0 0.0 0.0 26.0 11.0 0.0 0.0 42.0 0.0 0.0 0.0 88.0 71.0 0.0 0.0 115.0 0.0 0.0 
46.0 0.0 0.0 0.0 0.0 0.0 0.0 0.0 210.0 0.0 0.0 0.0 0.0 0.0 0.0 0.0 0.0 0.0 0.0 0.0 0.0 0.0 231.0 0.0 
0.0 0.0 0.0 0.0 0.0 0.0 0.0 0.0 0.0 0.0 0.0 0.0 0.0 0.0 0.0 0.0 0.0 0.0 49.0 95.0 162.0 0.0 0.0 0.0 
0.0 0.0 53.0 0.0 0.0 0.0 0.0 83.0 0.0 0.0 0.0 0.0 0.0 0.0 0.0 0.0 212.0 0.0 0.0 0.0 0.0 0.0 0.0 0.0 
177.0 0.0 48.0 0.0 0.0 0.0 83.0 0.0 118.0 0.0 0.0 0.0 0.0 0.0 0.0 0.0 175.0 0.0 0.0 0.0 0.0 0.0 0.0 0.0 
154.0 0.0 195.0 0.0 210.0 0.0 0.0 118.0 0.0 0.0 0.0 0.0 0.0 0.0 152.0 0.0 0.0 0.0 0.0 0.0 416.0 0.0 0.0 0.0 
0.0 0.0 0.0 26.0 0.0 0.0 0.0 0.0 0.0 0.0 1.0 0.0 0.0 0.0 0.0 1.0 0.0 0.0 0.0 0.0 0.0 64.0 0.0 0.0 
0.0 0.0 0.0 11.0 0.0 0.0 0.0 0.0 0.0 1.0 0.0 0.0 0.0 16.0 0.0 0.0 0.0 0.0 0.0 0.0 0.0 42.0 0.0 0.0 
0.0 11.0 0.0 0.0 0.0 0.0 0.0 0.0 0.0 0.0 0.0 0.0 0.0 0.0 0.0 0.0 0.0 0.0 0.0 72.0 0.0 0.0 0.0 75.0 
0.0 34.0 0.0 0.0 0.0 0.0 0.0 0.0 0.0 0.0 0.0 0.0 0.0 0.0 0.0 0.0 0.0 159.0 0.0 106.0 0.0 0.0 0.0 189.0 
0.0 0.0 0.0 42.0 0.0 0.0 0.0 0.0 0.0 0.0 16.0 0.0 0.0 0.0 0.0 0.0 0.0 112.0 0.0 0.0 0.0 0.0 195.0 0.0 
0.0 0.0 37.0 0.0 0.0 0.0 0.0 0.0 152.0 0.0 0.0 0.0 0.0 0.0 0.0 0.0 149.0 0.0 0.0 0.0 0.0 0.0 0.0 0.0 
0.0 0.0 0.0 0.0 0.0 0.0 0.0 0.0 0.0 1.0 0.0 0.0 0.0 0.0 0.0 0.0 0.0 0.0 0.0 0.0 0.0 4.0 0.0 0.0 
0.0 0.0 163.0 0.0 0.0 0.0 212.0 175.0 0.0 0.0 0.0 0.0 0.0 0.0 149.0 0.0 0.0 0.0 0.0 0.0 400.0 0.0 0.0 414.0 
0.0 0.0 0.0 88.0 0.0 0.0 0.0 0.0 0.0 0.0 0.0 0.0 159.0 112.0 0.0 0.0 0.0 0.0 160.0 207.0 0.0 0.0 295.0 0.0 
0.0 0.0 0.0 71.0 0.0 49.0 0.0 0.0 0.0 0.0 0.0 0.0 0.0 0.0 0.0 0.0 0.0 160.0 0.0 0.0 213.0 0.0 0.0 0.0 
0.0 93.0 0.0 0.0 0.0 95.0 0.0 0.0 0.0 0.0 0.0 72.0 106.0 0.0 0.0 0.0 0.0 207.0 0.0 0.0 317.0 0.0 0.0 0.0 
0.0 0.0 0.0 0.0 0.0 162.0 0.0 0.0 416.0 0.0 0.0 0.0 0.0 0.0 0.0 0.0 400.0 0.0 213.0 317.0 0.0 314.0 0.0 0.0 
0.0 0.0 0.0 115.0 0.0 0.0 0.0 0.0 0.0 64.0 42.0 0.0 0.0 0.0 0.0 4.0 0.0 0.0 0.0 0.0 314.0 0.0 243.0 0.0 
302.0 0.0 0.0 0.0 231.0 0.0 0.0 0.0 0.0 0.0 0.0 0.0 0.0 195.0 0.0 0.0 0.0 295.0 0.0 0.0 0.0 243.0 0.0 324.0 
0.0 141.0 0.0 0.0 0.0 0.0 0.0 0.0 0.0 0.0 0.0 75.0 189.0 0.0 0.0 0.0 414.0 0.0 0.0 0.0 0.0 0.0 324.0 0.0 
