q
424.0 1.0 446.0 209.0 764.0 491.0 298.0 111.0 655.0 572.0 1025.0 1535.0 724.0 680.0 214.0 950.0 605.0 406.0 207.0 404.0 1359.0 1542.0 1589.0 1123.0 
l
0.0 0.0 0.0 10.0 0.0 0.0 0.0 0.0 0.0 0.0 0.0 198.0 0.0 0.0 0.0 132.0 65.0 0.0 0.0 0.0 0.0 0.0 0.0 0.0 
0.0 0.0 0.0 0.0 0.0 1.0 0.0 0.0 0.0 0.0 0.0 0.0 0.0 0.0 0.0 0.0 0.0 0.0 0.0 0.0 0.0 0.0 0.0 0.0 
0.0 0.0 0.0 0.0 0.0 0.0 0.0 0.0 0.0 120.0 0.0 0.0 86.0 0.0 0.0 0.0 0.0 0.0 0.0 0.0 0.0 0.0 210.0 0.0 
10.0 0.0 0.0 0.0 0.0 0.0 0.0 0.0 0.0 0.0 0.0 110.0 0.0 0.0 0.0 83.0 0.0 0.0 0.0 0.0 0.0 0.0 0.0 0.0 
0.0 0.0 0.0 0.0 0.0 84.0 0.0 0.0 0.0 0.0 0.0 0.0 0.0 110.0 0.0 161.0 109.0 0.0 0.0 0.0 0.0 263.0 0.0 0.0 
0.0 1.0 0.0 0.0 84.0 0.0 0.0 0.0 0.0 0.0 0.0 0.0 0.0 106.0 0.0 0.0 0.0 64.0 0.0 0.0 0.0 211.0 0.0 0.0 
0.0 0.0 0.0 0.0 0.0 0.0 0.0 0.0 0.0 33.0 99.0 0.0 0.0 0.0 0.0 0.0 0.0 0.0 0.0 0.0 0.0 150.0 0.0 0.0 
0.0 0.0 0.0 0.0 0.0 0.0 0.0 0.0 0.0 0.0 0.0 0.0 27.0 0.0 19.0 0.0 0.0 0.0 0.0 0.0 0.0 0.0 59.0 0.0 
0.0 0.0 0.0 0.0 0.0 0.0 0.0 0.0 0.0 0.0 166.0 0.0 106.0 0.0 35.0 0.0 0.0 0.0 43.0 70.0 0.0 0.0 0.0 190.0 
0.0 0.0 120.0 0.0 0.0 0.0 33.0 0.0 0.0 0.0 155.0 0.0 0.0 0.0 0.0 0.0 0.0 0.0 0.0 0.0 0.0 227.0 0.0 0.0 
0.0 0.0 0.0 0.0 0.0 0.0 99.0 0.0 166.0 155.0 0.0 0.0 190.0 0.0 0.0 0.0 0.0 0.0 0.0 78.0 284.0 0.0 0.0 0.0 
198.0 0.0 0.0 110.0 0.0 0.0 0.0 0.0 0.0 0.0 0.0 0.0 0.0 230.0 0.0 0.0 172.0 0.0 0.0 0.0 346.0 0.0 0.0 405.0 
0.0 0.0 86.0 0.0 0.0 0.0 0.0 27.0 106.0 0.0 190.0 0.0 0.0 0.0 59.0 0.0 0.0 0.0 0.0 0.0 0.0 0.0 229.0 0.0 
0.0 0.0 0.0 0.0 110.0 106.0 0.0 0.0 0.0 0.0 0.0 230.0 0.0 0.0 0.0 0.0 92.0 115.0 0.0 0.0 0.0 0.0 0.0 0.0 
0.0 0.0 0.0 0.0 0.0 0.0 0.0 19.0 35.0 0.0 0.0 0.0 59.0 0.0 0.0 0.0 0.0 0.0 0.0 0.0 0.0 0.0 0.0 91.0 
132.0 0.0 0.0 83.0 161.0 0.0 0.0 0.0 0.0 0.0 0.0 0.0 0.0 0.0 0.0 0.0 141.0 0.0 0.0 0.0 0.0 0.0 377.0 0.0 
65.0 0.0 0.0 0.0 109.0 0.0 0.0 0.0 0.0 0.0 0.0 172.0 0.0 92.0 0.0 141.0 0.0 0.0 0.0 0.0 0.0 0.0 0.0 0.0 
0.0 0.0 0.0 0.0 0.0 64.0 0.0 0.0 0.0 0.0 0.0 0.0 0.0 115.0 0.0 0.0 0.0 0.0 0.0 0.0 205.0 0.0 0.0 0.0 
0.0 0.0 0.0 0.0 0.0 0.0 0.0 0.0 43.0 0.0 0.0 0.0 0.0 0.0 0.0 0.0 0.0 0.0 0.0 50.0 0.0 0.0 0.0 98.0 
0.0 0.0 0.0 0.0 0.0 0.0 0.0 0.0 70.0 0.0 78.0 0.0 0.0 0.0 0.0 0.0 0.0 0.0 50.0 0.0 180.0 0.0 0.0 0.0 
0.0 0.0 0.0 0.0 0.0 0.0 0.0 0.0 0.0 0.0 284.0 346.0 0.0 0.0 0.0 0.0 0.0 205.0 0.0 180.0 0.0 263.0 0.0 0.0 
0.0 0.0 0.0 0.0 263.0 211.0 150.0 0.0 0.0 227.0 0.0 0.0 0.0 0.0 0.0 0.0 0.0 0.0 0.0 0.0 263.0 0.0 352.0 0.0 
0.0 0.0 210.0 0.0 0.0 0.0 0.0 59.0 0.0 0.0 0.0 0.0 229.0 0.0 0.0 377.0 0.0 0.0 0.0 0.0 0.0 352.0 0.0 283.0 
0.0 0.0 0.0 0.0 0.0 0.0 0.0 0.0 190.0 0.0 0.0 405.0 0.0 0.0 91.0 0.0 0.0 0.0 98.0 0.0 0.0 0.0 283.0 0.0 
