q
2.0 8.0 385.0 172.0 531.0 465.0 841.0 347.0 1320.0 310.0 348.0 614.0 646.0 307.0 434.0 332.0 395.0 945.0 1863.0 838.0 1130.0 1181.0 1348.0 1156.0 
l
0.0 1.0 0.0 0.0 0.0 0.0 0.0 0.0 0.0 0.0 0.0 0.0 0.0 0.0 0.0 0.0 0.0 0.0 0.0 0.0 1.0 0.0 0.0 0.0 
1.0 0.0 0.0 0.0 0.0 0.0 0.0 0.0 0.0 0.0 2.0 0.0 0.0 0.0 0.0 0.0 1.0 0.0 0.0 0.0 0.0 4.0 0.0 0.0 
0.0 0.0 0.0 0.0 47.0 0.0 0.0 0.0 0.0 47.0 0.0 0.0 0.0 0.0 0.0 0.0 0.0 0.0 0.0 121.0 150.0 0.0 0.0 0.0 
0.0 0.0 0.0 0.0 0.0 0.0 0.0 0.0 0.0 0.0 0.0 0.0 63.0 0.0 0.0 9.0 0.0 0.0 0.0 0.0 0.0 0.0 93.0 0.0 
0.0 0.0 47.0 0.0 0.0 0.0 176.0 0.0 0.0 0.0 0.0 0.0 0.0 0.0 0.0 0.0 0.0 0.0 0.0 81.0 197.0 0.0 0.0 0.0 
0.0 0.0 0.0 0.0 0.0 0.0 81.0 66.0 0.0 0.0 0.0 0.0 0.0 0.0 0.0 0.0 0.0 133.0 0.0 0.0 0.0 0.0 167.0 0.0 
0.0 0.0 0.0 0.0 176.0 81.0 0.0 0.0 0.0 0.0 0.0 0.0 0.0 0.0 0.0 0.0 0.0 118.0 0.0 157.0 0.0 0.0 270.0 0.0 
0.0 0.0 0.0 0.0 0.0 66.0 0.0 0.0 0.0 0.0 0.0 0.0 0.0 16.0 0.0 0.0 0.0 107.0 0.0 0.0 0.0 0.0 0.0 139.0 
0.0 0.0 0.0 0.0 0.0 0.0 0.0 0.0 0.0 0.0 140.0 154.0 156.0 0.0 156.0 0.0 152.0 0.0 493.0 0.0 0.0 0.0 0.0 0.0 
0.0 0.0 47.0 0.0 0.0 0.0 0.0 0.0 0.0 0.0 0.0 0.0 0.0 0.0 0.0 0.0 0.0 0.0 176.0 78.0 0.0 0.0 0.0 0.0 
0.0 2.0 0.0 0.0 0.0 0.0 0.0 0.0 140.0 0.0 0.0 0.0 0.0 0.0 0.0 0.0 49.0 0.0 0.0 0.0 145.0 0.0 0.0 0.0 
0.0 0.0 0.0 0.0 0.0 0.0 0.0 0.0 154.0 0.0 0.0 0.0 102.0 0.0 0.0 73.0 0.0 0.0 0.0 0.0 0.0 0.0 0.0 254.0 
0.0 0.0 0.0 63.0 0.0 0.0 0.0 0.0 156.0 0.0 0.0 102.0 0.0 0.0 63.0 68.0 0.0 0.0 0.0 0.0 0.0 161.0 0.0 0.0 
0.0 0.0 0.0 0.0 0.0 0.0 0.0 16.0 0.0 0.0 0.0 0.0 0.0 0.0 0.0 0.0 0.0 125.0 0.0 0.0 0.0 0.0 0.0 142.0 
0.0 0.0 0.0 0.0 0.0 0.0 0.0 0.0 156.0 0.0 0.0 0.0 63.0 0.0 0.0 0.0 33.0 0.0 0.0 0.0 0.0 161.0 0.0 0.0 
0.0 0.0 0.0 9.0 0.0 0.0 0.0 0.0 0.0 0.0 0.0 73.0 68.0 0.0 0.0 0.0 0.0 0.0 0.0 0.0 0.0 0.0 165.0 0.0 
0.0 1.0 0.0 0.0 0.0 0.0 0.0 0.0 152.0 0.0 49.0 0.0 0.0 0.0 33.0 0.0 0.0 0.0 0.0 0.0 0.0 134.0 0.0 0.0 
0.0 0.0 0.0 0.0 0.0 133.0 118.0 107.0 0.0 0.0 0.0 0.0 0.0 125.0 0.0 0.0 0.0 0.0 295.0 126.0 0.0 0.0 0.0 0.0 
0.0 0.0 0.0 0.0 0.0 0.0 0.0 0.0 493.0 176.0 0.0 0.0 0.0 0.0 0.0 0.0 0.0 295.0 0.0 243.0 268.0 0.0 0.0 301.0 
0.0 0.0 121.0 0.0 81.0 0.0 157.0 0.0 0.0 78.0 0.0 0.0 0.0 0.0 0.0 0.0 0.0 126.0 243.0 0.0 0.0 0.0 0.0 0.0 
1.0 0.0 150.0 0.0 197.0 0.0 0.0 0.0 0.0 0.0 145.0 0.0 0.0 0.0 0.0 0.0 0.0 0.0 268.0 0.0 0.0 318.0 0.0 0.0 
0.0 4.0 0.0 0.0 0.0 0.0 0.0 0.0 0.0 0.0 0.0 0.0 161.0 0.0 161.0 0.0 134.0 0.0 0.0 0.0 318.0 0.0 338.0 0.0 
0.0 0.0 0.0 93.0 0.0 167.0 270.0 0.0 0.0 0.0 0.0 0.0 0.0 0.0 0.0 165.0 0.0 0.0 0.0 0.0 0.0 338.0 0.0 258.0 
0.0 0.0 0.0 0.0 0.0 0.0 0.0 139.0 0.0 0.0 0.0 254.0 0.0 142.0 0.0 0.0 0.0 0.0 301.0 0.0 0.0 0.0 258.0 0.0 
