q
645.0 477.0 390.0 842.0 566.0 1398.0 663.0 661.0 501.0 12.0 415.0 542.0 1067.0 1571.0 2.0 542.0 412.0 134.0 478.0 1.0 1366.0 1547.0 1887.0 1089.0 
l
0.0 0.0 0.0 0.0 0.0 0.0 0.0 0.0 95.0 3.0 0.0 0.0 0.0 0.0 0.0 106.0 0.0 19.0 108.0 0.0 0.0 0.0 0.0 277.0 
0.0 0.0 0.0 0.0 50.0 159.0 0.0 0.0 0.0 0.0 0.0 79.0 0.0 0.0 0.0 0.0 0.0 0.0 0.0 0.0 163.0 0.0 0.0 0.0 
0.0 0.0 0.0 80.0 0.0 0.0 0.0 0.0 0.0 0.0 0.0 0.0 116.0 173.0 0.0 0.0 0.0 0.0 0.0 0.0 0.0 0.0 0.0 0.0 
0.0 0.0 80.0 0.0 0.0 0.0 167.0 140.0 0.0 0.0 0.0 0.0 175.0 173.0 0.0 0.0 74.0 0.0 0.0 0.0 0.0 0.0 0.0 0.0 
0.0 50.0 0.0 0.0 0.0 150.0 0.0 0.0 0.0 0.0 63.0 0.0 120.0 0.0 0.0 0.0 0.0 0.0 0.0 0.0 157.0 0.0 0.0 0.0 
0.0 159.0 0.0 0.0 150.0 0.0 173.0 0.0 0.0 0.0 0.0 220.0 263.0 0.0 0.0 0.0 0.0 0.0 0.0 0.0 0.0 0.0 365.0 0.0 
0.0 0.0 0.0 167.0 0.0 173.0 0.0 69.0 0.0 0.0 0.0 0.0 0.0 0.0 0.0 0.0 0.0 0.0 0.0 0.0 0.0 0.0 215.0 0.0 
0.0 0.0 0.0 140.0 0.0 0.0 69.0 0.0 0.0 0.0 0.0 0.0 0.0 0.0 0.0 0.0 126.0 0.0 0.0 0.0 0.0 0.0 293.0 0.0 
95.0 0.0 0.0 0.0 0.0 0.0 0.0 0.0 0.0 0.0 0.0 0.0 0.0 0.0 0.0 104.0 0.0 0.0 40.0 0.0 0.0 239.0 0.0 0.0 
3.0 0.0 0.0 0.0 0.0 0.0 0.0 0.0 0.0 0.0 0.0 0.0 0.0 0.0 0.0 3.0 0.0 0.0 0.0 0.0 0.0 0.0 0.0 5.0 
0.0 0.0 0.0 0.0 63.0 0.0 0.0 0.0 0.0 0.0 0.0 0.0 160.0 0.0 1.0 0.0 0.0 0.0 0.0 0.0 173.0 0.0 0.0 0.0 
0.0 79.0 0.0 0.0 0.0 220.0 0.0 0.0 0.0 0.0 0.0 0.0 0.0 0.0 0.0 0.0 0.0 0.0 0.0 0.0 0.0 214.0 0.0 0.0 
0.0 0.0 116.0 175.0 120.0 263.0 0.0 0.0 0.0 0.0 160.0 0.0 0.0 180.0 0.0 0.0 0.0 0.0 0.0 0.0 0.0 0.0 0.0 0.0 
0.0 0.0 173.0 173.0 0.0 0.0 0.0 0.0 0.0 0.0 0.0 0.0 180.0 0.0 0.0 0.0 194.0 0.0 0.0 0.0 383.0 0.0 0.0 399.0 
0.0 0.0 0.0 0.0 0.0 0.0 0.0 0.0 0.0 0.0 1.0 0.0 0.0 0.0 0.0 0.0 0.0 0.0 0.0 0.0 1.0 0.0 0.0 0.0 
106.0 0.0 0.0 0.0 0.0 0.0 0.0 0.0 104.0 3.0 0.0 0.0 0.0 0.0 0.0 0.0 0.0 0.0 0.0 0.0 0.0 0.0 301.0 0.0 
0.0 0.0 0.0 74.0 0.0 0.0 0.0 126.0 0.0 0.0 0.0 0.0 0.0 194.0 0.0 0.0 0.0 0.0 0.0 0.0 0.0 0.0 0.0 0.0 
19.0 0.0 0.0 0.0 0.0 0.0 0.0 0.0 0.0 0.0 0.0 0.0 0.0 0.0 0.0 0.0 0.0 0.0 39.0 0.0 0.0 0.0 0.0 69.0 
108.0 0.0 0.0 0.0 0.0 0.0 0.0 0.0 40.0 0.0 0.0 0.0 0.0 0.0 0.0 0.0 0.0 39.0 0.0 0.0 0.0 263.0 0.0 0.0 
0.0 0.0 0.0 0.0 0.0 0.0 0.0 0.0 0.0 0.0 0.0 0.0 0.0 0.0 0.0 0.0 0.0 0.0 0.0 0.0 0.0 1.0 0.0 0.0 
0.0 163.0 0.0 0.0 157.0 0.0 0.0 0.0 0.0 0.0 173.0 0.0 0.0 383.0 1.0 0.0 0.0 0.0 0.0 0.0 0.0 420.0 0.0 0.0 
0.0 0.0 0.0 0.0 0.0 0.0 0.0 0.0 239.0 0.0 0.0 214.0 0.0 0.0 0.0 0.0 0.0 0.0 263.0 1.0 420.0 0.0 333.0 0.0 
0.0 0.0 0.0 0.0 0.0 365.0 215.0 293.0 0.0 0.0 0.0 0.0 0.0 0.0 0.0 301.0 0.0 0.0 0.0 0.0 0.0 333.0 0.0 284.0 
277.0 0.0 0.0 0.0 0.0 0.0 0.0 0.0 0.0 5.0 0.0 0.0 0.0 399.0 0.0 0.0 0.0 69.0 0.0 0.0 0.0 0.0 284.0 0.0 
