q
409.0 266.0 548.0 957.0 364.0 482.0 15.0 377.0 507.0 1764.0 565.0 401.0 887.0 1250.0 703.0 522.0 763.0 1.0 589.0 16.0 1886.0 1011.0 1520.0 1039.0 
l
0.0 48.0 0.0 0.0 0.0 0.0 0.0 0.0 0.0 0.0 0.0 0.0 107.0 0.0 0.0 0.0 0.0 0.0 94.0 1.0 0.0 0.0 0.0 144.0 
48.0 0.0 0.0 0.0 18.0 0.0 0.0 0.0 0.0 144.0 0.0 0.0 37.0 0.0 0.0 0.0 0.0 0.0 0.0 4.0 0.0 0.0 0.0 0.0 
0.0 0.0 0.0 0.0 0.0 0.0 0.0 0.0 0.0 0.0 103.0 0.0 0.0 162.0 0.0 47.0 0.0 0.0 0.0 0.0 0.0 0.0 209.0 0.0 
0.0 0.0 0.0 0.0 0.0 79.0 0.0 108.0 0.0 0.0 0.0 117.0 0.0 0.0 141.0 0.0 201.0 0.0 0.0 0.0 273.0 0.0 0.0 0.0 
0.0 18.0 0.0 0.0 0.0 0.0 0.0 0.0 0.0 215.0 0.0 0.0 112.0 0.0 0.0 0.0 0.0 0.0 0.0 0.0 0.0 0.0 0.0 0.0 
0.0 0.0 0.0 79.0 0.0 0.0 0.0 32.0 0.0 0.0 0.0 0.0 0.0 0.0 127.0 0.0 0.0 0.0 0.0 0.0 218.0 0.0 0.0 0.0 
0.0 0.0 0.0 0.0 0.0 0.0 0.0 0.0 4.0 0.0 2.0 0.0 0.0 0.0 0.0 0.0 0.0 0.0 0.0 0.0 0.0 9.0 0.0 0.0 
0.0 0.0 0.0 108.0 0.0 32.0 0.0 0.0 0.0 0.0 0.0 0.0 0.0 0.0 0.0 0.0 0.0 0.0 0.0 0.0 217.0 0.0 0.0 0.0 
0.0 0.0 0.0 0.0 0.0 0.0 4.0 0.0 0.0 0.0 82.0 0.0 0.0 168.0 0.0 0.0 0.0 0.0 0.0 0.0 229.0 0.0 0.0 0.0 
0.0 144.0 0.0 0.0 215.0 0.0 0.0 0.0 0.0 0.0 0.0 0.0 201.0 290.0 0.0 0.0 0.0 0.0 0.0 0.0 530.0 0.0 0.0 291.0 
0.0 0.0 103.0 0.0 0.0 0.0 2.0 0.0 82.0 0.0 0.0 0.0 0.0 166.0 0.0 0.0 0.0 0.0 0.0 0.0 0.0 184.0 0.0 0.0 
0.0 0.0 0.0 117.0 0.0 0.0 0.0 0.0 0.0 0.0 0.0 0.0 0.0 0.0 0.0 0.0 81.0 0.0 0.0 0.0 0.0 177.0 0.0 0.0 
107.0 37.0 0.0 0.0 112.0 0.0 0.0 0.0 0.0 201.0 0.0 0.0 0.0 217.0 0.0 0.0 0.0 0.0 171.0 0.0 0.0 0.0 0.0 0.0 
0.0 0.0 162.0 0.0 0.0 0.0 0.0 0.0 168.0 290.0 166.0 0.0 217.0 0.0 0.0 176.0 0.0 0.0 0.0 0.0 0.0 0.0 0.0 0.0 
0.0 0.0 0.0 141.0 0.0 127.0 0.0 0.0 0.0 0.0 0.0 0.0 0.0 0.0 0.0 0.0 110.0 0.0 0.0 0.0 0.0 0.0 0.0 277.0 
0.0 0.0 47.0 0.0 0.0 0.0 0.0 0.0 0.0 0.0 0.0 0.0 0.0 176.0 0.0 0.0 0.0 0.0 90.0 0.0 0.0 0.0 181.0 0.0 
0.0 0.0 0.0 201.0 0.0 0.0 0.0 0.0 0.0 0.0 0.0 81.0 0.0 0.0 110.0 0.0 0.0 0.0 0.0 0.0 0.0 0.0 329.0 0.0 
0.0 0.0 0.0 0.0 0.0 0.0 0.0 0.0 0.0 0.0 0.0 0.0 0.0 0.0 0.0 0.0 0.0 0.0 0.0 0.0 0.0 1.0 0.0 0.0 
94.0 0.0 0.0 0.0 0.0 0.0 0.0 0.0 0.0 0.0 0.0 0.0 171.0 0.0 0.0 90.0 0.0 0.0 0.0 0.0 0.0 0.0 205.0 0.0 
1.0 4.0 0.0 0.0 0.0 0.0 0.0 0.0 0.0 0.0 0.0 0.0 0.0 0.0 0.0 0.0 0.0 0.0 0.0 0.0 0.0 0.0 0.0 10.0 
0.0 0.0 0.0 273.0 0.0 218.0 0.0 217.0 229.0 530.0 0.0 0.0 0.0 0.0 0.0 0.0 0.0 0.0 0.0 0.0 0.0 323.0 0.0 0.0 
0.0 0.0 0.0 0.0 0.0 0.0 9.0 0.0 0.0 0.0 184.0 177.0 0.0 0.0 0.0 0.0 0.0 1.0 0.0 0.0 323.0 0.0 263.0 0.0 
0.0 0.0 209.0 0.0 0.0 0.0 0.0 0.0 0.0 0.0 0.0 0.0 0.0 0.0 0.0 181.0 329.0 0.0 205.0 0.0 0.0 263.0 0.0 259.0 
144.0 0.0 0.0 0.0 0.0 0.0 0.0 0.0 0.0 291.0 0.0 0.0 0.0 0.0 277.0 0.0 0.0 0.0 0.0 10.0 0.0 0.0 259.0 0.0 
