q
2.0 520.0 532.0 797.0 785.0 588.0 86.0 345.0 1324.0 455.0 6.0 363.0 688.0 615.0 578.0 615.0 6.0 1224.0 667.0 375.0 2085.0 1569.0 1640.0 1631.0 
l
0.0 0.0 0.0 0.0 0.0 0.0 0.0 0.0 2.0 0.0 0.0 0.0 0.0 0.0 0.0 0.0 0.0 0.0 0.0 0.0 0.0 0.0 0.0 0.0 
0.0 0.0 0.0 0.0 160.0 0.0 14.0 27.0 201.0 0.0 0.0 0.0 0.0 0.0 89.0 0.0 0.0 0.0 0.0 0.0 0.0 0.0 0.0 0.0 
0.0 0.0 0.0 132.0 0.0 0.0 0.0 0.0 0.0 0.0 1.0 0.0 0.0 68.0 0.0 0.0 0.0 123.0 0.0 0.0 0.0 0.0 0.0 181.0 
0.0 0.0 132.0 0.0 0.0 0.0 0.0 0.0 0.0 0.0 2.0 0.0 0.0 0.0 0.0 90.0 0.0 204.0 123.0 0.0 0.0 0.0 211.0 0.0 
0.0 160.0 0.0 0.0 0.0 163.0 0.0 0.0 0.0 0.0 0.0 0.0 111.0 0.0 70.0 0.0 0.0 0.0 0.0 0.0 238.0 0.0 0.0 0.0 
0.0 0.0 0.0 0.0 163.0 0.0 0.0 0.0 0.0 0.0 0.0 0.0 97.0 73.0 0.0 0.0 0.0 0.0 0.0 0.0 0.0 0.0 0.0 219.0 
0.0 14.0 0.0 0.0 0.0 0.0 0.0 3.0 63.0 0.0 0.0 0.0 0.0 0.0 0.0 0.0 0.0 0.0 0.0 0.0 0.0 0.0 0.0 0.0 
0.0 27.0 0.0 0.0 0.0 0.0 3.0 0.0 204.0 0.0 0.0 0.0 0.0 0.0 82.0 0.0 0.0 0.0 0.0 0.0 0.0 0.0 0.0 0.0 
2.0 201.0 0.0 0.0 0.0 0.0 63.0 204.0 0.0 0.0 0.0 0.0 0.0 0.0 0.0 0.0 0.0 0.0 0.0 0.0 327.0 0.0 0.0 445.0 
0.0 0.0 0.0 0.0 0.0 0.0 0.0 0.0 0.0 0.0 0.0 49.0 0.0 0.0 0.0 0.0 0.0 0.0 151.0 0.0 0.0 0.0 227.0 0.0 
0.0 0.0 1.0 2.0 0.0 0.0 0.0 0.0 0.0 0.0 0.0 0.0 0.0 0.0 0.0 0.0 0.0 0.0 0.0 0.0 0.0 0.0 3.0 0.0 
0.0 0.0 0.0 0.0 0.0 0.0 0.0 0.0 0.0 49.0 0.0 0.0 0.0 0.0 0.0 0.0 0.0 0.0 0.0 0.0 0.0 0.0 286.0 0.0 
0.0 0.0 0.0 0.0 111.0 97.0 0.0 0.0 0.0 0.0 0.0 0.0 0.0 103.0 0.0 0.0 0.0 169.0 0.0 0.0 178.0 0.0 0.0 0.0 
0.0 0.0 68.0 0.0 0.0 73.0 0.0 0.0 0.0 0.0 0.0 0.0 103.0 0.0 0.0 0.0 0.0 157.0 0.0 0.0 0.0 0.0 0.0 186.0 
0.0 89.0 0.0 0.0 70.0 0.0 0.0 82.0 0.0 0.0 0.0 0.0 0.0 0.0 0.0 0.0 0.0 0.0 0.0 0.0 309.0 0.0 0.0 0.0 
0.0 0.0 0.0 90.0 0.0 0.0 0.0 0.0 0.0 0.0 0.0 0.0 0.0 0.0 0.0 0.0 0.0 210.0 76.0 75.0 0.0 136.0 0.0 0.0 
0.0 0.0 0.0 0.0 0.0 0.0 0.0 0.0 0.0 0.0 0.0 0.0 0.0 0.0 0.0 0.0 0.0 0.0 1.0 0.0 0.0 5.0 0.0 0.0 
0.0 0.0 123.0 204.0 0.0 0.0 0.0 0.0 0.0 0.0 0.0 0.0 169.0 157.0 0.0 210.0 0.0 0.0 0.0 0.0 321.0 0.0 0.0 0.0 
0.0 0.0 0.0 123.0 0.0 0.0 0.0 0.0 0.0 151.0 0.0 0.0 0.0 0.0 0.0 76.0 1.0 0.0 0.0 67.0 0.0 216.0 0.0 0.0 
0.0 0.0 0.0 0.0 0.0 0.0 0.0 0.0 0.0 0.0 0.0 0.0 0.0 0.0 0.0 75.0 0.0 0.0 67.0 0.0 0.0 212.0 0.0 0.0 
0.0 0.0 0.0 0.0 238.0 0.0 0.0 0.0 327.0 0.0 0.0 0.0 178.0 0.0 309.0 0.0 0.0 321.0 0.0 0.0 0.0 610.0 0.0 0.0 
0.0 0.0 0.0 0.0 0.0 0.0 0.0 0.0 0.0 0.0 0.0 0.0 0.0 0.0 0.0 136.0 5.0 0.0 216.0 212.0 610.0 0.0 305.0 0.0 
0.0 0.0 0.0 211.0 0.0 0.0 0.0 0.0 0.0 227.0 3.0 286.0 0.0 0.0 0.0 0.0 0.0 0.0 0.0 0.0 0.0 305.0 0.0 521.0 
0.0 0.0 181.0 0.0 0.0 219.0 0.0 0.0 445.0 0.0 0.0 0.0 0.0 186.0 0.0 0.0 0.0 0.0 0.0 0.0 0.0 0.0 521.0 0.0 
