q
1.0 427.0 441.0 29.0 396.0 876.0 533.0 533.0 1766.0 710.0 1008.0 1180.0 408.0 613.0 500.0 670.0 934.0 619.0 7.0 81.0 1240.0 741.0 1706.0 1497.0 
l
0.0 0.0 0.0 0.0 0.0 0.0 0.0 0.0 0.0 0.0 0.0 0.0 0.0 0.0 0.0 0.0 0.0 0.0 0.0 0.0 1.0 0.0 0.0 0.0 
0.0 0.0 0.0 0.0 0.0 0.0 0.0 0.0 0.0 125.0 0.0 0.0 0.0 0.0 40.0 0.0 0.0 0.0 0.0 0.0 0.0 0.0 0.0 233.0 
0.0 0.0 0.0 0.0 0.0 0.0 0.0 0.0 0.0 0.0 0.0 203.0 27.0 0.0 0.0 0.0 0.0 0.0 0.0 0.0 179.0 0.0 0.0 0.0 
0.0 0.0 0.0 0.0 0.0 0.0 2.0 0.0 0.0 0.0 0.0 0.0 10.0 0.0 0.0 0.0 0.0 0.0 0.0 0.0 0.0 15.0 0.0 0.0 
0.0 0.0 0.0 0.0 0.0 100.0 0.0 0.0 186.0 0.0 95.0 0.0 0.0 0.0 0.0 0.0 0.0 0.0 0.0 0.0 0.0 0.0 0.0 0.0 
0.0 0.0 0.0 0.0 100.0 0.0 0.0 0.0 156.0 0.0 151.0 186.0 0.0 0.0 0.0 125.0 134.0 0.0 0.0 0.0 0.0 0.0 0.0 0.0 
0.0 0.0 0.0 2.0 0.0 0.0 0.0 0.0 0.0 0.0 0.0 135.0 65.0 0.0 0.0 0.0 163.0 0.0 0.0 0.0 0.0 143.0 0.0 0.0 
0.0 0.0 0.0 0.0 0.0 0.0 0.0 0.0 0.0 0.0 0.0 0.0 0.0 146.0 0.0 0.0 0.0 85.0 0.0 0.0 0.0 0.0 0.0 271.0 
0.0 0.0 0.0 0.0 186.0 156.0 0.0 0.0 0.0 0.0 263.0 260.0 0.0 0.0 0.0 0.0 0.0 0.0 0.0 0.0 379.0 0.0 0.0 444.0 
0.0 125.0 0.0 0.0 0.0 0.0 0.0 0.0 0.0 0.0 151.0 0.0 0.0 0.0 81.0 94.0 0.0 0.0 0.0 0.0 0.0 0.0 225.0 0.0 
0.0 0.0 0.0 0.0 95.0 151.0 0.0 0.0 263.0 151.0 0.0 0.0 0.0 0.0 183.0 122.0 0.0 0.0 0.0 0.0 0.0 0.0 0.0 0.0 
0.0 0.0 203.0 0.0 0.0 186.0 135.0 0.0 260.0 0.0 0.0 0.0 142.0 0.0 0.0 0.0 193.0 0.0 0.0 0.0 0.0 0.0 0.0 0.0 
0.0 0.0 27.0 10.0 0.0 0.0 65.0 0.0 0.0 0.0 0.0 142.0 0.0 0.0 0.0 0.0 0.0 0.0 0.0 0.0 139.0 0.0 0.0 0.0 
0.0 0.0 0.0 0.0 0.0 0.0 0.0 146.0 0.0 0.0 0.0 0.0 0.0 0.0 0.0 0.0 0.0 144.0 0.0 21.0 271.0 0.0 0.0 0.0 
0.0 40.0 0.0 0.0 0.0 0.0 0.0 0.0 0.0 81.0 183.0 0.0 0.0 0.0 0.0 0.0 0.0 0.0 0.0 0.0 0.0 0.0 0.0 177.0 
0.0 0.0 0.0 0.0 0.0 125.0 0.0 0.0 0.0 94.0 122.0 0.0 0.0 0.0 0.0 0.0 125.0 0.0 0.0 0.0 0.0 0.0 179.0 0.0 
0.0 0.0 0.0 0.0 0.0 134.0 163.0 0.0 0.0 0.0 0.0 193.0 0.0 0.0 0.0 125.0 0.0 0.0 0.0 0.0 0.0 0.0 290.0 0.0 
0.0 0.0 0.0 0.0 0.0 0.0 0.0 85.0 0.0 0.0 0.0 0.0 0.0 144.0 0.0 0.0 0.0 0.0 2.0 17.0 0.0 0.0 332.0 0.0 
0.0 0.0 0.0 0.0 0.0 0.0 0.0 0.0 0.0 0.0 0.0 0.0 0.0 0.0 0.0 0.0 0.0 2.0 0.0 0.0 0.0 0.0 0.0 5.0 
0.0 0.0 0.0 0.0 0.0 0.0 0.0 0.0 0.0 0.0 0.0 0.0 0.0 21.0 0.0 0.0 0.0 17.0 0.0 0.0 0.0 39.0 0.0 0.0 
1.0 0.0 179.0 0.0 0.0 0.0 0.0 0.0 379.0 0.0 0.0 0.0 139.0 271.0 0.0 0.0 0.0 0.0 0.0 0.0 0.0 203.0 0.0 0.0 
0.0 0.0 0.0 15.0 0.0 0.0 143.0 0.0 0.0 0.0 0.0 0.0 0.0 0.0 0.0 0.0 0.0 0.0 0.0 39.0 203.0 0.0 302.0 0.0 
0.0 0.0 0.0 0.0 0.0 0.0 0.0 0.0 0.0 225.0 0.0 0.0 0.0 0.0 0.0 179.0 290.0 332.0 0.0 0.0 0.0 302.0 0.0 290.0 
0.0 233.0 0.0 0.0 0.0 0.0 0.0 271.0 444.0 0.0 0.0 0.0 0.0 0.0 177.0 0.0 0.0 0.0 5.0 0.0 0.0 0.0 290.0 0.0 
