q
480.0 720.0 1350.0 635.0 384.0 642.0 525.0 653.0 442.0 1043.0 510.0 24.0 404.0 1683.0 14.0 9.0 631.0 439.0 846.0 1.0 994.0 997.0 1273.0 1875.0 
l
0.0 0.0 170.0 0.0 0.0 0.0 0.0 0.0 0.0 0.0 0.0 0.0 0.0 0.0 0.0 0.0 74.0 0.0 0.0 0.0 0.0 0.0 210.0 0.0 
0.0 0.0 0.0 172.0 0.0 0.0 0.0 73.0 0.0 153.0 0.0 0.0 0.0 281.0 0.0 0.0 0.0 0.0 0.0 0.0 0.0 0.0 0.0 0.0 
170.0 0.0 0.0 0.0 0.0 165.0 0.0 0.0 0.0 0.0 0.0 0.0 0.0 0.0 0.0 0.0 231.0 168.0 188.0 0.0 0.0 0.0 0.0 350.0 
0.0 172.0 0.0 0.0 63.0 0.0 0.0 0.0 0.0 134.0 0.0 0.0 0.0 0.0 2.0 0.0 0.0 0.0 0.0 0.0 0.0 220.0 0.0 0.0 
0.0 0.0 0.0 63.0 0.0 0.0 0.0 0.0 0.0 120.0 0.0 0.0 0.0 0.0 3.0 5.0 0.0 0.0 0.0 0.0 0.0 0.0 178.0 0.0 
0.0 0.0 165.0 0.0 0.0 0.0 122.0 0.0 0.0 0.0 0.0 5.0 0.0 0.0 0.0 0.0 0.0 0.0 116.0 0.0 203.0 0.0 0.0 0.0 
0.0 0.0 0.0 0.0 0.0 122.0 0.0 0.0 0.0 0.0 0.0 6.0 32.0 237.0 0.0 0.0 0.0 0.0 107.0 0.0 0.0 0.0 0.0 0.0 
0.0 73.0 0.0 0.0 0.0 0.0 0.0 0.0 120.0 176.0 0.0 0.0 0.0 257.0 0.0 0.0 0.0 0.0 0.0 0.0 0.0 0.0 0.0 0.0 
0.0 0.0 0.0 0.0 0.0 0.0 0.0 120.0 0.0 0.0 66.0 0.0 0.0 0.0 0.0 0.0 0.0 0.0 0.0 0.0 0.0 0.0 0.0 237.0 
0.0 153.0 0.0 134.0 120.0 0.0 0.0 176.0 0.0 0.0 192.0 0.0 0.0 0.0 0.0 0.0 0.0 0.0 0.0 0.0 0.0 0.0 218.0 0.0 
0.0 0.0 0.0 0.0 0.0 0.0 0.0 0.0 66.0 192.0 0.0 0.0 0.0 0.0 0.0 0.0 0.0 0.0 0.0 0.0 0.0 0.0 0.0 236.0 
0.0 0.0 0.0 0.0 0.0 5.0 6.0 0.0 0.0 0.0 0.0 0.0 0.0 0.0 0.0 0.0 0.0 0.0 0.0 0.0 12.0 0.0 0.0 0.0 
0.0 0.0 0.0 0.0 0.0 0.0 32.0 0.0 0.0 0.0 0.0 0.0 0.0 219.0 0.0 0.0 0.0 0.0 132.0 0.0 0.0 0.0 0.0 0.0 
0.0 281.0 0.0 0.0 0.0 0.0 237.0 257.0 0.0 0.0 0.0 0.0 219.0 0.0 0.0 0.0 0.0 0.0 0.0 0.0 299.0 0.0 0.0 319.0 
0.0 0.0 0.0 2.0 3.0 0.0 0.0 0.0 0.0 0.0 0.0 0.0 0.0 0.0 0.0 0.0 0.0 0.0 0.0 0.0 0.0 9.0 0.0 0.0 
0.0 0.0 0.0 0.0 5.0 0.0 0.0 0.0 0.0 0.0 0.0 0.0 0.0 0.0 0.0 0.0 0.0 0.0 0.0 0.0 0.0 4.0 0.0 0.0 
74.0 0.0 231.0 0.0 0.0 0.0 0.0 0.0 0.0 0.0 0.0 0.0 0.0 0.0 0.0 0.0 0.0 80.0 0.0 0.0 0.0 213.0 0.0 0.0 
0.0 0.0 168.0 0.0 0.0 0.0 0.0 0.0 0.0 0.0 0.0 0.0 0.0 0.0 0.0 0.0 80.0 0.0 0.0 0.0 163.0 0.0 0.0 0.0 
0.0 0.0 188.0 0.0 0.0 116.0 107.0 0.0 0.0 0.0 0.0 0.0 132.0 0.0 0.0 0.0 0.0 0.0 0.0 0.0 0.0 0.0 0.0 264.0 
0.0 0.0 0.0 0.0 0.0 0.0 0.0 0.0 0.0 0.0 0.0 0.0 0.0 0.0 0.0 0.0 0.0 0.0 0.0 0.0 1.0 0.0 0.0 0.0 
0.0 0.0 0.0 0.0 0.0 203.0 0.0 0.0 0.0 0.0 0.0 12.0 0.0 299.0 0.0 0.0 0.0 163.0 0.0 1.0 0.0 264.0 0.0 0.0 
0.0 0.0 0.0 220.0 0.0 0.0 0.0 0.0 0.0 0.0 0.0 0.0 0.0 0.0 9.0 4.0 213.0 0.0 0.0 0.0 264.0 0.0 232.0 0.0 
210.0 0.0 0.0 0.0 178.0 0.0 0.0 0.0 0.0 218.0 0.0 0.0 0.0 0.0 0.0 0.0 0.0 0.0 0.0 0.0 0.0 232.0 0.0 372.0 
0.0 0.0 350.0 0.0 0.0 0.0 0.0 0.0 237.0 0.0 236.0 0.0 0.0 319.0 0.0 0.0 0.0 0.0 264.0 0.0 0.0 0.0 372.0 0.0 
