q
842.0 281.0 404.0 381.0 585.0 1690.0 7.0 819.0 681.0 153.0 411.0 929.0 871.0 398.0 436.0 1044.0 783.0 592.0 11.0 7.0 1722.0 1088.0 1492.0 1153.0 
l
0.0 0.0 0.0 0.0 0.0 0.0 0.0 0.0 0.0 0.0 0.0 162.0 124.0 133.0 0.0 0.0 0.0 130.0 0.0 0.0 0.0 254.0 0.0 0.0 
0.0 0.0 0.0 0.0 0.0 0.0 0.0 0.0 89.0 0.0 0.0 0.0 47.0 0.0 0.0 0.0 0.0 0.0 0.0 0.0 0.0 0.0 124.0 0.0 
0.0 0.0 0.0 0.0 0.0 0.0 1.0 92.0 0.0 0.0 0.0 0.0 0.0 0.0 0.0 0.0 112.0 0.0 0.0 0.0 0.0 0.0 0.0 179.0 
0.0 0.0 0.0 0.0 0.0 180.0 0.0 0.0 56.0 9.0 0.0 119.0 0.0 0.0 0.0 0.0 0.0 0.0 0.0 0.0 0.0 0.0 0.0 0.0 
0.0 0.0 0.0 0.0 0.0 0.0 0.0 174.0 0.0 0.0 0.0 0.0 0.0 0.0 48.0 82.0 0.0 0.0 0.0 0.0 251.0 0.0 0.0 0.0 
0.0 0.0 0.0 180.0 0.0 0.0 0.0 0.0 245.0 101.0 0.0 212.0 0.0 0.0 0.0 0.0 0.0 0.0 0.0 0.0 465.0 0.0 0.0 409.0 
0.0 0.0 1.0 0.0 0.0 0.0 0.0 0.0 0.0 0.0 0.0 0.0 0.0 0.0 0.0 0.0 2.0 0.0 0.0 0.0 0.0 0.0 0.0 3.0 
0.0 0.0 92.0 0.0 174.0 0.0 0.0 0.0 0.0 0.0 0.0 0.0 0.0 0.0 0.0 160.0 114.0 0.0 0.0 0.0 0.0 0.0 0.0 238.0 
0.0 89.0 0.0 56.0 0.0 245.0 0.0 0.0 0.0 34.0 0.0 71.0 149.0 0.0 0.0 0.0 0.0 0.0 0.0 0.0 0.0 0.0 0.0 0.0 
0.0 0.0 0.0 9.0 0.0 101.0 0.0 0.0 34.0 0.0 0.0 0.0 0.0 0.0 0.0 0.0 0.0 0.0 0.0 0.0 0.0 0.0 0.0 0.0 
0.0 0.0 0.0 0.0 0.0 0.0 0.0 0.0 0.0 0.0 0.0 0.0 0.0 0.0 29.0 156.0 0.0 0.0 4.0 3.0 201.0 0.0 0.0 0.0 
162.0 0.0 0.0 119.0 0.0 212.0 0.0 0.0 71.0 0.0 0.0 0.0 148.0 0.0 0.0 0.0 0.0 168.0 0.0 0.0 0.0 0.0 0.0 0.0 
124.0 47.0 0.0 0.0 0.0 0.0 0.0 0.0 149.0 0.0 0.0 148.0 0.0 72.0 0.0 0.0 0.0 0.0 0.0 0.0 0.0 0.0 282.0 0.0 
133.0 0.0 0.0 0.0 0.0 0.0 0.0 0.0 0.0 0.0 0.0 0.0 72.0 0.0 0.0 0.0 0.0 0.0 0.0 0.0 0.0 0.0 176.0 0.0 
0.0 0.0 0.0 0.0 48.0 0.0 0.0 0.0 0.0 0.0 29.0 0.0 0.0 0.0 0.0 128.0 0.0 0.0 0.0 0.0 214.0 0.0 0.0 0.0 
0.0 0.0 0.0 0.0 82.0 0.0 0.0 160.0 0.0 0.0 156.0 0.0 0.0 0.0 128.0 0.0 195.0 0.0 0.0 0.0 0.0 269.0 0.0 0.0 
0.0 0.0 112.0 0.0 0.0 0.0 2.0 114.0 0.0 0.0 0.0 0.0 0.0 0.0 0.0 195.0 0.0 0.0 0.0 0.0 0.0 0.0 314.0 0.0 
130.0 0.0 0.0 0.0 0.0 0.0 0.0 0.0 0.0 0.0 0.0 168.0 0.0 0.0 0.0 0.0 0.0 0.0 0.0 0.0 267.0 0.0 0.0 0.0 
0.0 0.0 0.0 0.0 0.0 0.0 0.0 0.0 0.0 0.0 4.0 0.0 0.0 0.0 0.0 0.0 0.0 0.0 0.0 0.0 0.0 7.0 0.0 0.0 
0.0 0.0 0.0 0.0 0.0 0.0 0.0 0.0 0.0 0.0 3.0 0.0 0.0 0.0 0.0 0.0 0.0 0.0 0.0 0.0 0.0 4.0 0.0 0.0 
0.0 0.0 0.0 0.0 251.0 465.0 0.0 0.0 0.0 0.0 201.0 0.0 0.0 0.0 214.0 0.0 0.0 267.0 0.0 0.0 0.0 246.0 0.0 0.0 
254.0 0.0 0.0 0.0 0.0 0.0 0.0 0.0 0.0 0.0 0.0 0.0 0.0 0.0 0.0 269.0 0.0 0.0 7.0 4.0 246.0 0.0 258.0 0.0 
0.0 124.0 0.0 0.0 0.0 0.0 0.0 0.0 0.0 0.0 0.0 0.0 282.0 176.0 0.0 0.0 314.0 0.0 0.0 0.0 0.0 258.0 0.0 262.0 
0.0 0.0 179.0 0.0 0.0 409.0 3.0 238.0 0.0 0.0 0.0 0.0 0.0 0.0 0.0 0.0 0.0 0.0 0.0 0.0 0.0 0.0 262.0 0.0 
