q
779.0 185.0 446.0 687.0 971.0 418.0 1.0 449.0 982.0 444.0 47.0 62.0 727.0 382.0 876.0 1760.0 434.0 607.0 832.0 534.0 1367.0 1243.0 991.0 1876.0 
l
0.0 0.0 0.0 0.0 0.0 0.0 0.0 143.0 0.0 0.0 0.0 0.0 126.0 0.0 156.0 0.0 0.0 0.0 0.0 104.0 215.0 0.0 0.0 0.0 
0.0 0.0 0.0 0.0 0.0 0.0 0.0 24.0 0.0 0.0 0.0 0.0 0.0 0.0 0.0 117.0 0.0 0.0 0.0 37.0 0.0 0.0 0.0 0.0 
0.0 0.0 0.0 0.0 0.0 50.0 0.0 0.0 0.0 0.0 0.0 11.0 0.0 0.0 0.0 0.0 0.0 135.0 0.0 0.0 0.0 0.0 215.0 0.0 
0.0 0.0 0.0 0.0 147.0 0.0 0.0 0.0 100.0 0.0 0.0 0.0 0.0 49.0 0.0 0.0 116.0 0.0 0.0 0.0 0.0 0.0 0.0 233.0 
0.0 0.0 0.0 147.0 0.0 0.0 0.0 0.0 164.0 121.0 0.0 0.0 0.0 0.0 0.0 0.0 137.0 0.0 148.0 0.0 0.0 210.0 0.0 0.0 
0.0 0.0 50.0 0.0 0.0 0.0 0.0 0.0 0.0 0.0 0.0 6.0 0.0 0.0 0.0 0.0 0.0 116.0 0.0 0.0 0.0 219.0 0.0 0.0 
0.0 0.0 0.0 0.0 0.0 0.0 0.0 0.0 0.0 0.0 0.0 0.0 0.0 0.0 0.0 0.0 0.0 0.0 0.0 0.0 0.0 0.0 1.0 0.0 
143.0 24.0 0.0 0.0 0.0 0.0 0.0 0.0 0.0 0.0 0.0 0.0 0.0 0.0 0.0 229.0 0.0 0.0 0.0 37.0 0.0 0.0 0.0 0.0 
0.0 0.0 0.0 100.0 164.0 0.0 0.0 0.0 0.0 0.0 0.0 0.0 0.0 110.0 207.0 0.0 0.0 0.0 130.0 0.0 0.0 0.0 0.0 229.0 
0.0 0.0 0.0 0.0 121.0 0.0 0.0 0.0 0.0 0.0 0.0 0.0 0.0 0.0 0.0 0.0 0.0 0.0 155.0 0.0 0.0 141.0 0.0 0.0 
0.0 0.0 0.0 0.0 0.0 0.0 0.0 0.0 0.0 0.0 0.0 0.0 0.0 0.0 12.0 0.0 0.0 0.0 17.0 0.0 15.0 0.0 0.0 0.0 
0.0 0.0 11.0 0.0 0.0 6.0 0.0 0.0 0.0 0.0 0.0 0.0 0.0 0.0 0.0 0.0 0.0 0.0 0.0 0.0 0.0 41.0 0.0 0.0 
126.0 0.0 0.0 0.0 0.0 0.0 0.0 0.0 0.0 0.0 0.0 0.0 0.0 0.0 161.0 0.0 0.0 0.0 0.0 131.0 0.0 0.0 0.0 284.0 
0.0 0.0 0.0 49.0 0.0 0.0 0.0 0.0 110.0 0.0 0.0 0.0 0.0 0.0 0.0 0.0 0.0 0.0 0.0 0.0 0.0 0.0 0.0 201.0 
156.0 0.0 0.0 0.0 0.0 0.0 0.0 0.0 207.0 0.0 12.0 0.0 161.0 0.0 0.0 0.0 0.0 0.0 136.0 0.0 162.0 0.0 0.0 0.0 
0.0 117.0 0.0 0.0 0.0 0.0 0.0 229.0 0.0 0.0 0.0 0.0 0.0 0.0 0.0 0.0 0.0 317.0 0.0 208.0 339.0 0.0 0.0 468.0 
0.0 0.0 0.0 116.0 137.0 0.0 0.0 0.0 0.0 0.0 0.0 0.0 0.0 0.0 0.0 0.0 0.0 0.0 0.0 0.0 0.0 0.0 154.0 0.0 
0.0 0.0 135.0 0.0 0.0 116.0 0.0 0.0 0.0 0.0 0.0 0.0 0.0 0.0 0.0 317.0 0.0 0.0 0.0 0.0 0.0 0.0 0.0 0.0 
0.0 0.0 0.0 0.0 148.0 0.0 0.0 0.0 130.0 155.0 17.0 0.0 0.0 0.0 136.0 0.0 0.0 0.0 0.0 0.0 197.0 0.0 0.0 0.0 
104.0 37.0 0.0 0.0 0.0 0.0 0.0 37.0 0.0 0.0 0.0 0.0 131.0 0.0 0.0 208.0 0.0 0.0 0.0 0.0 0.0 0.0 0.0 0.0 
215.0 0.0 0.0 0.0 0.0 0.0 0.0 0.0 0.0 0.0 15.0 0.0 0.0 0.0 162.0 339.0 0.0 0.0 197.0 0.0 0.0 359.0 0.0 0.0 
0.0 0.0 0.0 0.0 210.0 219.0 0.0 0.0 0.0 141.0 0.0 41.0 0.0 0.0 0.0 0.0 0.0 0.0 0.0 0.0 359.0 0.0 201.0 0.0 
0.0 0.0 215.0 0.0 0.0 0.0 1.0 0.0 0.0 0.0 0.0 0.0 0.0 0.0 0.0 0.0 154.0 0.0 0.0 0.0 0.0 201.0 0.0 354.0 
0.0 0.0 0.0 233.0 0.0 0.0 0.0 0.0 229.0 0.0 0.0 0.0 284.0 201.0 0.0 468.0 0.0 0.0 0.0 0.0 0.0 0.0 354.0 0.0 
