q
676.0 35.0 157.0 363.0 567.0 376.0 1762.0 374.0 512.0 724.0 831.0 837.0 311.0 1.0 839.0 174.0 798.0 555.0 718.0 440.0 1768.0 1788.0 1214.0 1364.0 
l
0.0 0.0 0.0 49.0 0.0 0.0 0.0 0.0 147.0 0.0 0.0 0.0 0.0 0.0 0.0 0.0 110.0 0.0 95.0 0.0 0.0 0.0 242.0 0.0 
0.0 0.0 0.0 1.0 0.0 0.0 0.0 0.0 0.0 0.0 0.0 0.0 0.0 0.0 0.0 0.0 0.0 0.0 0.0 0.0 0.0 0.0 31.0 0.0 
0.0 0.0 0.0 0.0 0.0 0.0 0.0 0.0 0.0 0.0 0.0 0.0 0.0 0.0 33.0 0.0 0.0 0.0 0.0 34.0 0.0 85.0 0.0 0.0 
49.0 1.0 0.0 0.0 0.0 61.0 0.0 0.0 0.0 0.0 0.0 0.0 0.0 0.0 0.0 0.0 75.0 0.0 0.0 0.0 0.0 0.0 158.0 0.0 
0.0 0.0 0.0 0.0 0.0 0.0 240.0 0.0 0.0 0.0 0.0 140.0 64.0 0.0 0.0 0.0 0.0 88.0 0.0 0.0 0.0 0.0 0.0 0.0 
0.0 0.0 0.0 61.0 0.0 0.0 0.0 0.0 0.0 0.0 0.0 0.0 0.0 0.0 0.0 0.0 72.0 0.0 0.0 0.0 0.0 221.0 0.0 0.0 
0.0 0.0 0.0 0.0 240.0 0.0 0.0 0.0 257.0 0.0 0.0 0.0 0.0 0.0 0.0 103.0 0.0 0.0 288.0 0.0 440.0 0.0 0.0 329.0 
0.0 0.0 0.0 0.0 0.0 0.0 0.0 0.0 0.0 99.0 0.0 87.0 0.0 0.0 0.0 0.0 0.0 0.0 0.0 0.0 0.0 0.0 0.0 172.0 
147.0 0.0 0.0 0.0 0.0 0.0 257.0 0.0 0.0 0.0 0.0 0.0 0.0 0.0 0.0 26.0 0.0 0.0 54.0 0.0 0.0 0.0 0.0 0.0 
0.0 0.0 0.0 0.0 0.0 0.0 0.0 99.0 0.0 0.0 107.0 91.0 0.0 0.0 214.0 0.0 0.0 0.0 0.0 0.0 0.0 0.0 0.0 185.0 
0.0 0.0 0.0 0.0 0.0 0.0 0.0 0.0 0.0 107.0 0.0 151.0 0.0 0.0 134.0 0.0 0.0 93.0 0.0 80.0 227.0 0.0 0.0 0.0 
0.0 0.0 0.0 0.0 140.0 0.0 0.0 87.0 0.0 91.0 151.0 0.0 0.0 0.0 0.0 0.0 0.0 124.0 0.0 0.0 0.0 0.0 0.0 210.0 
0.0 0.0 0.0 0.0 64.0 0.0 0.0 0.0 0.0 0.0 0.0 0.0 0.0 0.0 0.0 0.0 0.0 52.0 0.0 0.0 179.0 0.0 0.0 0.0 
0.0 0.0 0.0 0.0 0.0 0.0 0.0 0.0 0.0 0.0 0.0 0.0 0.0 0.0 0.0 0.0 0.0 0.0 0.0 0.0 0.0 0.0 1.0 0.0 
0.0 0.0 33.0 0.0 0.0 0.0 0.0 0.0 0.0 214.0 134.0 0.0 0.0 0.0 0.0 0.0 0.0 0.0 0.0 96.0 0.0 315.0 0.0 0.0 
0.0 0.0 0.0 0.0 0.0 0.0 103.0 0.0 26.0 0.0 0.0 0.0 0.0 0.0 0.0 0.0 0.0 0.0 37.0 0.0 0.0 0.0 0.0 0.0 
110.0 0.0 0.0 75.0 0.0 72.0 0.0 0.0 0.0 0.0 0.0 0.0 0.0 0.0 0.0 0.0 0.0 0.0 202.0 0.0 0.0 302.0 0.0 0.0 
0.0 0.0 0.0 0.0 88.0 0.0 0.0 0.0 0.0 0.0 93.0 124.0 52.0 0.0 0.0 0.0 0.0 0.0 0.0 0.0 172.0 0.0 0.0 0.0 
95.0 0.0 0.0 0.0 0.0 0.0 288.0 0.0 54.0 0.0 0.0 0.0 0.0 0.0 0.0 37.0 202.0 0.0 0.0 0.0 0.0 0.0 0.0 0.0 
0.0 0.0 34.0 0.0 0.0 0.0 0.0 0.0 0.0 0.0 80.0 0.0 0.0 0.0 96.0 0.0 0.0 0.0 0.0 0.0 199.0 0.0 0.0 0.0 
0.0 0.0 0.0 0.0 0.0 0.0 440.0 0.0 0.0 0.0 227.0 0.0 179.0 0.0 0.0 0.0 0.0 172.0 0.0 199.0 0.0 459.0 0.0 0.0 
0.0 0.0 85.0 0.0 0.0 221.0 0.0 0.0 0.0 0.0 0.0 0.0 0.0 0.0 315.0 0.0 302.0 0.0 0.0 0.0 459.0 0.0 318.0 0.0 
242.0 31.0 0.0 158.0 0.0 0.0 0.0 0.0 0.0 0.0 0.0 0.0 0.0 1.0 0.0 0.0 0.0 0.0 0.0 0.0 0.0 318.0 0.0 398.0 
0.0 0.0 0.0 0.0 0.0 0.0 329.0 172.0 0.0 185.0 0.0 210.0 0.0 0.0 0.0 0.0 0.0 0.0 0.0 0.0 0.0 0.0 398.0 0.0 
