q
67.0 466.0 597.0 577.0 302.0 582.0 397.0 708.0 573.0 972.0 1576.0 333.0 26.0 115.0 716.0 1019.0 1028.0 738.0 13.0 505.0 1100.0 944.0 1509.0 1367.0 
l
0.0 0.0 0.0 0.0 0.0 0.0 0.0 21.0 0.0 0.0 0.0 0.0 0.0 0.0 16.0 0.0 0.0 0.0 0.0 0.0 0.0 29.0 0.0 0.0 
0.0 0.0 0.0 0.0 0.0 0.0 0.0 0.0 0.0 133.0 0.0 0.0 0.0 0.0 0.0 0.0 0.0 110.0 2.0 0.0 0.0 185.0 0.0 0.0 
0.0 0.0 0.0 0.0 47.0 0.0 0.0 89.0 0.0 0.0 0.0 70.0 0.0 0.0 0.0 0.0 128.0 0.0 0.0 0.0 0.0 0.0 229.0 0.0 
0.0 0.0 0.0 0.0 0.0 103.0 0.0 0.0 0.0 107.0 0.0 0.0 0.0 0.0 0.0 136.0 0.0 0.0 0.0 0.0 0.0 0.0 205.0 0.0 
0.0 0.0 47.0 0.0 0.0 0.0 0.0 83.0 0.0 0.0 0.0 0.0 0.0 0.0 0.0 0.0 0.0 0.0 0.0 0.0 0.0 0.0 161.0 0.0 
0.0 0.0 0.0 103.0 0.0 0.0 90.0 0.0 0.0 0.0 0.0 0.0 0.0 0.0 0.0 129.0 0.0 0.0 0.0 0.0 0.0 0.0 0.0 234.0 
0.0 0.0 0.0 0.0 0.0 90.0 0.0 0.0 0.0 0.0 191.0 0.0 0.0 0.0 0.0 95.0 0.0 0.0 0.0 0.0 0.0 0.0 0.0 0.0 
21.0 0.0 89.0 0.0 83.0 0.0 0.0 0.0 0.0 0.0 0.0 0.0 0.0 0.0 131.0 0.0 160.0 0.0 0.0 0.0 0.0 194.0 0.0 0.0 
0.0 0.0 0.0 0.0 0.0 0.0 0.0 0.0 0.0 0.0 259.0 0.0 0.0 35.0 97.0 0.0 152.0 0.0 0.0 0.0 0.0 0.0 0.0 0.0 
0.0 133.0 0.0 107.0 0.0 0.0 0.0 0.0 0.0 0.0 0.0 0.0 0.0 0.0 0.0 232.0 0.0 186.0 3.0 0.0 0.0 0.0 274.0 0.0 
0.0 0.0 0.0 0.0 0.0 0.0 191.0 0.0 259.0 0.0 0.0 0.0 0.0 0.0 0.0 260.0 0.0 0.0 0.0 176.0 284.0 0.0 0.0 320.0 
0.0 0.0 70.0 0.0 0.0 0.0 0.0 0.0 0.0 0.0 0.0 0.0 0.0 0.0 0.0 0.0 86.0 0.0 0.0 0.0 0.0 0.0 0.0 153.0 
0.0 0.0 0.0 0.0 0.0 0.0 0.0 0.0 0.0 0.0 0.0 0.0 0.0 0.0 0.0 0.0 0.0 4.0 0.0 8.0 13.0 0.0 0.0 0.0 
0.0 0.0 0.0 0.0 0.0 0.0 0.0 0.0 35.0 0.0 0.0 0.0 0.0 0.0 23.0 0.0 0.0 0.0 0.0 0.0 50.0 0.0 0.0 0.0 
16.0 0.0 0.0 0.0 0.0 0.0 0.0 131.0 97.0 0.0 0.0 0.0 0.0 23.0 0.0 0.0 184.0 0.0 0.0 0.0 234.0 0.0 0.0 0.0 
0.0 0.0 0.0 136.0 0.0 129.0 95.0 0.0 0.0 232.0 260.0 0.0 0.0 0.0 0.0 0.0 0.0 0.0 0.0 127.0 0.0 0.0 0.0 0.0 
0.0 0.0 128.0 0.0 0.0 0.0 0.0 160.0 152.0 0.0 0.0 86.0 0.0 0.0 184.0 0.0 0.0 0.0 0.0 0.0 0.0 0.0 0.0 275.0 
0.0 110.0 0.0 0.0 0.0 0.0 0.0 0.0 0.0 186.0 0.0 0.0 4.0 0.0 0.0 0.0 0.0 0.0 0.0 162.0 228.0 0.0 0.0 0.0 
0.0 2.0 0.0 0.0 0.0 0.0 0.0 0.0 0.0 3.0 0.0 0.0 0.0 0.0 0.0 0.0 0.0 0.0 0.0 0.0 0.0 5.0 0.0 0.0 
0.0 0.0 0.0 0.0 0.0 0.0 0.0 0.0 0.0 0.0 176.0 0.0 8.0 0.0 0.0 127.0 0.0 162.0 0.0 0.0 0.0 0.0 0.0 0.0 
0.0 0.0 0.0 0.0 0.0 0.0 0.0 0.0 0.0 0.0 284.0 0.0 13.0 50.0 234.0 0.0 0.0 228.0 0.0 0.0 0.0 230.0 0.0 0.0 
29.0 185.0 0.0 0.0 0.0 0.0 0.0 194.0 0.0 0.0 0.0 0.0 0.0 0.0 0.0 0.0 0.0 0.0 5.0 0.0 230.0 0.0 248.0 0.0 
0.0 0.0 229.0 205.0 161.0 0.0 0.0 0.0 0.0 274.0 0.0 0.0 0.0 0.0 0.0 0.0 0.0 0.0 0.0 0.0 0.0 248.0 0.0 328.0 
0.0 0.0 0.0 0.0 0.0 234.0 0.0 0.0 0.0 0.0 320.0 153.0 0.0 0.0 0.0 0.0 275.0 0.0 0.0 0.0 0.0 0.0 328.0 0.0 
