q
853.0 482.0 14.0 429.0 66.0 547.0 589.0 8.0 796.0 1546.0 469.0 491.0 457.0 822.0 975.0 917.0 610.0 520.0 373.0 2.0 1829.0 1232.0 1702.0 1655.0 
l
0.0 0.0 0.0 0.0 0.0 0.0 114.0 0.0 109.0 0.0 168.0 0.0 0.0 142.0 0.0 0.0 0.0 0.0 0.0 1.0 281.0 0.0 0.0 0.0 
0.0 0.0 0.0 0.0 0.0 84.0 0.0 3.0 0.0 0.0 0.0 0.0 0.0 0.0 0.0 0.0 88.0 0.0 0.0 0.0 0.0 0.0 279.0 0.0 
0.0 0.0 0.0 0.0 0.0 4.0 0.0 0.0 0.0 0.0 0.0 0.0 0.0 0.0 0.0 0.0 0.0 0.0 0.0 0.0 0.0 10.0 0.0 0.0 
0.0 0.0 0.0 0.0 0.0 0.0 0.0 0.0 0.0 0.0 0.0 70.0 0.0 0.0 141.0 0.0 0.0 0.0 0.0 0.0 0.0 191.0 0.0 0.0 
0.0 0.0 0.0 0.0 0.0 0.0 0.0 0.0 0.0 48.0 9.0 0.0 0.0 0.0 0.0 0.0 0.0 0.0 6.0 0.0 0.0 0.0 0.0 0.0 
0.0 84.0 4.0 0.0 0.0 0.0 0.0 0.0 0.0 0.0 0.0 0.0 0.0 0.0 0.0 0.0 171.0 0.0 0.0 0.0 0.0 253.0 0.0 0.0 
114.0 0.0 0.0 0.0 0.0 0.0 0.0 0.0 182.0 144.0 30.0 0.0 0.0 0.0 0.0 0.0 0.0 0.0 80.0 0.0 0.0 0.0 0.0 0.0 
0.0 3.0 0.0 0.0 0.0 0.0 0.0 0.0 0.0 0.0 0.0 0.0 0.0 0.0 0.0 0.0 0.0 0.0 0.0 0.0 0.0 5.0 0.0 0.0 
109.0 0.0 0.0 0.0 0.0 0.0 182.0 0.0 0.0 0.0 0.0 0.0 0.0 128.0 0.0 0.0 0.0 96.0 0.0 0.0 0.0 0.0 0.0 249.0 
0.0 0.0 0.0 0.0 48.0 0.0 144.0 0.0 0.0 0.0 187.0 0.0 0.0 0.0 0.0 0.0 0.0 0.0 222.0 0.0 431.0 0.0 0.0 426.0 
168.0 0.0 0.0 0.0 9.0 0.0 30.0 0.0 0.0 187.0 0.0 0.0 0.0 0.0 0.0 0.0 0.0 0.0 42.0 0.0 0.0 0.0 0.0 0.0 
0.0 0.0 0.0 70.0 0.0 0.0 0.0 0.0 0.0 0.0 0.0 0.0 41.0 0.0 136.0 0.0 0.0 0.0 0.0 0.0 0.0 0.0 219.0 0.0 
0.0 0.0 0.0 0.0 0.0 0.0 0.0 0.0 0.0 0.0 0.0 41.0 0.0 0.0 102.0 112.0 0.0 0.0 0.0 0.0 0.0 0.0 180.0 0.0 
142.0 0.0 0.0 0.0 0.0 0.0 0.0 0.0 128.0 0.0 0.0 0.0 0.0 0.0 0.0 224.0 0.0 97.0 0.0 0.0 201.0 0.0 0.0 0.0 
0.0 0.0 0.0 141.0 0.0 0.0 0.0 0.0 0.0 0.0 0.0 136.0 102.0 0.0 0.0 143.0 0.0 0.0 0.0 0.0 394.0 0.0 0.0 0.0 
0.0 0.0 0.0 0.0 0.0 0.0 0.0 0.0 0.0 0.0 0.0 0.0 112.0 224.0 143.0 0.0 0.0 154.0 0.0 0.0 0.0 0.0 238.0 0.0 
0.0 88.0 0.0 0.0 0.0 171.0 0.0 0.0 0.0 0.0 0.0 0.0 0.0 0.0 0.0 0.0 0.0 0.0 0.0 0.0 0.0 0.0 0.0 313.0 
0.0 0.0 0.0 0.0 0.0 0.0 0.0 0.0 96.0 0.0 0.0 0.0 0.0 97.0 0.0 154.0 0.0 0.0 0.0 0.0 0.0 0.0 0.0 146.0 
0.0 0.0 0.0 0.0 6.0 0.0 80.0 0.0 0.0 222.0 42.0 0.0 0.0 0.0 0.0 0.0 0.0 0.0 0.0 0.0 0.0 0.0 0.0 0.0 
1.0 0.0 0.0 0.0 0.0 0.0 0.0 0.0 0.0 0.0 0.0 0.0 0.0 0.0 0.0 0.0 0.0 0.0 0.0 0.0 1.0 0.0 0.0 0.0 
281.0 0.0 0.0 0.0 0.0 0.0 0.0 0.0 0.0 431.0 0.0 0.0 0.0 201.0 394.0 0.0 0.0 0.0 0.0 1.0 0.0 428.0 0.0 0.0 
0.0 0.0 10.0 191.0 0.0 253.0 0.0 5.0 0.0 0.0 0.0 0.0 0.0 0.0 0.0 0.0 0.0 0.0 0.0 0.0 428.0 0.0 273.0 0.0 
0.0 279.0 0.0 0.0 0.0 0.0 0.0 0.0 0.0 0.0 0.0 219.0 180.0 0.0 0.0 238.0 0.0 0.0 0.0 0.0 0.0 273.0 0.0 432.0 
0.0 0.0 0.0 0.0 0.0 0.0 0.0 0.0 249.0 426.0 0.0 0.0 0.0 0.0 0.0 0.0 313.0 146.0 0.0 0.0 0.0 0.0 432.0 0.0 
