q
632.0 267.0 378.0 4.0 16.0 451.0 1404.0 805.0 421.0 559.0 368.0 590.0 452.0 434.0 645.0 1025.0 348.0 838.0 68.0 1264.0 1156.0 1034.0 1957.0 2066.0 
l
0.0 0.0 0.0 0.0 0.0 0.0 0.0 98.0 0.0 0.0 71.0 0.0 104.0 0.0 0.0 0.0 0.0 0.0 0.0 0.0 0.0 0.0 320.0 0.0 
0.0 0.0 0.0 0.0 3.0 0.0 0.0 0.0 0.0 73.0 0.0 0.0 0.0 0.0 0.0 0.0 0.0 68.0 15.0 0.0 103.0 0.0 0.0 0.0 
0.0 0.0 0.0 0.0 0.0 0.0 0.0 77.0 0.0 0.0 0.0 0.0 48.0 0.0 0.0 0.0 0.0 0.0 0.0 0.0 0.0 0.0 0.0 235.0 
0.0 0.0 0.0 0.0 0.0 0.0 2.0 0.0 1.0 0.0 0.0 0.0 0.0 1.0 0.0 0.0 0.0 0.0 0.0 0.0 0.0 0.0 0.0 0.0 
0.0 3.0 0.0 0.0 0.0 0.0 0.0 0.0 0.0 0.0 0.0 0.0 0.0 0.0 0.0 0.0 0.0 0.0 1.0 0.0 9.0 0.0 0.0 0.0 
0.0 0.0 0.0 0.0 0.0 0.0 0.0 0.0 0.0 43.0 0.0 0.0 0.0 0.0 0.0 0.0 0.0 96.0 0.0 101.0 0.0 0.0 178.0 0.0 
0.0 0.0 0.0 2.0 0.0 0.0 0.0 0.0 194.0 0.0 0.0 0.0 0.0 167.0 138.0 0.0 0.0 0.0 0.0 0.0 302.0 0.0 0.0 509.0 
98.0 0.0 77.0 0.0 0.0 0.0 0.0 0.0 0.0 0.0 103.0 0.0 44.0 0.0 0.0 0.0 131.0 0.0 0.0 0.0 0.0 0.0 0.0 312.0 
0.0 0.0 0.0 1.0 0.0 0.0 194.0 0.0 0.0 0.0 0.0 0.0 0.0 30.0 0.0 163.0 0.0 0.0 0.0 0.0 0.0 0.0 0.0 0.0 
0.0 73.0 0.0 0.0 0.0 43.0 0.0 0.0 0.0 0.0 0.0 0.0 0.0 0.0 0.0 0.0 0.0 129.0 18.0 0.0 0.0 0.0 258.0 0.0 
71.0 0.0 0.0 0.0 0.0 0.0 0.0 103.0 0.0 0.0 0.0 0.0 0.0 0.0 0.0 0.0 26.0 0.0 0.0 0.0 0.0 148.0 0.0 0.0 
0.0 0.0 0.0 0.0 0.0 0.0 0.0 0.0 0.0 0.0 0.0 0.0 0.0 0.0 129.0 0.0 0.0 0.0 0.0 185.0 0.0 0.0 0.0 247.0 
104.0 0.0 48.0 0.0 0.0 0.0 0.0 44.0 0.0 0.0 0.0 0.0 0.0 0.0 0.0 0.0 0.0 0.0 0.0 0.0 0.0 0.0 0.0 236.0 
0.0 0.0 0.0 1.0 0.0 0.0 167.0 0.0 30.0 0.0 0.0 0.0 0.0 0.0 77.0 136.0 0.0 0.0 0.0 0.0 0.0 0.0 0.0 0.0 
0.0 0.0 0.0 0.0 0.0 0.0 138.0 0.0 0.0 0.0 0.0 129.0 0.0 77.0 0.0 100.0 0.0 0.0 0.0 174.0 0.0 0.0 0.0 0.0 
0.0 0.0 0.0 0.0 0.0 0.0 0.0 0.0 163.0 0.0 0.0 0.0 0.0 136.0 100.0 0.0 0.0 181.0 0.0 221.0 182.0 0.0 0.0 0.0 
0.0 0.0 0.0 0.0 0.0 0.0 0.0 131.0 0.0 0.0 26.0 0.0 0.0 0.0 0.0 0.0 0.0 0.0 0.0 0.0 0.0 165.0 0.0 0.0 
0.0 68.0 0.0 0.0 0.0 96.0 0.0 0.0 0.0 129.0 0.0 0.0 0.0 0.0 0.0 181.0 0.0 0.0 0.0 149.0 174.0 0.0 0.0 0.0 
0.0 15.0 0.0 0.0 1.0 0.0 0.0 0.0 0.0 18.0 0.0 0.0 0.0 0.0 0.0 0.0 0.0 0.0 0.0 0.0 0.0 29.0 0.0 0.0 
0.0 0.0 0.0 0.0 0.0 101.0 0.0 0.0 0.0 0.0 0.0 185.0 0.0 0.0 174.0 221.0 0.0 149.0 0.0 0.0 0.0 0.0 376.0 0.0 
0.0 103.0 0.0 0.0 9.0 0.0 302.0 0.0 0.0 0.0 0.0 0.0 0.0 0.0 0.0 182.0 0.0 174.0 0.0 0.0 0.0 332.0 0.0 0.0 
0.0 0.0 0.0 0.0 0.0 0.0 0.0 0.0 0.0 0.0 148.0 0.0 0.0 0.0 0.0 0.0 165.0 0.0 29.0 0.0 332.0 0.0 296.0 0.0 
320.0 0.0 0.0 0.0 0.0 178.0 0.0 0.0 0.0 258.0 0.0 0.0 0.0 0.0 0.0 0.0 0.0 0.0 0.0 376.0 0.0 296.0 0.0 416.0 
0.0 0.0 235.0 0.0 0.0 0.0 509.0 312.0 0.0 0.0 0.0 247.0 236.0 0.0 0.0 0.0 0.0 0.0 0.0 0.0 0.0 0.0 416.0 0.0 
