q
402.0 621.0 519.0 36.0 392.0 1231.0 697.0 1030.0 868.0 499.0 856.0 13.0 1870.0 44.0 515.0 644.0 577.0 431.0 34.0 484.0 2052.0 813.0 1059.0 2119.0 
l
0.0 0.0 34.0 6.0 0.0 0.0 0.0 0.0 0.0 0.0 115.0 0.0 0.0 0.0 0.0 0.0 0.0 0.0 0.0 0.0 0.0 0.0 0.0 223.0 
0.0 0.0 0.0 0.0 77.0 132.0 0.0 0.0 169.0 0.0 0.0 0.0 152.0 0.0 0.0 57.0 0.0 0.0 0.0 0.0 0.0 0.0 0.0 0.0 
34.0 0.0 0.0 0.0 0.0 0.0 0.0 0.0 105.0 0.0 115.0 0.0 0.0 0.0 0.0 0.0 0.0 0.0 0.0 0.0 0.0 0.0 0.0 232.0 
6.0 0.0 0.0 0.0 0.0 0.0 0.0 0.0 0.0 0.0 17.0 0.0 0.0 0.0 0.0 0.0 0.0 0.0 0.0 0.0 0.0 11.0 0.0 0.0 
0.0 77.0 0.0 0.0 0.0 0.0 0.0 0.0 0.0 0.0 0.0 0.0 228.0 0.0 0.0 58.0 0.0 0.0 0.0 0.0 0.0 0.0 0.0 0.0 
0.0 132.0 0.0 0.0 0.0 0.0 0.0 0.0 204.0 0.0 237.0 0.0 0.0 0.0 0.0 159.0 125.0 0.0 0.0 0.0 318.0 0.0 0.0 0.0 
0.0 0.0 0.0 0.0 0.0 0.0 0.0 204.0 0.0 106.0 0.0 0.0 0.0 0.0 0.0 0.0 0.0 0.0 0.0 0.0 0.0 0.0 0.0 342.0 
0.0 0.0 0.0 0.0 0.0 0.0 204.0 0.0 0.0 159.0 0.0 0.0 0.0 0.0 81.0 0.0 0.0 0.0 0.0 94.0 431.0 0.0 0.0 0.0 
0.0 169.0 105.0 0.0 0.0 204.0 0.0 0.0 0.0 0.0 97.0 0.0 0.0 0.0 0.0 0.0 0.0 0.0 0.0 0.0 0.0 0.0 0.0 247.0 
0.0 0.0 0.0 0.0 0.0 0.0 106.0 159.0 0.0 0.0 0.0 0.0 0.0 0.0 0.0 0.0 0.0 0.0 0.0 45.0 0.0 0.0 163.0 0.0 
115.0 0.0 115.0 17.0 0.0 237.0 0.0 0.0 97.0 0.0 0.0 0.0 0.0 0.0 0.0 0.0 0.0 0.0 0.0 0.0 0.0 226.0 0.0 0.0 
0.0 0.0 0.0 0.0 0.0 0.0 0.0 0.0 0.0 0.0 0.0 0.0 0.0 1.0 3.0 0.0 0.0 0.0 0.0 0.0 0.0 9.0 0.0 0.0 
0.0 152.0 0.0 0.0 228.0 0.0 0.0 0.0 0.0 0.0 0.0 0.0 0.0 0.0 0.0 187.0 0.0 233.0 0.0 0.0 410.0 0.0 0.0 570.0 
0.0 0.0 0.0 0.0 0.0 0.0 0.0 0.0 0.0 0.0 0.0 1.0 0.0 0.0 17.0 0.0 0.0 0.0 0.0 3.0 0.0 0.0 20.0 0.0 
0.0 0.0 0.0 0.0 0.0 0.0 0.0 81.0 0.0 0.0 0.0 3.0 0.0 17.0 0.0 0.0 0.0 0.0 9.0 108.0 266.0 0.0 0.0 0.0 
0.0 57.0 0.0 0.0 58.0 159.0 0.0 0.0 0.0 0.0 0.0 0.0 187.0 0.0 0.0 0.0 87.0 69.0 0.0 0.0 0.0 0.0 0.0 0.0 
0.0 0.0 0.0 0.0 0.0 125.0 0.0 0.0 0.0 0.0 0.0 0.0 0.0 0.0 0.0 87.0 0.0 100.0 0.0 0.0 245.0 0.0 0.0 0.0 
0.0 0.0 0.0 0.0 0.0 0.0 0.0 0.0 0.0 0.0 0.0 0.0 233.0 0.0 0.0 69.0 100.0 0.0 0.0 0.0 0.0 0.0 0.0 0.0 
0.0 0.0 0.0 0.0 0.0 0.0 0.0 0.0 0.0 0.0 0.0 0.0 0.0 0.0 9.0 0.0 0.0 0.0 0.0 0.0 0.0 25.0 0.0 0.0 
0.0 0.0 0.0 0.0 0.0 0.0 0.0 94.0 0.0 45.0 0.0 0.0 0.0 3.0 108.0 0.0 0.0 0.0 0.0 0.0 0.0 0.0 200.0 0.0 
0.0 0.0 0.0 0.0 0.0 318.0 0.0 431.0 0.0 0.0 0.0 0.0 410.0 0.0 266.0 0.0 245.0 0.0 0.0 0.0 0.0 285.0 0.0 0.0 
0.0 0.0 0.0 11.0 0.0 0.0 0.0 0.0 0.0 0.0 226.0 9.0 0.0 0.0 0.0 0.0 0.0 0.0 25.0 0.0 285.0 0.0 217.0 0.0 
0.0 0.0 0.0 0.0 0.0 0.0 0.0 0.0 0.0 163.0 0.0 0.0 0.0 20.0 0.0 0.0 0.0 0.0 0.0 200.0 0.0 217.0 0.0 387.0 
223.0 0.0 232.0 0.0 0.0 0.0 342.0 0.0 247.0 0.0 0.0 0.0 570.0 0.0 0.0 0.0 0.0 0.0 0.0 0.0 0.0 0.0 387.0 0.0 
