q
1.0 466.0 768.0 1176.0 473.0 688.0 59.0 1358.0 450.0 693.0 527.0 426.0 1250.0 999.0 694.0 37.0 970.0 1.0 450.0 450.0 1363.0 1069.0 1995.0 1599.0 
l
0.0 0.0 0.0 0.0 0.0 0.0 0.0 0.0 0.0 0.0 0.0 0.0 0.0 0.0 0.0 0.0 0.0 0.0 0.0 0.0 0.0 1.0 0.0 0.0 
0.0 0.0 0.0 0.0 0.0 0.0 15.0 0.0 0.0 0.0 83.0 0.0 0.0 96.0 0.0 0.0 0.0 0.0 0.0 0.0 0.0 0.0 249.0 0.0 
0.0 0.0 0.0 0.0 0.0 0.0 0.0 0.0 0.0 121.0 110.0 0.0 0.0 191.0 0.0 0.0 0.0 0.0 0.0 0.0 308.0 0.0 0.0 0.0 
0.0 0.0 0.0 0.0 0.0 0.0 0.0 0.0 172.0 0.0 0.0 0.0 308.0 0.0 0.0 0.0 224.0 0.0 0.0 168.0 0.0 242.0 0.0 0.0 
0.0 0.0 0.0 0.0 0.0 0.0 0.0 0.0 0.0 0.0 0.0 0.0 0.0 0.0 124.0 0.0 121.0 0.0 0.0 0.0 202.0 0.0 0.0 0.0 
0.0 0.0 0.0 0.0 0.0 0.0 0.0 213.0 0.0 0.0 0.0 116.0 152.0 0.0 89.0 8.0 0.0 0.0 84.0 0.0 0.0 0.0 0.0 0.0 
0.0 15.0 0.0 0.0 0.0 0.0 0.0 0.0 0.0 0.0 9.0 0.0 0.0 0.0 0.0 0.0 0.0 0.0 0.0 0.0 0.0 31.0 0.0 0.0 
0.0 0.0 0.0 0.0 0.0 213.0 0.0 0.0 0.0 320.0 0.0 0.0 0.0 0.0 178.0 17.0 0.0 0.0 0.0 0.0 267.0 0.0 0.0 294.0 
0.0 0.0 0.0 172.0 0.0 0.0 0.0 0.0 0.0 0.0 0.0 0.0 0.0 0.0 0.0 0.0 0.0 0.0 0.0 30.0 0.0 0.0 225.0 0.0 
0.0 0.0 121.0 0.0 0.0 0.0 0.0 320.0 0.0 0.0 0.0 0.0 0.0 219.0 0.0 0.0 0.0 0.0 0.0 0.0 0.0 0.0 0.0 0.0 
0.0 83.0 110.0 0.0 0.0 0.0 9.0 0.0 0.0 0.0 0.0 0.0 0.0 100.0 0.0 0.0 0.0 0.0 0.0 0.0 0.0 199.0 0.0 0.0 
0.0 0.0 0.0 0.0 0.0 116.0 0.0 0.0 0.0 0.0 0.0 0.0 0.0 0.0 0.0 0.0 0.0 0.0 53.0 0.0 0.0 0.0 0.0 235.0 
0.0 0.0 0.0 308.0 0.0 152.0 0.0 0.0 0.0 0.0 0.0 0.0 0.0 0.0 138.0 0.0 228.0 0.0 127.0 0.0 0.0 0.0 0.0 247.0 
0.0 96.0 191.0 0.0 0.0 0.0 0.0 0.0 0.0 219.0 100.0 0.0 0.0 0.0 0.0 0.0 0.0 0.0 0.0 0.0 0.0 0.0 347.0 0.0 
0.0 0.0 0.0 0.0 124.0 89.0 0.0 178.0 0.0 0.0 0.0 0.0 138.0 0.0 0.0 11.0 122.0 0.0 0.0 0.0 0.0 0.0 0.0 0.0 
0.0 0.0 0.0 0.0 0.0 8.0 0.0 17.0 0.0 0.0 0.0 0.0 0.0 0.0 11.0 0.0 0.0 0.0 0.0 0.0 0.0 0.0 0.0 0.0 
0.0 0.0 0.0 224.0 121.0 0.0 0.0 0.0 0.0 0.0 0.0 0.0 228.0 0.0 122.0 0.0 0.0 0.0 0.0 0.0 242.0 0.0 0.0 0.0 
0.0 0.0 0.0 0.0 0.0 0.0 0.0 0.0 0.0 0.0 0.0 0.0 0.0 0.0 0.0 0.0 0.0 0.0 0.0 0.0 1.0 0.0 0.0 0.0 
0.0 0.0 0.0 0.0 0.0 84.0 0.0 0.0 0.0 0.0 0.0 53.0 127.0 0.0 0.0 0.0 0.0 0.0 0.0 0.0 0.0 0.0 0.0 168.0 
0.0 0.0 0.0 168.0 0.0 0.0 0.0 0.0 30.0 0.0 0.0 0.0 0.0 0.0 0.0 0.0 0.0 0.0 0.0 0.0 0.0 0.0 230.0 0.0 
0.0 0.0 308.0 0.0 202.0 0.0 0.0 267.0 0.0 0.0 0.0 0.0 0.0 0.0 0.0 0.0 242.0 1.0 0.0 0.0 0.0 280.0 0.0 0.0 
1.0 0.0 0.0 242.0 0.0 0.0 31.0 0.0 0.0 0.0 199.0 0.0 0.0 0.0 0.0 0.0 0.0 0.0 0.0 0.0 280.0 0.0 268.0 0.0 
0.0 249.0 0.0 0.0 0.0 0.0 0.0 0.0 225.0 0.0 0.0 0.0 0.0 347.0 0.0 0.0 0.0 0.0 0.0 230.0 0.0 268.0 0.0 573.0 
0.0 0.0 0.0 0.0 0.0 0.0 0.0 294.0 0.0 0.0 0.0 235.0 247.0 0.0 0.0 0.0 0.0 0.0 168.0 0.0 0.0 0.0 573.0 0.0 
