q
643.0 212.0 410.0 246.0 95.0 1252.0 446.0 65.0 286.0 753.0 534.0 1416.0 471.0 437.0 760.0 1146.0 545.0 754.0 646.0 141.0 1793.0 1022.0 1835.0 1538.0 
l
0.0 0.0 0.0 0.0 0.0 143.0 0.0 13.0 0.0 108.0 81.0 172.0 0.0 100.0 0.0 0.0 0.0 0.0 0.0 0.0 0.0 0.0 0.0 0.0 
0.0 0.0 0.0 3.0 0.0 0.0 0.0 0.0 0.0 0.0 64.0 0.0 0.0 0.0 0.0 0.0 0.0 0.0 0.0 0.0 0.0 0.0 0.0 133.0 
0.0 0.0 0.0 0.0 12.0 0.0 54.0 0.0 0.0 0.0 0.0 0.0 65.0 0.0 0.0 119.0 0.0 0.0 0.0 0.0 0.0 143.0 0.0 0.0 
0.0 3.0 0.0 0.0 0.0 0.0 0.0 0.0 0.0 61.0 46.0 0.0 0.0 0.0 0.0 0.0 0.0 0.0 0.0 0.0 0.0 0.0 0.0 121.0 
0.0 0.0 12.0 0.0 0.0 0.0 0.0 0.0 0.0 0.0 0.0 0.0 21.0 0.0 0.0 0.0 0.0 0.0 0.0 9.0 0.0 47.0 0.0 0.0 
143.0 0.0 0.0 0.0 0.0 0.0 0.0 0.0 0.0 168.0 0.0 0.0 0.0 114.0 0.0 0.0 152.0 0.0 230.0 0.0 388.0 0.0 0.0 0.0 
0.0 0.0 54.0 0.0 0.0 0.0 0.0 0.0 66.0 0.0 0.0 0.0 0.0 0.0 83.0 110.0 0.0 0.0 0.0 0.0 0.0 117.0 0.0 0.0 
13.0 0.0 0.0 0.0 0.0 0.0 0.0 0.0 0.0 0.0 8.0 43.0 0.0 0.0 0.0 0.0 0.0 0.0 0.0 0.0 0.0 0.0 0.0 0.0 
0.0 0.0 0.0 0.0 0.0 0.0 66.0 0.0 0.0 0.0 0.0 0.0 0.0 0.0 59.0 0.0 0.0 0.0 0.0 0.0 144.0 0.0 0.0 0.0 
108.0 0.0 0.0 61.0 0.0 168.0 0.0 0.0 0.0 0.0 100.0 0.0 0.0 0.0 0.0 0.0 87.0 0.0 0.0 0.0 0.0 0.0 0.0 194.0 
81.0 64.0 0.0 46.0 0.0 0.0 0.0 8.0 0.0 100.0 0.0 215.0 0.0 0.0 0.0 0.0 0.0 0.0 0.0 0.0 0.0 0.0 0.0 0.0 
172.0 0.0 0.0 0.0 0.0 0.0 0.0 43.0 0.0 0.0 215.0 0.0 0.0 0.0 0.0 0.0 0.0 323.0 0.0 0.0 317.0 0.0 0.0 284.0 
0.0 0.0 65.0 0.0 21.0 0.0 0.0 0.0 0.0 0.0 0.0 0.0 0.0 0.0 0.0 116.0 0.0 0.0 0.0 15.0 0.0 0.0 229.0 0.0 
100.0 0.0 0.0 0.0 0.0 114.0 0.0 0.0 0.0 0.0 0.0 0.0 0.0 0.0 0.0 0.0 0.0 0.0 0.0 0.0 205.0 0.0 0.0 0.0 
0.0 0.0 0.0 0.0 0.0 0.0 83.0 0.0 59.0 0.0 0.0 0.0 0.0 0.0 0.0 175.0 0.0 136.0 0.0 0.0 268.0 0.0 0.0 0.0 
0.0 0.0 119.0 0.0 0.0 0.0 110.0 0.0 0.0 0.0 0.0 0.0 116.0 0.0 175.0 0.0 0.0 256.0 0.0 0.0 0.0 0.0 313.0 0.0 
0.0 0.0 0.0 0.0 0.0 152.0 0.0 0.0 0.0 87.0 0.0 0.0 0.0 0.0 0.0 0.0 0.0 0.0 97.0 0.0 0.0 0.0 0.0 187.0 
0.0 0.0 0.0 0.0 0.0 0.0 0.0 0.0 0.0 0.0 0.0 323.0 0.0 0.0 136.0 256.0 0.0 0.0 0.0 0.0 0.0 0.0 0.0 0.0 
0.0 0.0 0.0 0.0 0.0 230.0 0.0 0.0 0.0 0.0 0.0 0.0 0.0 0.0 0.0 0.0 97.0 0.0 0.0 0.0 0.0 0.0 285.0 0.0 
0.0 0.0 0.0 0.0 9.0 0.0 0.0 0.0 0.0 0.0 0.0 0.0 15.0 0.0 0.0 0.0 0.0 0.0 0.0 0.0 0.0 0.0 106.0 0.0 
0.0 0.0 0.0 0.0 0.0 388.0 0.0 0.0 144.0 0.0 0.0 317.0 0.0 205.0 268.0 0.0 0.0 0.0 0.0 0.0 0.0 381.0 0.0 0.0 
0.0 0.0 143.0 0.0 47.0 0.0 117.0 0.0 0.0 0.0 0.0 0.0 0.0 0.0 0.0 0.0 0.0 0.0 0.0 0.0 381.0 0.0 277.0 0.0 
0.0 0.0 0.0 0.0 0.0 0.0 0.0 0.0 0.0 0.0 0.0 0.0 229.0 0.0 0.0 313.0 0.0 0.0 285.0 106.0 0.0 277.0 0.0 526.0 
0.0 133.0 0.0 121.0 0.0 0.0 0.0 0.0 0.0 194.0 0.0 284.0 0.0 0.0 0.0 0.0 187.0 0.0 0.0 0.0 0.0 0.0 526.0 0.0 
