q
1141.0 184.0 550.0 738.0 380.0 433.0 554.0 360.0 1750.0 71.0 8.0 1125.0 409.0 1025.0 466.0 785.0 87.0 624.0 473.0 536.0 1974.0 1229.0 1327.0 1149.0 
l
0.0 0.0 0.0 181.0 0.0 0.0 179.0 0.0 0.0 0.0 0.0 257.0 0.0 140.0 0.0 0.0 0.0 0.0 0.0 0.0 0.0 0.0 339.0 0.0 
0.0 0.0 0.0 0.0 0.0 46.0 0.0 0.0 0.0 0.0 0.0 0.0 0.0 0.0 0.0 32.0 0.0 0.0 0.0 0.0 0.0 0.0 99.0 0.0 
0.0 0.0 0.0 0.0 0.0 81.0 0.0 0.0 0.0 0.0 0.0 0.0 0.0 0.0 0.0 125.0 0.0 45.0 0.0 0.0 276.0 0.0 0.0 0.0 
181.0 0.0 0.0 0.0 0.0 0.0 101.0 70.0 151.0 0.0 0.0 0.0 79.0 117.0 0.0 0.0 0.0 0.0 0.0 0.0 0.0 0.0 0.0 0.0 
0.0 0.0 0.0 0.0 0.0 0.0 0.0 0.0 0.0 0.0 1.0 148.0 0.0 0.0 0.0 0.0 0.0 0.0 59.0 0.0 0.0 157.0 0.0 0.0 
0.0 46.0 81.0 0.0 0.0 0.0 0.0 0.0 0.0 0.0 0.0 0.0 0.0 0.0 0.0 79.0 0.0 0.0 0.0 0.0 0.0 196.0 0.0 0.0 
179.0 0.0 0.0 101.0 0.0 0.0 0.0 69.0 0.0 10.0 0.0 0.0 0.0 0.0 0.0 0.0 0.0 0.0 0.0 0.0 0.0 0.0 0.0 165.0 
0.0 0.0 0.0 70.0 0.0 0.0 69.0 0.0 189.0 12.0 0.0 0.0 0.0 0.0 0.0 0.0 0.0 0.0 0.0 0.0 0.0 0.0 0.0 0.0 
0.0 0.0 0.0 151.0 0.0 0.0 0.0 189.0 0.0 0.0 0.0 0.0 187.0 216.0 0.0 0.0 0.0 0.0 0.0 0.0 575.0 0.0 0.0 345.0 
0.0 0.0 0.0 0.0 0.0 0.0 10.0 12.0 0.0 0.0 0.0 0.0 0.0 0.0 0.0 0.0 0.0 0.0 0.0 0.0 0.0 0.0 0.0 45.0 
0.0 0.0 0.0 0.0 1.0 0.0 0.0 0.0 0.0 0.0 0.0 0.0 0.0 0.0 0.0 0.0 0.0 0.0 4.0 0.0 0.0 3.0 0.0 0.0 
257.0 0.0 0.0 0.0 148.0 0.0 0.0 0.0 0.0 0.0 0.0 0.0 0.0 217.0 0.0 0.0 0.0 0.0 134.0 101.0 0.0 218.0 0.0 0.0 
0.0 0.0 0.0 79.0 0.0 0.0 0.0 0.0 187.0 0.0 0.0 0.0 0.0 121.0 0.0 0.0 0.0 0.0 0.0 0.0 0.0 0.0 0.0 0.0 
140.0 0.0 0.0 117.0 0.0 0.0 0.0 0.0 216.0 0.0 0.0 217.0 121.0 0.0 0.0 0.0 0.0 0.0 0.0 169.0 0.0 0.0 0.0 0.0 
0.0 0.0 0.0 0.0 0.0 0.0 0.0 0.0 0.0 0.0 0.0 0.0 0.0 0.0 0.0 113.0 6.0 105.0 0.0 0.0 0.0 0.0 0.0 213.0 
0.0 32.0 125.0 0.0 0.0 79.0 0.0 0.0 0.0 0.0 0.0 0.0 0.0 0.0 113.0 0.0 0.0 119.0 0.0 0.0 0.0 0.0 286.0 0.0 
0.0 0.0 0.0 0.0 0.0 0.0 0.0 0.0 0.0 0.0 0.0 0.0 0.0 0.0 6.0 0.0 0.0 31.0 0.0 0.0 0.0 0.0 0.0 45.0 
0.0 0.0 45.0 0.0 0.0 0.0 0.0 0.0 0.0 0.0 0.0 0.0 0.0 0.0 105.0 119.0 31.0 0.0 0.0 0.0 290.0 0.0 0.0 0.0 
0.0 0.0 0.0 0.0 59.0 0.0 0.0 0.0 0.0 0.0 4.0 134.0 0.0 0.0 0.0 0.0 0.0 0.0 0.0 34.0 219.0 0.0 0.0 0.0 
0.0 0.0 0.0 0.0 0.0 0.0 0.0 0.0 0.0 0.0 0.0 101.0 0.0 169.0 0.0 0.0 0.0 0.0 34.0 0.0 201.0 0.0 0.0 0.0 
0.0 0.0 276.0 0.0 0.0 0.0 0.0 0.0 575.0 0.0 0.0 0.0 0.0 0.0 0.0 0.0 0.0 290.0 219.0 201.0 0.0 307.0 0.0 0.0 
0.0 0.0 0.0 0.0 157.0 196.0 0.0 0.0 0.0 0.0 3.0 218.0 0.0 0.0 0.0 0.0 0.0 0.0 0.0 0.0 307.0 0.0 283.0 0.0 
339.0 99.0 0.0 0.0 0.0 0.0 0.0 0.0 0.0 0.0 0.0 0.0 0.0 0.0 0.0 286.0 0.0 0.0 0.0 0.0 0.0 283.0 0.0 269.0 
0.0 0.0 0.0 0.0 0.0 0.0 165.0 0.0 345.0 45.0 0.0 0.0 0.0 0.0 213.0 0.0 45.0 0.0 0.0 0.0 0.0 0.0 269.0 0.0 
