q
1710.0 467.0 733.0 489.0 78.0 464.0 1948.0 794.0 377.0 619.0 305.0 1.0 427.0 7.0 426.0 1835.0 653.0 365.0 46.0 365.0 1657.0 1414.0 1177.0 1349.0 
l
0.0 0.0 252.0 157.0 0.0 160.0 0.0 0.0 0.0 188.0 0.0 0.0 0.0 0.0 0.0 525.0 0.0 0.0 0.0 0.0 0.0 342.0 0.0 0.0 
0.0 0.0 0.0 0.0 0.0 0.0 0.0 0.0 0.0 0.0 0.0 0.0 0.0 0.0 0.0 238.0 46.0 43.0 0.0 0.0 0.0 0.0 0.0 118.0 
252.0 0.0 0.0 0.0 0.0 0.0 0.0 0.0 78.0 70.0 0.0 0.0 0.0 0.0 129.0 0.0 0.0 0.0 19.0 0.0 152.0 0.0 0.0 0.0 
157.0 0.0 0.0 0.0 0.0 32.0 169.0 0.0 0.0 104.0 0.0 0.0 0.0 0.0 0.0 0.0 0.0 0.0 0.0 0.0 0.0 0.0 0.0 0.0 
0.0 0.0 0.0 0.0 0.0 0.0 0.0 0.0 0.0 0.0 9.0 0.0 0.0 0.0 10.0 0.0 0.0 0.0 0.0 0.0 0.0 57.0 0.0 0.0 
160.0 0.0 0.0 32.0 0.0 0.0 182.0 0.0 0.0 0.0 0.0 0.0 69.0 0.0 0.0 0.0 0.0 0.0 0.0 0.0 0.0 0.0 0.0 0.0 
0.0 0.0 0.0 169.0 0.0 182.0 0.0 0.0 0.0 0.0 0.0 0.0 171.0 0.0 0.0 269.0 0.0 0.0 0.0 0.0 568.0 0.0 0.0 480.0 
0.0 0.0 0.0 0.0 0.0 0.0 0.0 0.0 0.0 0.0 0.0 0.0 0.0 3.0 0.0 323.0 126.0 0.0 0.0 140.0 0.0 0.0 161.0 0.0 
0.0 0.0 78.0 0.0 0.0 0.0 0.0 0.0 0.0 78.0 0.0 0.0 0.0 0.0 0.0 0.0 0.0 0.0 0.0 0.0 201.0 0.0 0.0 0.0 
188.0 0.0 70.0 104.0 0.0 0.0 0.0 0.0 78.0 0.0 0.0 0.0 0.0 0.0 0.0 0.0 0.0 0.0 0.0 0.0 145.0 0.0 0.0 0.0 
0.0 0.0 0.0 0.0 9.0 0.0 0.0 0.0 0.0 0.0 0.0 0.0 0.0 0.0 51.0 0.0 0.0 0.0 0.0 0.0 224.0 0.0 0.0 0.0 
0.0 0.0 0.0 0.0 0.0 0.0 0.0 0.0 0.0 0.0 0.0 0.0 0.0 0.0 0.0 0.0 0.0 0.0 0.0 0.0 0.0 0.0 0.0 1.0 
0.0 0.0 0.0 0.0 0.0 69.0 171.0 0.0 0.0 0.0 0.0 0.0 0.0 0.0 0.0 162.0 0.0 0.0 0.0 0.0 0.0 0.0 0.0 0.0 
0.0 0.0 0.0 0.0 0.0 0.0 0.0 3.0 0.0 0.0 0.0 0.0 0.0 0.0 0.0 0.0 0.0 0.0 0.0 0.0 0.0 0.0 4.0 0.0 
0.0 0.0 129.0 0.0 10.0 0.0 0.0 0.0 0.0 0.0 51.0 0.0 0.0 0.0 0.0 0.0 0.0 0.0 3.0 0.0 0.0 204.0 0.0 0.0 
525.0 238.0 0.0 0.0 0.0 0.0 269.0 323.0 0.0 0.0 0.0 0.0 162.0 0.0 0.0 0.0 226.0 0.0 0.0 0.0 0.0 0.0 0.0 0.0 
0.0 46.0 0.0 0.0 0.0 0.0 0.0 126.0 0.0 0.0 0.0 0.0 0.0 0.0 0.0 226.0 0.0 80.0 0.0 0.0 0.0 0.0 0.0 142.0 
0.0 43.0 0.0 0.0 0.0 0.0 0.0 0.0 0.0 0.0 0.0 0.0 0.0 0.0 0.0 0.0 80.0 0.0 0.0 0.0 0.0 0.0 0.0 224.0 
0.0 0.0 19.0 0.0 0.0 0.0 0.0 0.0 0.0 0.0 0.0 0.0 0.0 0.0 3.0 0.0 0.0 0.0 0.0 0.0 0.0 20.0 0.0 0.0 
0.0 0.0 0.0 0.0 0.0 0.0 0.0 140.0 0.0 0.0 0.0 0.0 0.0 0.0 0.0 0.0 0.0 0.0 0.0 0.0 0.0 0.0 197.0 0.0 
0.0 0.0 152.0 0.0 0.0 0.0 568.0 0.0 201.0 145.0 224.0 0.0 0.0 0.0 0.0 0.0 0.0 0.0 0.0 0.0 0.0 273.0 0.0 0.0 
342.0 0.0 0.0 0.0 57.0 0.0 0.0 0.0 0.0 0.0 0.0 0.0 0.0 0.0 204.0 0.0 0.0 0.0 20.0 0.0 273.0 0.0 434.0 0.0 
0.0 0.0 0.0 0.0 0.0 0.0 0.0 161.0 0.0 0.0 0.0 0.0 0.0 4.0 0.0 0.0 0.0 0.0 0.0 197.0 0.0 434.0 0.0 310.0 
0.0 118.0 0.0 0.0 0.0 0.0 480.0 0.0 0.0 0.0 0.0 1.0 0.0 0.0 0.0 0.0 142.0 224.0 0.0 0.0 0.0 0.0 310.0 0.0 
