q
311.0 716.0 388.0 2.0 1710.0 652.0 482.0 843.0 468.0 2120.0 5.0 1032.0 1333.0 25.0 395.0 1141.0 1771.0 346.0 679.0 404.0 947.0 977.0 0.0 0.0 0.0 1027.0 436.0 
l
0.0 0.0 0.0 0.0 0.0 104.0 0.0 0.0 0.0 0.0 0.0 0.0 0.0 6.0 41.0 0.0 0.0 0.0 0.0 0.0 0.0 146.0 0.0 0.0 0.0 0.0 0.0 
0.0 0.0 0.0 0.0 0.0 0.0 141.0 0.0 0.0 0.0 2.0 0.0 274.0 0.0 0.0 0.0 0.0 0.0 128.0 0.0 138.0 0.0 0.0 0.0 0.0 0.0 0.0 
0.0 0.0 0.0 0.0 0.0 0.0 0.0 110.0 47.0 0.0 0.0 0.0 0.0 0.0 0.0 207.0 0.0 0.0 0.0 0.0 0.0 0.0 0.0 0.0 0.0 0.0 0.0 
0.0 0.0 0.0 0.0 0.0 0.0 0.0 0.0 0.0 0.0 0.0 0.0 1.0 0.0 0.0 0.0 0.0 0.0 0.0 0.0 0.0 0.0 0.0 0.0 0.0 1.0 0.0 
0.0 0.0 0.0 0.0 0.0 0.0 216.0 298.0 0.0 306.0 0.0 0.0 0.0 0.0 0.0 237.0 0.0 0.0 0.0 231.0 347.0 0.0 0.0 0.0 0.0 0.0 0.0 
104.0 0.0 0.0 0.0 0.0 0.0 0.0 0.0 0.0 0.0 0.0 0.0 0.0 13.0 0.0 0.0 366.0 123.0 0.0 0.0 0.0 0.0 0.0 0.0 0.0 0.0 0.0 
0.0 141.0 0.0 0.0 216.0 0.0 0.0 0.0 0.0 0.0 0.0 0.0 0.0 0.0 0.0 0.0 0.0 0.0 55.0 45.0 0.0 0.0 0.0 0.0 0.0 0.0 0.0 
0.0 0.0 110.0 0.0 298.0 0.0 0.0 0.0 81.0 0.0 0.0 0.0 0.0 0.0 0.0 70.0 248.0 0.0 0.0 0.0 0.0 0.0 0.0 0.0 0.0 0.0 0.0 
0.0 0.0 47.0 0.0 0.0 0.0 0.0 81.0 0.0 0.0 0.0 0.0 0.0 0.0 0.0 103.0 216.0 0.0 0.0 0.0 0.0 0.0 0.0 0.0 0.0 0.0 0.0 
0.0 0.0 0.0 0.0 306.0 0.0 0.0 0.0 0.0 0.0 0.0 0.0 297.0 0.0 0.0 293.0 308.0 0.0 339.0 0.0 0.0 470.0 0.0 0.0 0.0 0.0 0.0 
0.0 2.0 0.0 0.0 0.0 0.0 0.0 0.0 0.0 0.0 0.0 0.0 0.0 0.0 0.0 0.0 0.0 0.0 2.0 0.0 0.0 0.0 0.0 0.0 0.0 0.0 0.0 
0.0 0.0 0.0 0.0 0.0 0.0 0.0 0.0 0.0 0.0 0.0 0.0 305.0 0.0 134.0 0.0 0.0 155.0 0.0 0.0 0.0 154.0 0.0 0.0 0.0 219.0 0.0 
0.0 274.0 0.0 1.0 0.0 0.0 0.0 0.0 0.0 297.0 0.0 305.0 0.0 0.0 0.0 0.0 0.0 0.0 0.0 0.0 216.0 0.0 0.0 0.0 0.0 174.0 0.0 
6.0 0.0 0.0 0.0 0.0 13.0 0.0 0.0 0.0 0.0 0.0 0.0 0.0 0.0 4.0 0.0 0.0 1.0 0.0 0.0 0.0 0.0 0.0 0.0 0.0 0.0 0.0 
41.0 0.0 0.0 0.0 0.0 0.0 0.0 0.0 0.0 0.0 0.0 134.0 0.0 4.0 0.0 0.0 0.0 42.0 0.0 0.0 0.0 153.0 0.0 0.0 0.0 0.0 0.0 
0.0 0.0 207.0 0.0 237.0 0.0 0.0 70.0 103.0 293.0 0.0 0.0 0.0 0.0 0.0 0.0 176.0 0.0 0.0 0.0 0.0 0.0 0.0 0.0 0.0 0.0 0.0 
0.0 0.0 0.0 0.0 0.0 366.0 0.0 248.0 216.0 308.0 0.0 0.0 0.0 0.0 0.0 176.0 0.0 0.0 0.0 0.0 0.0 0.0 0.0 0.0 0.0 377.0 0.0 
0.0 0.0 0.0 0.0 0.0 123.0 0.0 0.0 0.0 0.0 0.0 155.0 0.0 1.0 42.0 0.0 0.0 0.0 0.0 0.0 0.0 0.0 0.0 0.0 0.0 0.0 0.0 
0.0 128.0 0.0 0.0 0.0 0.0 55.0 0.0 0.0 339.0 2.0 0.0 0.0 0.0 0.0 0.0 0.0 0.0 0.0 112.0 0.0 0.0 0.0 0.0 0.0 0.0 0.0 
0.0 0.0 0.0 0.0 231.0 0.0 45.0 0.0 0.0 0.0 0.0 0.0 0.0 0.0 0.0 0.0 0.0 0.0 112.0 0.0 0.0 0.0 0.0 0.0 0.0 0.0 0.0 
0.0 138.0 0.0 0.0 347.0 0.0 0.0 0.0 0.0 0.0 0.0 0.0 216.0 0.0 0.0 0.0 0.0 0.0 0.0 0.0 0.0 0.0 0.0 0.0 0.0 0.0 202.0 
146.0 0.0 0.0 0.0 0.0 0.0 0.0 0.0 0.0 470.0 0.0 154.0 0.0 0.0 153.0 0.0 0.0 0.0 0.0 0.0 0.0 0.0 0.0 0.0 0.0 0.0 0.0 
0.0 0.0 0.0 0.0 0.0 0.0 0.0 0.0 0.0 0.0 0.0 0.0 0.0 0.0 0.0 0.0 0.0 0.0 0.0 0.0 0.0 0.0 0.0 0.0 0.0 0.0 0.0 
0.0 0.0 0.0 0.0 0.0 0.0 0.0 0.0 0.0 0.0 0.0 0.0 0.0 0.0 0.0 0.0 0.0 0.0 0.0 0.0 0.0 0.0 0.0 0.0 0.0 0.0 0.0 
0.0 0.0 0.0 0.0 0.0 0.0 0.0 0.0 0.0 0.0 0.0 0.0 0.0 0.0 0.0 0.0 0.0 0.0 0.0 0.0 0.0 0.0 0.0 0.0 0.0 0.0 0.0 
0.0 0.0 0.0 1.0 0.0 0.0 0.0 0.0 0.0 0.0 0.0 219.0 174.0 0.0 0.0 0.0 377.0 0.0 0.0 0.0 0.0 0.0 0.0 0.0 0.0 0.0 209.0 
0.0 0.0 0.0 0.0 0.0 0.0 0.0 0.0 0.0 0.0 0.0 0.0 0.0 0.0 0.0 0.0 0.0 0.0 0.0 0.0 202.0 0.0 0.0 0.0 0.0 209.0 0.0 
