q
1.0 375.0 454.0 1062.0 817.0 75.0 686.0 22.0 517.0 579.0 1210.0 365.0 1444.0 242.0 637.0 296.0 1554.0 542.0 445.0 399.0 1192.0 1393.0 1882.0 1401.0 
l
0.0 0.0 0.0 0.0 0.0 0.0 0.0 0.0 0.0 0.0 0.0 0.0 0.0 0.0 0.0 0.0 0.0 0.0 1.0 0.0 0.0 0.0 0.0 0.0 
0.0 0.0 0.0 0.0 131.0 0.0 0.0 2.0 0.0 0.0 0.0 0.0 0.0 0.0 0.0 13.0 0.0 0.0 0.0 0.0 0.0 209.0 0.0 0.0 
0.0 0.0 0.0 0.0 64.0 0.0 0.0 0.0 0.0 0.0 0.0 0.0 134.0 0.0 0.0 0.0 0.0 44.0 0.0 0.0 0.0 0.0 188.0 0.0 
0.0 0.0 0.0 0.0 0.0 0.0 0.0 0.0 159.0 0.0 0.0 103.0 0.0 96.0 0.0 0.0 0.0 0.0 0.0 142.0 0.0 0.0 493.0 0.0 
0.0 131.0 64.0 0.0 0.0 0.0 0.0 0.0 0.0 0.0 0.0 0.0 229.0 0.0 0.0 98.0 0.0 0.0 0.0 0.0 0.0 0.0 257.0 0.0 
0.0 0.0 0.0 0.0 0.0 0.0 0.0 0.0 0.0 15.0 0.0 0.0 0.0 0.0 0.0 0.0 0.0 0.0 12.0 0.0 44.0 0.0 0.0 0.0 
0.0 0.0 0.0 0.0 0.0 0.0 0.0 0.0 0.0 0.0 0.0 0.0 218.0 0.0 125.0 0.0 0.0 110.0 0.0 0.0 0.0 0.0 0.0 195.0 
0.0 2.0 0.0 0.0 0.0 0.0 0.0 0.0 0.0 0.0 0.0 0.0 0.0 0.0 0.0 1.0 0.0 0.0 0.0 0.0 0.0 18.0 0.0 0.0 
0.0 0.0 0.0 159.0 0.0 0.0 0.0 0.0 0.0 0.0 0.0 58.0 0.0 0.0 0.0 0.0 212.0 0.0 0.0 52.0 0.0 0.0 0.0 0.0 
0.0 0.0 0.0 0.0 0.0 15.0 0.0 0.0 0.0 0.0 202.0 0.0 0.0 0.0 0.0 0.0 257.0 0.0 76.0 0.0 0.0 0.0 0.0 0.0 
0.0 0.0 0.0 0.0 0.0 0.0 0.0 0.0 0.0 202.0 0.0 0.0 382.0 0.0 231.0 0.0 0.0 0.0 161.0 0.0 170.0 0.0 0.0 0.0 
0.0 0.0 0.0 103.0 0.0 0.0 0.0 0.0 58.0 0.0 0.0 0.0 0.0 0.0 0.0 0.0 0.0 0.0 0.0 0.0 0.0 0.0 0.0 189.0 
0.0 0.0 134.0 0.0 229.0 0.0 218.0 0.0 0.0 0.0 382.0 0.0 0.0 0.0 0.0 0.0 0.0 170.0 0.0 0.0 0.0 231.0 0.0 0.0 
0.0 0.0 0.0 96.0 0.0 0.0 0.0 0.0 0.0 0.0 0.0 0.0 0.0 0.0 0.0 0.0 117.0 0.0 0.0 14.0 0.0 0.0 0.0 0.0 
0.0 0.0 0.0 0.0 0.0 0.0 125.0 0.0 0.0 0.0 231.0 0.0 0.0 0.0 0.0 0.0 0.0 0.0 0.0 0.0 0.0 0.0 0.0 246.0 
0.0 13.0 0.0 0.0 98.0 0.0 0.0 1.0 0.0 0.0 0.0 0.0 0.0 0.0 0.0 0.0 0.0 0.0 0.0 0.0 0.0 164.0 0.0 0.0 
0.0 0.0 0.0 0.0 0.0 0.0 0.0 0.0 212.0 257.0 0.0 0.0 0.0 117.0 0.0 0.0 0.0 0.0 0.0 172.0 346.0 0.0 0.0 372.0 
0.0 0.0 44.0 0.0 0.0 0.0 110.0 0.0 0.0 0.0 0.0 0.0 170.0 0.0 0.0 0.0 0.0 0.0 0.0 0.0 0.0 0.0 190.0 0.0 
1.0 0.0 0.0 0.0 0.0 12.0 0.0 0.0 0.0 76.0 161.0 0.0 0.0 0.0 0.0 0.0 0.0 0.0 0.0 0.0 176.0 0.0 0.0 0.0 
0.0 0.0 0.0 142.0 0.0 0.0 0.0 0.0 52.0 0.0 0.0 0.0 0.0 14.0 0.0 0.0 172.0 0.0 0.0 0.0 0.0 0.0 0.0 0.0 
0.0 0.0 0.0 0.0 0.0 44.0 0.0 0.0 0.0 0.0 170.0 0.0 0.0 0.0 0.0 0.0 346.0 0.0 176.0 0.0 0.0 392.0 0.0 0.0 
0.0 209.0 0.0 0.0 0.0 0.0 0.0 18.0 0.0 0.0 0.0 0.0 231.0 0.0 0.0 164.0 0.0 0.0 0.0 0.0 392.0 0.0 303.0 0.0 
0.0 0.0 188.0 493.0 257.0 0.0 0.0 0.0 0.0 0.0 0.0 0.0 0.0 0.0 0.0 0.0 0.0 190.0 0.0 0.0 0.0 303.0 0.0 344.0 
0.0 0.0 0.0 0.0 0.0 0.0 195.0 0.0 0.0 0.0 0.0 189.0 0.0 0.0 246.0 0.0 372.0 0.0 0.0 0.0 0.0 0.0 344.0 0.0 
