q
1.0 1333.0 416.0 733.0 370.0 451.0 1497.0 124.0 639.0 521.0 417.0 16.0 1.0 694.0 402.0 978.0 601.0 398.0 1875.0 378.0 1816.0 1357.0 1307.0 1009.0 
l
0.0 0.0 0.0 0.0 0.0 0.0 0.0 0.0 0.0 0.0 0.0 0.0 0.0 0.0 0.0 0.0 0.0 0.0 0.0 0.0 0.0 0.0 0.0 1.0 
0.0 0.0 0.0 0.0 0.0 0.0 0.0 0.0 183.0 0.0 0.0 9.0 0.0 0.0 0.0 0.0 122.0 0.0 0.0 203.0 484.0 0.0 0.0 266.0 
0.0 0.0 0.0 0.0 0.0 0.0 0.0 29.0 0.0 0.0 72.0 0.0 0.0 0.0 0.0 97.0 0.0 39.0 0.0 0.0 0.0 163.0 0.0 0.0 
0.0 0.0 0.0 0.0 0.0 0.0 187.0 0.0 0.0 0.0 0.0 0.0 0.0 144.0 0.0 0.0 134.0 0.0 0.0 0.0 219.0 0.0 0.0 0.0 
0.0 0.0 0.0 0.0 0.0 0.0 0.0 0.0 0.0 59.0 0.0 0.0 0.0 91.0 0.0 0.0 0.0 0.0 0.0 0.0 200.0 0.0 0.0 0.0 
0.0 0.0 0.0 0.0 0.0 0.0 0.0 0.0 0.0 0.0 54.0 0.0 0.0 0.0 0.0 82.0 0.0 0.0 189.0 0.0 0.0 0.0 100.0 0.0 
0.0 0.0 0.0 187.0 0.0 0.0 0.0 0.0 192.0 0.0 0.0 0.0 0.0 0.0 162.0 0.0 194.0 0.0 516.0 0.0 0.0 0.0 0.0 170.0 
0.0 0.0 29.0 0.0 0.0 0.0 0.0 0.0 0.0 0.0 4.0 0.0 0.0 0.0 0.0 0.0 0.0 0.0 0.0 0.0 0.0 0.0 85.0 0.0 
0.0 183.0 0.0 0.0 0.0 0.0 192.0 0.0 0.0 0.0 0.0 4.0 0.0 0.0 85.0 0.0 49.0 0.0 0.0 87.0 0.0 0.0 0.0 0.0 
0.0 0.0 0.0 0.0 59.0 0.0 0.0 0.0 0.0 0.0 0.0 0.0 0.0 40.0 0.0 0.0 0.0 0.0 238.0 0.0 161.0 0.0 0.0 0.0 
0.0 0.0 72.0 0.0 0.0 54.0 0.0 4.0 0.0 0.0 0.0 0.0 0.0 0.0 0.0 80.0 0.0 0.0 0.0 0.0 0.0 0.0 179.0 0.0 
0.0 9.0 0.0 0.0 0.0 0.0 0.0 0.0 4.0 0.0 0.0 0.0 0.0 0.0 3.0 0.0 0.0 0.0 0.0 0.0 0.0 0.0 0.0 0.0 
0.0 0.0 0.0 0.0 0.0 0.0 0.0 0.0 0.0 0.0 0.0 0.0 0.0 0.0 0.0 0.0 0.0 0.0 0.0 0.0 0.0 1.0 0.0 0.0 
0.0 0.0 0.0 144.0 91.0 0.0 0.0 0.0 0.0 40.0 0.0 0.0 0.0 0.0 0.0 0.0 0.0 0.0 251.0 0.0 137.0 0.0 0.0 0.0 
0.0 0.0 0.0 0.0 0.0 0.0 162.0 0.0 85.0 0.0 0.0 3.0 0.0 0.0 0.0 0.0 0.0 0.0 0.0 0.0 0.0 0.0 0.0 130.0 
0.0 0.0 97.0 0.0 0.0 82.0 0.0 0.0 0.0 0.0 80.0 0.0 0.0 0.0 0.0 0.0 0.0 146.0 360.0 0.0 0.0 165.0 0.0 0.0 
0.0 122.0 0.0 134.0 0.0 0.0 194.0 0.0 49.0 0.0 0.0 0.0 0.0 0.0 0.0 0.0 0.0 0.0 0.0 69.0 0.0 0.0 0.0 0.0 
0.0 0.0 39.0 0.0 0.0 0.0 0.0 0.0 0.0 0.0 0.0 0.0 0.0 0.0 0.0 146.0 0.0 0.0 0.0 0.0 0.0 197.0 0.0 0.0 
0.0 0.0 0.0 0.0 0.0 189.0 516.0 0.0 0.0 238.0 0.0 0.0 0.0 251.0 0.0 360.0 0.0 0.0 0.0 0.0 0.0 0.0 233.0 0.0 
0.0 203.0 0.0 0.0 0.0 0.0 0.0 0.0 87.0 0.0 0.0 0.0 0.0 0.0 0.0 0.0 69.0 0.0 0.0 0.0 0.0 0.0 0.0 0.0 
0.0 484.0 0.0 219.0 200.0 0.0 0.0 0.0 0.0 161.0 0.0 0.0 0.0 137.0 0.0 0.0 0.0 0.0 0.0 0.0 0.0 520.0 0.0 0.0 
0.0 0.0 163.0 0.0 0.0 0.0 0.0 0.0 0.0 0.0 0.0 0.0 1.0 0.0 0.0 165.0 0.0 197.0 0.0 0.0 520.0 0.0 236.0 0.0 
0.0 0.0 0.0 0.0 0.0 100.0 0.0 85.0 0.0 0.0 179.0 0.0 0.0 0.0 0.0 0.0 0.0 0.0 233.0 0.0 0.0 236.0 0.0 390.0 
1.0 266.0 0.0 0.0 0.0 0.0 170.0 0.0 0.0 0.0 0.0 0.0 0.0 0.0 130.0 0.0 0.0 0.0 0.0 0.0 0.0 0.0 390.0 0.0 
