q
1486.0 523.0 430.0 841.0 753.0 467.0 734.0 247.0 1011.0 209.0 872.0 483.0 468.0 8.0 397.0 7.0 1738.0 906.0 26.0 471.0 1649.0 1754.0 1757.0 1461.0 
l
0.0 0.0 147.0 0.0 0.0 0.0 231.0 0.0 354.0 0.0 0.0 135.0 189.0 0.0 0.0 0.0 0.0 0.0 0.0 0.0 0.0 358.0 0.0 0.0 
0.0 0.0 0.0 0.0 139.0 0.0 0.0 0.0 99.0 0.0 0.0 0.0 0.0 0.0 41.0 0.0 0.0 0.0 0.0 0.0 223.0 0.0 0.0 0.0 
147.0 0.0 0.0 0.0 0.0 0.0 0.0 0.0 0.0 0.0 0.0 38.0 32.0 0.0 0.0 0.0 0.0 0.0 0.0 0.0 0.0 0.0 189.0 0.0 
0.0 0.0 0.0 0.0 0.0 0.0 0.0 67.0 0.0 65.0 143.0 0.0 0.0 0.0 0.0 0.0 235.0 237.0 0.0 60.0 0.0 0.0 0.0 0.0 
0.0 139.0 0.0 0.0 0.0 0.0 135.0 0.0 158.0 0.0 0.0 0.0 0.0 0.0 0.0 0.0 0.0 0.0 0.0 0.0 0.0 0.0 0.0 276.0 
0.0 0.0 0.0 0.0 0.0 0.0 0.0 0.0 0.0 0.0 76.0 0.0 0.0 0.0 0.0 0.0 0.0 106.0 0.0 0.0 0.0 258.0 0.0 0.0 
231.0 0.0 0.0 0.0 135.0 0.0 0.0 0.0 0.0 0.0 0.0 100.0 0.0 0.0 0.0 0.0 0.0 0.0 5.0 0.0 0.0 0.0 0.0 225.0 
0.0 0.0 0.0 67.0 0.0 0.0 0.0 0.0 0.0 3.0 0.0 0.0 0.0 0.0 0.0 0.0 137.0 0.0 0.0 24.0 0.0 0.0 0.0 0.0 
354.0 99.0 0.0 0.0 158.0 0.0 0.0 0.0 0.0 0.0 0.0 0.0 0.0 0.0 117.0 3.0 0.0 0.0 0.0 0.0 221.0 0.0 0.0 0.0 
0.0 0.0 0.0 65.0 0.0 0.0 0.0 3.0 0.0 0.0 0.0 0.0 0.0 0.0 0.0 0.0 125.0 0.0 0.0 0.0 0.0 0.0 0.0 0.0 
0.0 0.0 0.0 143.0 0.0 76.0 0.0 0.0 0.0 0.0 0.0 0.0 0.0 0.0 0.0 0.0 0.0 118.0 0.0 156.0 0.0 337.0 0.0 0.0 
135.0 0.0 38.0 0.0 0.0 0.0 100.0 0.0 0.0 0.0 0.0 0.0 0.0 0.0 0.0 0.0 0.0 0.0 4.0 0.0 0.0 0.0 178.0 0.0 
189.0 0.0 32.0 0.0 0.0 0.0 0.0 0.0 0.0 0.0 0.0 0.0 0.0 0.0 0.0 0.0 0.0 0.0 0.0 0.0 0.0 0.0 219.0 0.0 
0.0 0.0 0.0 0.0 0.0 0.0 0.0 0.0 0.0 0.0 0.0 0.0 0.0 0.0 0.0 0.0 0.0 3.0 0.0 0.0 0.0 5.0 0.0 0.0 
0.0 41.0 0.0 0.0 0.0 0.0 0.0 0.0 117.0 0.0 0.0 0.0 0.0 0.0 0.0 1.0 0.0 0.0 0.0 0.0 208.0 0.0 0.0 0.0 
0.0 0.0 0.0 0.0 0.0 0.0 0.0 0.0 3.0 0.0 0.0 0.0 0.0 0.0 1.0 0.0 0.0 0.0 0.0 0.0 3.0 0.0 0.0 0.0 
0.0 0.0 0.0 235.0 0.0 0.0 0.0 137.0 0.0 125.0 0.0 0.0 0.0 0.0 0.0 0.0 0.0 0.0 0.0 209.0 469.0 0.0 0.0 465.0 
0.0 0.0 0.0 237.0 0.0 106.0 0.0 0.0 0.0 0.0 118.0 0.0 0.0 3.0 0.0 0.0 0.0 0.0 0.0 0.0 0.0 0.0 395.0 0.0 
0.0 0.0 0.0 0.0 0.0 0.0 5.0 0.0 0.0 0.0 0.0 4.0 0.0 0.0 0.0 0.0 0.0 0.0 0.0 0.0 0.0 0.0 0.0 15.0 
0.0 0.0 0.0 60.0 0.0 0.0 0.0 24.0 0.0 0.0 156.0 0.0 0.0 0.0 0.0 0.0 209.0 0.0 0.0 0.0 0.0 0.0 0.0 0.0 
0.0 223.0 0.0 0.0 0.0 0.0 0.0 0.0 221.0 0.0 0.0 0.0 0.0 0.0 208.0 3.0 469.0 0.0 0.0 0.0 0.0 434.0 0.0 0.0 
358.0 0.0 0.0 0.0 0.0 258.0 0.0 0.0 0.0 0.0 337.0 0.0 0.0 5.0 0.0 0.0 0.0 0.0 0.0 0.0 434.0 0.0 278.0 0.0 
0.0 0.0 189.0 0.0 0.0 0.0 0.0 0.0 0.0 0.0 0.0 178.0 219.0 0.0 0.0 0.0 0.0 395.0 0.0 0.0 0.0 278.0 0.0 395.0 
0.0 0.0 0.0 0.0 276.0 0.0 225.0 0.0 0.0 0.0 0.0 0.0 0.0 0.0 0.0 0.0 465.0 0.0 15.0 0.0 0.0 0.0 395.0 0.0 
