q
391.0 881.0 1082.0 762.0 1.0 563.0 1890.0 85.0 904.0 645.0 570.0 469.0 10.0 650.0 581.0 522.0 451.0 578.0 863.0 85.0 1477.0 1032.0 1828.0 1520.0 
l
0.0 87.0 0.0 89.0 0.0 0.0 193.0 0.0 0.0 0.0 0.0 0.0 0.0 0.0 0.0 0.0 0.0 0.0 0.0 0.0 0.0 0.0 0.0 0.0 
87.0 0.0 0.0 93.0 0.0 0.0 233.0 0.0 161.0 0.0 0.0 0.0 0.0 0.0 0.0 118.0 135.0 0.0 0.0 0.0 0.0 0.0 0.0 0.0 
0.0 0.0 0.0 0.0 0.0 0.0 0.0 0.0 0.0 0.0 115.0 125.0 0.0 225.0 126.0 0.0 0.0 146.0 0.0 0.0 291.0 0.0 0.0 0.0 
89.0 93.0 0.0 0.0 0.0 0.0 196.0 0.0 131.0 81.0 0.0 0.0 0.0 0.0 0.0 0.0 0.0 0.0 138.0 0.0 0.0 0.0 0.0 0.0 
0.0 0.0 0.0 0.0 0.0 0.0 0.0 0.0 0.0 0.0 0.0 0.0 0.0 0.0 0.0 0.0 0.0 0.0 0.0 0.0 0.0 0.0 0.0 1.0 
0.0 0.0 0.0 0.0 0.0 0.0 0.0 0.0 0.0 147.0 0.0 0.0 0.0 0.0 0.0 0.0 0.0 0.0 164.0 0.0 0.0 221.0 0.0 0.0 
193.0 233.0 0.0 196.0 0.0 0.0 0.0 0.0 0.0 253.0 0.0 0.0 0.0 0.0 0.0 0.0 0.0 0.0 0.0 0.0 557.0 0.0 0.0 343.0 
0.0 0.0 0.0 0.0 0.0 0.0 0.0 0.0 0.0 0.0 0.0 16.0 0.0 0.0 0.0 0.0 0.0 0.0 0.0 8.0 53.0 0.0 0.0 0.0 
0.0 161.0 0.0 131.0 0.0 0.0 0.0 0.0 0.0 0.0 0.0 0.0 0.0 0.0 0.0 139.0 0.0 0.0 126.0 0.0 0.0 0.0 307.0 0.0 
0.0 0.0 0.0 81.0 0.0 147.0 253.0 0.0 0.0 0.0 0.0 0.0 0.0 0.0 0.0 0.0 0.0 0.0 130.0 0.0 0.0 0.0 0.0 0.0 
0.0 0.0 115.0 0.0 0.0 0.0 0.0 0.0 0.0 0.0 0.0 0.0 0.0 0.0 113.0 0.0 0.0 52.0 0.0 0.0 0.0 0.0 268.0 0.0 
0.0 0.0 125.0 0.0 0.0 0.0 0.0 16.0 0.0 0.0 0.0 0.0 0.0 0.0 76.0 0.0 0.0 0.0 0.0 8.0 216.0 0.0 0.0 0.0 
0.0 0.0 0.0 0.0 0.0 0.0 0.0 0.0 0.0 0.0 0.0 0.0 0.0 0.0 1.0 0.0 0.0 0.0 0.0 6.0 0.0 3.0 0.0 0.0 
0.0 0.0 225.0 0.0 0.0 0.0 0.0 0.0 0.0 0.0 0.0 0.0 0.0 0.0 0.0 0.0 0.0 85.0 0.0 0.0 0.0 0.0 0.0 301.0 
0.0 0.0 126.0 0.0 0.0 0.0 0.0 0.0 0.0 0.0 113.0 76.0 1.0 0.0 0.0 0.0 0.0 0.0 0.0 19.0 0.0 207.0 0.0 0.0 
0.0 118.0 0.0 0.0 0.0 0.0 0.0 0.0 139.0 0.0 0.0 0.0 0.0 0.0 0.0 0.0 39.0 0.0 0.0 0.0 0.0 0.0 0.0 199.0 
0.0 135.0 0.0 0.0 0.0 0.0 0.0 0.0 0.0 0.0 0.0 0.0 0.0 0.0 0.0 39.0 0.0 0.0 0.0 0.0 0.0 0.0 0.0 245.0 
0.0 0.0 146.0 0.0 0.0 0.0 0.0 0.0 0.0 0.0 52.0 0.0 0.0 85.0 0.0 0.0 0.0 0.0 0.0 0.0 0.0 0.0 262.0 0.0 
0.0 0.0 0.0 138.0 0.0 164.0 0.0 0.0 126.0 130.0 0.0 0.0 0.0 0.0 0.0 0.0 0.0 0.0 0.0 0.0 0.0 0.0 267.0 0.0 
0.0 0.0 0.0 0.0 0.0 0.0 0.0 8.0 0.0 0.0 0.0 8.0 6.0 0.0 19.0 0.0 0.0 0.0 0.0 0.0 40.0 0.0 0.0 0.0 
0.0 0.0 291.0 0.0 0.0 0.0 557.0 53.0 0.0 0.0 0.0 216.0 0.0 0.0 0.0 0.0 0.0 0.0 0.0 40.0 0.0 237.0 0.0 0.0 
0.0 0.0 0.0 0.0 0.0 221.0 0.0 0.0 0.0 0.0 0.0 0.0 3.0 0.0 207.0 0.0 0.0 0.0 0.0 0.0 237.0 0.0 306.0 0.0 
0.0 0.0 0.0 0.0 0.0 0.0 0.0 0.0 307.0 0.0 268.0 0.0 0.0 0.0 0.0 0.0 0.0 262.0 267.0 0.0 0.0 306.0 0.0 339.0 
0.0 0.0 0.0 0.0 1.0 0.0 343.0 0.0 0.0 0.0 0.0 0.0 0.0 301.0 0.0 199.0 245.0 0.0 0.0 0.0 0.0 0.0 339.0 0.0 
