q
431.0 391.0 455.0 1800.0 890.0 685.0 485.0 553.0 632.0 343.0 86.0 25.0 582.0 293.0 621.0 525.0 157.0 1310.0 505.0 1161.0 1414.0 1679.0 1279.0 1868.0 
l
0.0 0.0 0.0 0.0 151.0 0.0 0.0 0.0 0.0 0.0 0.0 0.0 0.0 0.0 0.0 0.0 0.0 0.0 0.0 0.0 0.0 247.0 0.0 0.0 
0.0 0.0 0.0 186.0 81.0 0.0 0.0 0.0 0.0 0.0 0.0 0.0 46.0 48.0 0.0 0.0 0.0 0.0 0.0 0.0 0.0 0.0 0.0 0.0 
0.0 0.0 0.0 159.0 0.0 0.0 0.0 0.0 0.0 0.0 0.0 0.0 62.0 0.0 0.0 0.0 0.0 116.0 0.0 92.0 0.0 0.0 0.0 0.0 
0.0 186.0 159.0 0.0 0.0 0.0 0.0 0.0 0.0 0.0 0.0 0.0 188.0 0.0 0.0 0.0 0.0 0.0 0.0 286.0 387.0 0.0 0.0 497.0 
151.0 81.0 0.0 0.0 0.0 0.0 0.0 0.0 0.0 0.0 0.0 0.0 114.0 70.0 0.0 0.0 0.0 234.0 0.0 0.0 191.0 0.0 0.0 0.0 
0.0 0.0 0.0 0.0 0.0 0.0 115.0 0.0 0.0 0.0 0.0 0.0 0.0 0.0 0.0 61.0 36.0 0.0 71.0 189.0 0.0 0.0 181.0 0.0 
0.0 0.0 0.0 0.0 0.0 115.0 0.0 0.0 0.0 0.0 27.0 0.0 0.0 0.0 0.0 50.0 27.0 0.0 0.0 0.0 0.0 0.0 0.0 242.0 
0.0 0.0 0.0 0.0 0.0 0.0 0.0 0.0 142.0 0.0 0.0 4.0 0.0 0.0 77.0 0.0 0.0 0.0 0.0 0.0 0.0 305.0 0.0 0.0 
0.0 0.0 0.0 0.0 0.0 0.0 0.0 142.0 0.0 30.0 0.0 0.0 0.0 0.0 108.0 0.0 0.0 0.0 0.0 0.0 0.0 0.0 0.0 319.0 
0.0 0.0 0.0 0.0 0.0 0.0 0.0 0.0 30.0 0.0 0.0 0.0 0.0 0.0 96.0 0.0 0.0 0.0 0.0 0.0 0.0 0.0 0.0 198.0 
0.0 0.0 0.0 0.0 0.0 0.0 27.0 0.0 0.0 0.0 0.0 0.0 0.0 0.0 0.0 0.0 1.0 0.0 0.0 0.0 0.0 0.0 55.0 0.0 
0.0 0.0 0.0 0.0 0.0 0.0 0.0 4.0 0.0 0.0 0.0 0.0 0.0 0.0 4.0 0.0 0.0 0.0 0.0 0.0 16.0 0.0 0.0 0.0 
0.0 46.0 62.0 188.0 114.0 0.0 0.0 0.0 0.0 0.0 0.0 0.0 0.0 0.0 0.0 0.0 0.0 146.0 0.0 0.0 0.0 0.0 0.0 0.0 
0.0 48.0 0.0 0.0 70.0 0.0 0.0 0.0 0.0 0.0 0.0 0.0 0.0 0.0 0.0 0.0 0.0 0.0 0.0 0.0 154.0 0.0 0.0 0.0 
0.0 0.0 0.0 0.0 0.0 0.0 0.0 77.0 108.0 96.0 0.0 4.0 0.0 0.0 0.0 0.0 0.0 0.0 0.0 0.0 297.0 0.0 0.0 0.0 
0.0 0.0 0.0 0.0 0.0 61.0 50.0 0.0 0.0 0.0 0.0 0.0 0.0 0.0 0.0 0.0 0.0 0.0 0.0 189.0 0.0 0.0 0.0 192.0 
0.0 0.0 0.0 0.0 0.0 36.0 27.0 0.0 0.0 0.0 1.0 0.0 0.0 0.0 0.0 0.0 0.0 0.0 0.0 0.0 0.0 0.0 88.0 0.0 
0.0 0.0 116.0 0.0 234.0 0.0 0.0 0.0 0.0 0.0 0.0 0.0 146.0 0.0 0.0 0.0 0.0 0.0 163.0 254.0 0.0 335.0 0.0 0.0 
0.0 0.0 0.0 0.0 0.0 71.0 0.0 0.0 0.0 0.0 0.0 0.0 0.0 0.0 0.0 0.0 0.0 163.0 0.0 93.0 0.0 0.0 155.0 0.0 
0.0 0.0 92.0 286.0 0.0 189.0 0.0 0.0 0.0 0.0 0.0 0.0 0.0 0.0 0.0 189.0 0.0 254.0 93.0 0.0 0.0 0.0 0.0 0.0 
0.0 0.0 0.0 387.0 191.0 0.0 0.0 0.0 0.0 0.0 0.0 16.0 0.0 154.0 297.0 0.0 0.0 0.0 0.0 0.0 0.0 285.0 0.0 0.0 
247.0 0.0 0.0 0.0 0.0 0.0 0.0 305.0 0.0 0.0 0.0 0.0 0.0 0.0 0.0 0.0 0.0 335.0 0.0 0.0 285.0 0.0 404.0 0.0 
0.0 0.0 0.0 0.0 0.0 181.0 0.0 0.0 0.0 0.0 55.0 0.0 0.0 0.0 0.0 0.0 88.0 0.0 155.0 0.0 0.0 404.0 0.0 314.0 
0.0 0.0 0.0 497.0 0.0 0.0 242.0 0.0 319.0 198.0 0.0 0.0 0.0 0.0 0.0 192.0 0.0 0.0 0.0 0.0 0.0 0.0 314.0 0.0 
