q
1052.0 60.0 634.0 731.0 465.0 1.0 5.0 596.0 690.0 531.0 422.0 1773.0 630.0 719.0 1105.0 415.0 484.0 905.0 33.0 428.0 1261.0 1415.0 2035.0 1792.0 
l
0.0 0.0 161.0 0.0 0.0 0.0 0.0 0.0 0.0 0.0 0.0 221.0 179.0 0.0 0.0 118.0 155.0 174.0 0.0 0.0 0.0 0.0 0.0 0.0 
0.0 0.0 0.0 0.0 0.0 0.0 0.0 0.0 0.0 0.0 3.0 0.0 0.0 0.0 20.0 0.0 0.0 0.0 16.0 0.0 20.0 0.0 0.0 0.0 
161.0 0.0 0.0 0.0 0.0 0.0 0.0 0.0 0.0 0.0 0.0 0.0 68.0 0.0 0.0 0.0 91.0 0.0 0.0 0.0 0.0 0.0 280.0 0.0 
0.0 0.0 0.0 0.0 0.0 0.0 1.0 146.0 110.0 106.0 0.0 0.0 0.0 0.0 0.0 0.0 0.0 0.0 0.0 57.0 0.0 266.0 0.0 0.0 
0.0 0.0 0.0 0.0 0.0 0.0 0.0 0.0 0.0 0.0 0.0 237.0 0.0 107.0 0.0 0.0 0.0 83.0 0.0 0.0 0.0 0.0 0.0 0.0 
0.0 0.0 0.0 0.0 0.0 0.0 0.0 0.0 0.0 0.0 0.0 0.0 0.0 0.0 0.0 0.0 0.0 0.0 0.0 0.0 1.0 0.0 0.0 0.0 
0.0 0.0 0.0 1.0 0.0 0.0 0.0 1.0 0.0 0.0 0.0 0.0 0.0 0.0 0.0 0.0 0.0 0.0 0.0 0.0 0.0 3.0 0.0 0.0 
0.0 0.0 0.0 146.0 0.0 0.0 1.0 0.0 0.0 86.0 0.0 0.0 0.0 0.0 0.0 0.0 0.0 0.0 0.0 0.0 0.0 0.0 320.0 0.0 
0.0 0.0 0.0 110.0 0.0 0.0 0.0 0.0 0.0 57.0 0.0 0.0 0.0 0.0 0.0 0.0 0.0 0.0 0.0 104.0 0.0 0.0 0.0 366.0 
0.0 0.0 0.0 106.0 0.0 0.0 0.0 86.0 57.0 0.0 0.0 0.0 0.0 0.0 0.0 0.0 0.0 0.0 0.0 0.0 0.0 0.0 0.0 262.0 
0.0 3.0 0.0 0.0 0.0 0.0 0.0 0.0 0.0 0.0 0.0 0.0 0.0 77.0 147.0 0.0 0.0 0.0 0.0 0.0 172.0 0.0 0.0 0.0 
221.0 0.0 0.0 0.0 237.0 0.0 0.0 0.0 0.0 0.0 0.0 0.0 0.0 0.0 0.0 178.0 0.0 178.0 0.0 0.0 366.0 0.0 0.0 501.0 
179.0 0.0 68.0 0.0 0.0 0.0 0.0 0.0 0.0 0.0 0.0 0.0 0.0 0.0 130.0 0.0 0.0 0.0 0.0 0.0 0.0 0.0 227.0 0.0 
0.0 0.0 0.0 0.0 107.0 0.0 0.0 0.0 0.0 0.0 77.0 0.0 0.0 0.0 166.0 0.0 0.0 126.0 0.0 0.0 206.0 0.0 0.0 0.0 
0.0 20.0 0.0 0.0 0.0 0.0 0.0 0.0 0.0 0.0 147.0 0.0 130.0 166.0 0.0 0.0 0.0 210.0 0.0 0.0 0.0 0.0 387.0 0.0 
118.0 0.0 0.0 0.0 0.0 0.0 0.0 0.0 0.0 0.0 0.0 178.0 0.0 0.0 0.0 0.0 0.0 97.0 0.0 0.0 0.0 0.0 0.0 0.0 
155.0 0.0 91.0 0.0 0.0 0.0 0.0 0.0 0.0 0.0 0.0 0.0 0.0 0.0 0.0 0.0 0.0 0.0 0.0 0.0 0.0 0.0 0.0 214.0 
174.0 0.0 0.0 0.0 83.0 0.0 0.0 0.0 0.0 0.0 0.0 178.0 0.0 126.0 210.0 97.0 0.0 0.0 0.0 0.0 0.0 0.0 0.0 0.0 
0.0 16.0 0.0 0.0 0.0 0.0 0.0 0.0 0.0 0.0 0.0 0.0 0.0 0.0 0.0 0.0 0.0 0.0 0.0 0.0 0.0 15.0 0.0 0.0 
0.0 0.0 0.0 57.0 0.0 0.0 0.0 0.0 104.0 0.0 0.0 0.0 0.0 0.0 0.0 0.0 0.0 0.0 0.0 0.0 0.0 236.0 0.0 0.0 
0.0 20.0 0.0 0.0 0.0 1.0 0.0 0.0 0.0 0.0 172.0 366.0 0.0 206.0 0.0 0.0 0.0 0.0 0.0 0.0 0.0 428.0 0.0 0.0 
0.0 0.0 0.0 266.0 0.0 0.0 3.0 0.0 0.0 0.0 0.0 0.0 0.0 0.0 0.0 0.0 0.0 0.0 15.0 236.0 428.0 0.0 387.0 0.0 
0.0 0.0 280.0 0.0 0.0 0.0 0.0 320.0 0.0 0.0 0.0 0.0 227.0 0.0 387.0 0.0 0.0 0.0 0.0 0.0 0.0 387.0 0.0 349.0 
0.0 0.0 0.0 0.0 0.0 0.0 0.0 0.0 366.0 262.0 0.0 501.0 0.0 0.0 0.0 0.0 214.0 0.0 0.0 0.0 0.0 0.0 349.0 0.0 
