q
1084.0 694.0 1005.0 690.0 1206.0 365.0 554.0 778.0 58.0 27.0 591.0 551.0 558.0 1896.0 43.0 410.0 97.0 457.0 1045.0 671.0 1303.0 1268.0 1459.0 1568.0 
l
0.0 0.0 156.0 0.0 0.0 0.0 138.0 150.0 0.0 0.0 0.0 0.0 0.0 294.0 0.0 148.0 0.0 0.0 0.0 140.0 0.0 0.0 0.0 0.0 
0.0 0.0 0.0 106.0 0.0 0.0 0.0 0.0 0.0 0.0 114.0 0.0 0.0 0.0 0.0 0.0 0.0 0.0 191.0 0.0 242.0 0.0 0.0 0.0 
156.0 0.0 0.0 0.0 260.0 0.0 0.0 146.0 0.0 0.0 0.0 0.0 0.0 0.0 0.0 0.0 0.0 0.0 0.0 148.0 0.0 0.0 247.0 0.0 
0.0 106.0 0.0 0.0 0.0 0.0 0.0 0.0 18.0 0.0 0.0 102.0 0.0 0.0 0.0 0.0 0.0 0.0 147.0 0.0 0.0 277.0 0.0 0.0 
0.0 0.0 260.0 0.0 0.0 98.0 0.0 177.0 0.0 0.0 0.0 0.0 138.0 0.0 0.0 0.0 0.0 179.0 0.0 0.0 0.0 288.0 0.0 0.0 
0.0 0.0 0.0 0.0 98.0 0.0 0.0 0.0 0.0 0.0 0.0 0.0 76.0 0.0 0.0 0.0 0.0 28.0 0.0 0.0 147.0 0.0 0.0 0.0 
138.0 0.0 0.0 0.0 0.0 0.0 0.0 0.0 0.0 0.0 0.0 0.0 0.0 0.0 0.0 40.0 0.0 0.0 0.0 130.0 0.0 0.0 0.0 209.0 
150.0 0.0 146.0 0.0 177.0 0.0 0.0 0.0 0.0 0.0 0.0 0.0 80.0 195.0 0.0 0.0 0.0 0.0 0.0 0.0 0.0 0.0 0.0 0.0 
0.0 0.0 0.0 18.0 0.0 0.0 0.0 0.0 0.0 0.0 0.0 7.0 0.0 0.0 0.0 0.0 0.0 0.0 0.0 0.0 0.0 0.0 30.0 0.0 
0.0 0.0 0.0 0.0 0.0 0.0 0.0 0.0 0.0 0.0 0.0 0.0 0.0 0.0 6.0 0.0 0.0 0.0 0.0 0.0 0.0 18.0 0.0 0.0 
0.0 114.0 0.0 0.0 0.0 0.0 0.0 0.0 0.0 0.0 0.0 0.0 0.0 298.0 0.0 0.0 0.0 0.0 146.0 0.0 0.0 0.0 0.0 0.0 
0.0 0.0 0.0 102.0 0.0 0.0 0.0 0.0 7.0 0.0 0.0 0.0 0.0 0.0 0.0 0.0 0.0 0.0 142.0 0.0 0.0 0.0 263.0 0.0 
0.0 0.0 0.0 0.0 138.0 76.0 0.0 80.0 0.0 0.0 0.0 0.0 0.0 235.0 0.0 0.0 0.0 0.0 0.0 0.0 0.0 0.0 0.0 0.0 
294.0 0.0 0.0 0.0 0.0 0.0 0.0 195.0 0.0 0.0 298.0 0.0 235.0 0.0 0.0 0.0 0.0 0.0 0.0 0.0 386.0 0.0 0.0 385.0 
0.0 0.0 0.0 0.0 0.0 0.0 0.0 0.0 0.0 6.0 0.0 0.0 0.0 0.0 0.0 0.0 2.0 7.0 0.0 0.0 22.0 0.0 0.0 0.0 
148.0 0.0 0.0 0.0 0.0 0.0 40.0 0.0 0.0 0.0 0.0 0.0 0.0 0.0 0.0 0.0 0.0 0.0 0.0 0.0 0.0 0.0 0.0 204.0 
0.0 0.0 0.0 0.0 0.0 0.0 0.0 0.0 0.0 0.0 0.0 0.0 0.0 0.0 2.0 0.0 0.0 19.0 0.0 0.0 0.0 68.0 0.0 0.0 
0.0 0.0 0.0 0.0 179.0 28.0 0.0 0.0 0.0 0.0 0.0 0.0 0.0 0.0 7.0 0.0 19.0 0.0 0.0 0.0 195.0 0.0 0.0 0.0 
0.0 191.0 0.0 147.0 0.0 0.0 0.0 0.0 0.0 0.0 146.0 142.0 0.0 0.0 0.0 0.0 0.0 0.0 0.0 0.0 0.0 0.0 0.0 361.0 
140.0 0.0 148.0 0.0 0.0 0.0 130.0 0.0 0.0 0.0 0.0 0.0 0.0 0.0 0.0 0.0 0.0 0.0 0.0 0.0 0.0 0.0 213.0 0.0 
0.0 242.0 0.0 0.0 0.0 147.0 0.0 0.0 0.0 0.0 0.0 0.0 0.0 386.0 22.0 0.0 0.0 195.0 0.0 0.0 0.0 239.0 0.0 0.0 
0.0 0.0 0.0 277.0 288.0 0.0 0.0 0.0 0.0 18.0 0.0 0.0 0.0 0.0 0.0 0.0 68.0 0.0 0.0 0.0 239.0 0.0 309.0 0.0 
0.0 0.0 247.0 0.0 0.0 0.0 0.0 0.0 30.0 0.0 0.0 263.0 0.0 0.0 0.0 0.0 0.0 0.0 0.0 213.0 0.0 309.0 0.0 325.0 
0.0 0.0 0.0 0.0 0.0 0.0 209.0 0.0 0.0 0.0 0.0 0.0 0.0 385.0 0.0 204.0 0.0 0.0 361.0 0.0 0.0 0.0 325.0 0.0 
