q
93.0 1458.0 102.0 1857.0 524.0 533.0 689.0 435.0 902.0 899.0 6.0 377.0 723.0 484.0 437.0 703.0 8.0 593.0 645.0 470.0 2282.0 1934.0 1052.0 1348.0 
l
0.0 0.0 0.0 0.0 0.0 0.0 29.0 0.0 0.0 0.0 0.0 0.0 0.0 0.0 0.0 9.0 1.0 0.0 0.0 0.0 0.0 0.0 0.0 49.0 
0.0 0.0 0.0 0.0 0.0 0.0 0.0 0.0 321.0 302.0 0.0 0.0 193.0 0.0 0.0 0.0 0.0 0.0 279.0 0.0 286.0 0.0 0.0 0.0 
0.0 0.0 0.0 0.0 0.0 0.0 0.0 0.0 0.0 0.0 0.0 0.0 0.0 38.0 0.0 0.0 0.0 0.0 0.0 0.0 0.0 0.0 0.0 58.0 
0.0 0.0 0.0 0.0 0.0 0.0 0.0 224.0 0.0 161.0 0.0 207.0 0.0 0.0 0.0 0.0 0.0 193.0 0.0 0.0 475.0 0.0 0.0 496.0 
0.0 0.0 0.0 0.0 0.0 0.0 0.0 0.0 134.0 0.0 0.0 0.0 0.0 0.0 0.0 0.0 0.0 0.0 96.0 81.0 0.0 0.0 189.0 0.0 
0.0 0.0 0.0 0.0 0.0 0.0 113.0 0.0 0.0 0.0 0.0 0.0 0.0 47.0 0.0 100.0 0.0 0.0 0.0 0.0 0.0 246.0 0.0 0.0 
29.0 0.0 0.0 0.0 0.0 113.0 0.0 0.0 0.0 0.0 0.0 0.0 0.0 0.0 0.0 143.0 0.0 0.0 0.0 0.0 368.0 0.0 0.0 0.0 
0.0 0.0 0.0 224.0 0.0 0.0 0.0 0.0 0.0 96.0 0.0 35.0 0.0 0.0 0.0 0.0 0.0 63.0 0.0 0.0 0.0 0.0 0.0 0.0 
0.0 321.0 0.0 0.0 134.0 0.0 0.0 0.0 0.0 0.0 0.0 0.0 0.0 0.0 0.0 0.0 0.0 0.0 74.0 105.0 0.0 234.0 0.0 0.0 
0.0 302.0 0.0 161.0 0.0 0.0 0.0 96.0 0.0 0.0 0.0 111.0 107.0 0.0 0.0 0.0 0.0 83.0 0.0 0.0 0.0 0.0 0.0 0.0 
0.0 0.0 0.0 0.0 0.0 0.0 0.0 0.0 0.0 0.0 0.0 0.0 0.0 0.0 0.0 0.0 0.0 0.0 0.0 2.0 0.0 0.0 4.0 0.0 
0.0 0.0 0.0 207.0 0.0 0.0 0.0 35.0 0.0 111.0 0.0 0.0 0.0 0.0 0.0 0.0 0.0 0.0 0.0 0.0 0.0 0.0 0.0 0.0 
0.0 193.0 0.0 0.0 0.0 0.0 0.0 0.0 0.0 107.0 0.0 0.0 0.0 0.0 62.0 0.0 0.0 119.0 0.0 0.0 206.0 0.0 0.0 0.0 
0.0 0.0 38.0 0.0 0.0 47.0 0.0 0.0 0.0 0.0 0.0 0.0 0.0 0.0 0.0 125.0 0.0 0.0 0.0 0.0 0.0 251.0 0.0 0.0 
0.0 0.0 0.0 0.0 0.0 0.0 0.0 0.0 0.0 0.0 0.0 0.0 62.0 0.0 0.0 0.0 0.0 103.0 0.0 0.0 247.0 0.0 0.0 0.0 
9.0 0.0 0.0 0.0 0.0 100.0 143.0 0.0 0.0 0.0 0.0 0.0 0.0 125.0 0.0 0.0 2.0 0.0 0.0 0.0 0.0 0.0 0.0 286.0 
1.0 0.0 0.0 0.0 0.0 0.0 0.0 0.0 0.0 0.0 0.0 0.0 0.0 0.0 0.0 2.0 0.0 0.0 0.0 0.0 0.0 0.0 0.0 4.0 
0.0 0.0 0.0 193.0 0.0 0.0 0.0 63.0 0.0 83.0 0.0 0.0 119.0 0.0 103.0 0.0 0.0 0.0 0.0 0.0 0.0 0.0 0.0 0.0 
0.0 279.0 0.0 0.0 96.0 0.0 0.0 0.0 74.0 0.0 0.0 0.0 0.0 0.0 0.0 0.0 0.0 0.0 0.0 0.0 0.0 0.0 160.0 0.0 
0.0 0.0 0.0 0.0 81.0 0.0 0.0 0.0 105.0 0.0 2.0 0.0 0.0 0.0 0.0 0.0 0.0 0.0 0.0 0.0 0.0 257.0 0.0 0.0 
0.0 286.0 0.0 475.0 0.0 0.0 368.0 0.0 0.0 0.0 0.0 0.0 206.0 0.0 247.0 0.0 0.0 0.0 0.0 0.0 0.0 595.0 0.0 0.0 
0.0 0.0 0.0 0.0 0.0 246.0 0.0 0.0 234.0 0.0 0.0 0.0 0.0 251.0 0.0 0.0 0.0 0.0 0.0 257.0 595.0 0.0 253.0 0.0 
0.0 0.0 0.0 0.0 189.0 0.0 0.0 0.0 0.0 0.0 4.0 0.0 0.0 0.0 0.0 0.0 0.0 0.0 160.0 0.0 0.0 253.0 0.0 382.0 
49.0 0.0 58.0 496.0 0.0 0.0 0.0 0.0 0.0 0.0 0.0 0.0 0.0 0.0 0.0 286.0 4.0 0.0 0.0 0.0 0.0 0.0 382.0 0.0 
