q
393.0 540.0 1997.0 1194.0 37.0 131.0 1056.0 1163.0 807.0 758.0 717.0 929.0 446.0 1255.0 806.0 3.0 414.0 120.0 416.0 1432.0 1304.0 0.0 807.0 0.0 1394.0 271.0 
l
0.0 0.0 0.0 0.0 0.0 0.0 0.0 202.0 0.0 0.0 0.0 164.0 0.0 0.0 0.0 0.0 0.0 0.0 0.0 0.0 0.0 0.0 0.0 0.0 0.0 0.0 
0.0 0.0 0.0 0.0 0.0 0.0 0.0 0.0 0.0 0.0 0.0 0.0 0.0 177.0 0.0 0.0 70.0 0.0 0.0 0.0 0.0 0.0 0.0 0.0 259.0 0.0 
0.0 0.0 0.0 338.0 0.0 0.0 353.0 332.0 0.0 0.0 0.0 304.0 0.0 0.0 239.0 0.0 0.0 0.0 0.0 0.0 340.0 0.0 0.0 0.0 0.0 0.0 
0.0 0.0 338.0 0.0 0.0 0.0 145.0 0.0 0.0 195.0 0.0 0.0 162.0 0.0 0.0 0.0 0.0 0.0 0.0 0.0 0.0 0.0 0.0 0.0 307.0 0.0 
0.0 0.0 0.0 0.0 0.0 0.0 0.0 0.0 0.0 0.0 13.0 0.0 0.0 0.0 0.0 0.0 0.0 0.0 0.0 0.0 0.0 0.0 21.0 0.0 0.0 0.0 
0.0 0.0 0.0 0.0 0.0 0.0 65.0 0.0 0.0 50.0 0.0 0.0 8.0 0.0 0.0 0.0 0.0 0.0 0.0 0.0 0.0 0.0 0.0 0.0 0.0 0.0 
0.0 0.0 353.0 145.0 0.0 65.0 0.0 0.0 168.0 0.0 0.0 0.0 143.0 0.0 0.0 0.0 0.0 0.0 133.0 0.0 0.0 0.0 0.0 0.0 0.0 0.0 
202.0 0.0 332.0 0.0 0.0 0.0 0.0 0.0 0.0 0.0 0.0 92.0 0.0 205.0 155.0 0.0 107.0 0.0 0.0 0.0 0.0 0.0 0.0 0.0 0.0 0.0 
0.0 0.0 0.0 0.0 0.0 0.0 168.0 0.0 0.0 125.0 0.0 0.0 0.0 0.0 0.0 0.0 0.0 31.0 76.0 214.0 163.0 0.0 0.0 0.0 0.0 0.0 
0.0 0.0 0.0 195.0 0.0 50.0 0.0 0.0 125.0 0.0 0.0 0.0 105.0 0.0 0.0 0.0 0.0 33.0 0.0 215.0 0.0 0.0 0.0 0.0 0.0 0.0 
0.0 0.0 0.0 0.0 13.0 0.0 0.0 0.0 0.0 0.0 0.0 149.0 0.0 207.0 0.0 2.0 0.0 0.0 0.0 0.0 308.0 0.0 0.0 0.0 0.0 0.0 
164.0 0.0 304.0 0.0 0.0 0.0 0.0 92.0 0.0 0.0 149.0 0.0 0.0 166.0 0.0 1.0 0.0 0.0 0.0 0.0 0.0 0.0 0.0 0.0 0.0 0.0 
0.0 0.0 0.0 162.0 0.0 8.0 143.0 0.0 0.0 105.0 0.0 0.0 0.0 0.0 0.0 0.0 0.0 0.0 0.0 0.0 0.0 0.0 0.0 0.0 0.0 0.0 
0.0 177.0 0.0 0.0 0.0 0.0 0.0 205.0 0.0 0.0 207.0 166.0 0.0 0.0 0.0 0.0 108.0 0.0 0.0 0.0 0.0 0.0 319.0 0.0 0.0 0.0 
0.0 0.0 239.0 0.0 0.0 0.0 0.0 155.0 0.0 0.0 0.0 0.0 0.0 0.0 0.0 0.0 106.0 0.0 0.0 0.0 0.0 0.0 0.0 0.0 261.0 0.0 
0.0 0.0 0.0 0.0 0.0 0.0 0.0 0.0 0.0 0.0 2.0 1.0 0.0 0.0 0.0 0.0 0.0 0.0 0.0 0.0 0.0 0.0 0.0 0.0 0.0 0.0 
0.0 70.0 0.0 0.0 0.0 0.0 0.0 107.0 0.0 0.0 0.0 0.0 0.0 108.0 106.0 0.0 0.0 0.0 0.0 0.0 0.0 0.0 0.0 0.0 0.0 0.0 
0.0 0.0 0.0 0.0 0.0 0.0 0.0 0.0 31.0 33.0 0.0 0.0 0.0 0.0 0.0 0.0 0.0 0.0 0.0 49.0 0.0 0.0 0.0 0.0 0.0 0.0 
0.0 0.0 0.0 0.0 0.0 0.0 133.0 0.0 76.0 0.0 0.0 0.0 0.0 0.0 0.0 0.0 0.0 0.0 0.0 0.0 187.0 0.0 0.0 0.0 0.0 0.0 
0.0 0.0 0.0 0.0 0.0 0.0 0.0 0.0 214.0 215.0 0.0 0.0 0.0 0.0 0.0 0.0 0.0 49.0 0.0 0.0 238.0 0.0 313.0 0.0 336.0 0.0 
0.0 0.0 340.0 0.0 0.0 0.0 0.0 0.0 163.0 0.0 308.0 0.0 0.0 0.0 0.0 0.0 0.0 0.0 187.0 238.0 0.0 0.0 0.0 0.0 0.0 0.0 
0.0 0.0 0.0 0.0 0.0 0.0 0.0 0.0 0.0 0.0 0.0 0.0 0.0 0.0 0.0 0.0 0.0 0.0 0.0 0.0 0.0 0.0 0.0 0.0 0.0 0.0 
0.0 0.0 0.0 0.0 21.0 0.0 0.0 0.0 0.0 0.0 0.0 0.0 0.0 319.0 0.0 0.0 0.0 0.0 0.0 313.0 0.0 0.0 0.0 0.0 0.0 103.0 
0.0 0.0 0.0 0.0 0.0 0.0 0.0 0.0 0.0 0.0 0.0 0.0 0.0 0.0 0.0 0.0 0.0 0.0 0.0 0.0 0.0 0.0 0.0 0.0 0.0 0.0 
0.0 259.0 0.0 307.0 0.0 0.0 0.0 0.0 0.0 0.0 0.0 0.0 0.0 0.0 261.0 0.0 0.0 0.0 0.0 336.0 0.0 0.0 0.0 0.0 0.0 152.0 
0.0 0.0 0.0 0.0 0.0 0.0 0.0 0.0 0.0 0.0 0.0 0.0 0.0 0.0 0.0 0.0 0.0 0.0 0.0 0.0 0.0 0.0 103.0 0.0 152.0 0.0 
