q
24.0 944.0 481.0 1.0 464.0 369.0 1479.0 393.0 974.0 584.0 1317.0 481.0 676.0 1382.0 63.0 1.0 774.0 455.0 597.0 613.0 1485.0 1565.0 1652.0 1642.0 
l
0.0 0.0 0.0 0.0 0.0 1.0 0.0 0.0 0.0 0.0 17.0 0.0 0.0 0.0 0.0 0.0 0.0 0.0 0.0 5.0 0.0 0.0 0.0 0.0 
0.0 0.0 0.0 0.0 95.0 0.0 190.0 0.0 233.0 0.0 0.0 0.0 0.0 165.0 0.0 0.0 0.0 0.0 0.0 0.0 0.0 0.0 0.0 218.0 
0.0 0.0 0.0 0.0 0.0 0.0 0.0 0.0 0.0 0.0 0.0 0.0 87.0 0.0 0.0 0.0 0.0 0.0 0.0 114.0 251.0 0.0 0.0 0.0 
0.0 0.0 0.0 0.0 0.0 0.0 0.0 0.0 0.0 0.0 0.0 0.0 0.0 0.0 0.0 0.0 0.0 0.0 0.0 0.0 0.0 1.0 0.0 0.0 
0.0 95.0 0.0 0.0 0.0 0.0 174.0 0.0 0.0 0.0 0.0 0.0 0.0 0.0 0.0 0.0 0.0 0.0 0.0 0.0 0.0 0.0 0.0 176.0 
1.0 0.0 0.0 0.0 0.0 0.0 0.0 0.0 132.0 0.0 172.0 0.0 0.0 0.0 0.0 0.0 0.0 0.0 0.0 50.0 0.0 0.0 0.0 0.0 
0.0 190.0 0.0 0.0 174.0 0.0 0.0 0.0 0.0 0.0 0.0 0.0 0.0 320.0 0.0 0.0 0.0 189.0 139.0 0.0 0.0 0.0 387.0 0.0 
0.0 0.0 0.0 0.0 0.0 0.0 0.0 0.0 0.0 0.0 0.0 26.0 0.0 0.0 2.0 0.0 94.0 0.0 0.0 0.0 0.0 0.0 239.0 0.0 
0.0 233.0 0.0 0.0 0.0 132.0 0.0 0.0 0.0 0.0 124.0 0.0 94.0 215.0 0.0 0.0 0.0 0.0 0.0 125.0 0.0 0.0 0.0 0.0 
0.0 0.0 0.0 0.0 0.0 0.0 0.0 0.0 0.0 0.0 0.0 94.0 0.0 0.0 0.0 0.0 171.0 0.0 0.0 0.0 0.0 284.0 0.0 0.0 
17.0 0.0 0.0 0.0 0.0 172.0 0.0 0.0 124.0 0.0 0.0 0.0 0.0 0.0 0.0 0.0 0.0 0.0 0.0 182.0 286.0 0.0 0.0 472.0 
0.0 0.0 0.0 0.0 0.0 0.0 0.0 26.0 0.0 94.0 0.0 0.0 0.0 0.0 11.0 0.0 87.0 0.0 0.0 0.0 0.0 0.0 236.0 0.0 
0.0 0.0 87.0 0.0 0.0 0.0 0.0 0.0 94.0 0.0 0.0 0.0 0.0 204.0 0.0 0.0 0.0 0.0 0.0 105.0 160.0 0.0 0.0 0.0 
0.0 165.0 0.0 0.0 0.0 0.0 320.0 0.0 215.0 0.0 0.0 0.0 204.0 0.0 0.0 0.0 0.0 0.0 200.0 0.0 208.0 0.0 0.0 0.0 
0.0 0.0 0.0 0.0 0.0 0.0 0.0 2.0 0.0 0.0 0.0 11.0 0.0 0.0 0.0 0.0 0.0 0.0 0.0 0.0 0.0 0.0 46.0 0.0 
0.0 0.0 0.0 0.0 0.0 0.0 0.0 0.0 0.0 0.0 0.0 0.0 0.0 0.0 0.0 0.0 0.0 0.0 0.0 0.0 1.0 0.0 0.0 0.0 
0.0 0.0 0.0 0.0 0.0 0.0 0.0 94.0 0.0 171.0 0.0 87.0 0.0 0.0 0.0 0.0 0.0 0.0 0.0 0.0 0.0 0.0 0.0 378.0 
0.0 0.0 0.0 0.0 0.0 0.0 189.0 0.0 0.0 0.0 0.0 0.0 0.0 0.0 0.0 0.0 0.0 0.0 54.0 0.0 0.0 185.0 0.0 0.0 
0.0 0.0 0.0 0.0 0.0 0.0 139.0 0.0 0.0 0.0 0.0 0.0 0.0 200.0 0.0 0.0 0.0 54.0 0.0 0.0 0.0 168.0 0.0 0.0 
5.0 0.0 114.0 0.0 0.0 50.0 0.0 0.0 125.0 0.0 182.0 0.0 105.0 0.0 0.0 0.0 0.0 0.0 0.0 0.0 0.0 0.0 0.0 0.0 
0.0 0.0 251.0 0.0 0.0 0.0 0.0 0.0 0.0 0.0 286.0 0.0 160.0 208.0 0.0 1.0 0.0 0.0 0.0 0.0 0.0 498.0 0.0 0.0 
0.0 0.0 0.0 1.0 0.0 0.0 0.0 0.0 0.0 284.0 0.0 0.0 0.0 0.0 0.0 0.0 0.0 185.0 168.0 0.0 498.0 0.0 342.0 0.0 
0.0 0.0 0.0 0.0 0.0 0.0 387.0 239.0 0.0 0.0 0.0 236.0 0.0 0.0 46.0 0.0 0.0 0.0 0.0 0.0 0.0 342.0 0.0 321.0 
0.0 218.0 0.0 0.0 176.0 0.0 0.0 0.0 0.0 0.0 472.0 0.0 0.0 0.0 0.0 0.0 378.0 0.0 0.0 0.0 0.0 0.0 321.0 0.0 
