q
437.0 669.0 1452.0 150.0 445.0 418.0 29.0 543.0 1518.0 573.0 506.0 1849.0 1518.0 1.0 728.0 636.0 839.0 173.0 447.0 345.0 1459.0 1285.0 1413.0 1375.0 
l
0.0 0.0 0.0 0.0 0.0 0.0 0.0 0.0 0.0 44.0 0.0 228.0 0.0 0.0 0.0 0.0 0.0 0.0 0.0 0.0 0.0 144.0 0.0 0.0 
0.0 0.0 140.0 0.0 0.0 64.0 0.0 0.0 175.0 0.0 0.0 0.0 0.0 0.0 0.0 0.0 0.0 0.0 112.0 0.0 0.0 0.0 0.0 155.0 
0.0 140.0 0.0 0.0 0.0 163.0 0.0 0.0 248.0 0.0 0.0 333.0 0.0 0.0 305.0 0.0 0.0 0.0 0.0 0.0 0.0 0.0 0.0 189.0 
0.0 0.0 0.0 0.0 0.0 0.0 0.0 0.0 0.0 0.0 22.0 0.0 0.0 0.0 0.0 0.0 0.0 16.0 0.0 0.0 0.0 0.0 0.0 106.0 
0.0 0.0 0.0 0.0 0.0 0.0 2.0 0.0 0.0 0.0 0.0 0.0 0.0 0.0 0.0 109.0 87.0 0.0 0.0 0.0 215.0 0.0 0.0 0.0 
0.0 64.0 163.0 0.0 0.0 0.0 0.0 0.0 0.0 0.0 0.0 0.0 0.0 0.0 0.0 0.0 0.0 0.0 0.0 0.0 0.0 0.0 0.0 164.0 
0.0 0.0 0.0 0.0 2.0 0.0 0.0 0.0 0.0 0.0 0.0 0.0 0.0 0.0 0.0 11.0 0.0 0.0 0.0 0.0 13.0 0.0 0.0 0.0 
0.0 0.0 0.0 0.0 0.0 0.0 0.0 0.0 268.0 83.0 0.0 0.0 0.0 0.0 0.0 0.0 0.0 0.0 0.0 0.0 0.0 163.0 0.0 0.0 
0.0 175.0 248.0 0.0 0.0 0.0 0.0 268.0 0.0 0.0 0.0 344.0 0.0 0.0 0.0 0.0 0.0 0.0 176.0 0.0 0.0 0.0 243.0 0.0 
44.0 0.0 0.0 0.0 0.0 0.0 0.0 83.0 0.0 0.0 0.0 248.0 0.0 0.0 0.0 0.0 0.0 0.0 0.0 0.0 0.0 164.0 0.0 0.0 
0.0 0.0 0.0 22.0 0.0 0.0 0.0 0.0 0.0 0.0 0.0 0.0 0.0 0.0 0.0 0.0 0.0 49.0 0.0 118.0 0.0 0.0 285.0 0.0 
228.0 0.0 333.0 0.0 0.0 0.0 0.0 0.0 344.0 248.0 0.0 0.0 0.0 0.0 0.0 0.0 322.0 0.0 0.0 0.0 283.0 0.0 0.0 0.0 
0.0 0.0 0.0 0.0 0.0 0.0 0.0 0.0 0.0 0.0 0.0 0.0 0.0 0.0 149.0 236.0 0.0 90.0 0.0 204.0 364.0 0.0 0.0 405.0 
0.0 0.0 0.0 0.0 0.0 0.0 0.0 0.0 0.0 0.0 0.0 0.0 0.0 0.0 0.0 0.0 0.0 0.0 0.0 0.0 0.0 1.0 0.0 0.0 
0.0 0.0 305.0 0.0 0.0 0.0 0.0 0.0 0.0 0.0 0.0 0.0 149.0 0.0 0.0 104.0 128.0 0.0 0.0 0.0 0.0 0.0 0.0 0.0 
0.0 0.0 0.0 0.0 109.0 0.0 11.0 0.0 0.0 0.0 0.0 0.0 236.0 0.0 104.0 0.0 145.0 0.0 0.0 0.0 0.0 0.0 0.0 0.0 
0.0 0.0 0.0 0.0 87.0 0.0 0.0 0.0 0.0 0.0 0.0 322.0 0.0 0.0 128.0 145.0 0.0 0.0 0.0 0.0 119.0 0.0 0.0 0.0 
0.0 0.0 0.0 16.0 0.0 0.0 0.0 0.0 0.0 0.0 49.0 0.0 90.0 0.0 0.0 0.0 0.0 0.0 0.0 4.0 0.0 0.0 0.0 0.0 
0.0 112.0 0.0 0.0 0.0 0.0 0.0 0.0 176.0 0.0 0.0 0.0 0.0 0.0 0.0 0.0 0.0 0.0 0.0 0.0 0.0 0.0 149.0 0.0 
0.0 0.0 0.0 0.0 0.0 0.0 0.0 0.0 0.0 0.0 118.0 0.0 204.0 0.0 0.0 0.0 0.0 4.0 0.0 0.0 0.0 0.0 0.0 0.0 
0.0 0.0 0.0 0.0 215.0 0.0 13.0 0.0 0.0 0.0 0.0 283.0 364.0 0.0 0.0 0.0 119.0 0.0 0.0 0.0 0.0 374.0 0.0 0.0 
144.0 0.0 0.0 0.0 0.0 0.0 0.0 163.0 0.0 164.0 0.0 0.0 0.0 1.0 0.0 0.0 0.0 0.0 0.0 0.0 374.0 0.0 358.0 0.0 
0.0 0.0 0.0 0.0 0.0 0.0 0.0 0.0 243.0 0.0 285.0 0.0 0.0 0.0 0.0 0.0 0.0 0.0 149.0 0.0 0.0 358.0 0.0 294.0 
0.0 155.0 189.0 106.0 0.0 164.0 0.0 0.0 0.0 0.0 0.0 0.0 405.0 0.0 0.0 0.0 0.0 0.0 0.0 0.0 0.0 0.0 294.0 0.0 
