q
508.0 853.0 607.0 548.0 1935.0 1318.0 200.0 603.0 50.0 717.0 38.0 423.0 654.0 912.0 16.0 548.0 868.0 454.0 890.0 676.0 1704.0 1328.0 1197.0 1425.0 
l
0.0 0.0 0.0 0.0 0.0 0.0 0.0 105.0 0.0 0.0 0.0 0.0 0.0 126.0 5.0 0.0 0.0 0.0 0.0 0.0 0.0 0.0 0.0 244.0 
0.0 0.0 0.0 0.0 0.0 0.0 0.0 0.0 0.0 137.0 0.0 0.0 0.0 0.0 0.0 151.0 110.0 0.0 127.0 0.0 281.0 0.0 0.0 0.0 
0.0 0.0 0.0 0.0 0.0 165.0 0.0 0.0 0.0 0.0 0.0 0.0 0.0 135.0 0.0 0.0 0.0 0.0 0.0 83.0 0.0 195.0 0.0 0.0 
0.0 0.0 0.0 0.0 0.0 171.0 24.0 0.0 0.0 0.0 0.0 0.0 0.0 0.0 0.0 0.0 0.0 0.0 0.0 88.0 229.0 0.0 0.0 0.0 
0.0 0.0 0.0 0.0 0.0 412.0 0.0 223.0 0.0 0.0 0.0 245.0 0.0 0.0 0.0 251.0 0.0 0.0 0.0 0.0 386.0 0.0 0.0 320.0 
0.0 0.0 165.0 171.0 412.0 0.0 0.0 115.0 0.0 0.0 0.0 0.0 0.0 189.0 0.0 0.0 0.0 0.0 0.0 194.0 0.0 0.0 0.0 0.0 
0.0 0.0 0.0 24.0 0.0 0.0 0.0 0.0 0.0 0.0 6.0 0.0 0.0 0.0 0.0 0.0 0.0 0.0 0.0 56.0 104.0 0.0 0.0 0.0 
105.0 0.0 0.0 0.0 223.0 115.0 0.0 0.0 0.0 0.0 0.0 0.0 0.0 131.0 0.0 0.0 0.0 0.0 0.0 0.0 0.0 0.0 0.0 0.0 
0.0 0.0 0.0 0.0 0.0 0.0 0.0 0.0 0.0 12.0 0.0 9.0 0.0 0.0 0.0 0.0 0.0 0.0 0.0 0.0 0.0 0.0 0.0 23.0 
0.0 137.0 0.0 0.0 0.0 0.0 0.0 0.0 12.0 0.0 0.0 115.0 0.0 0.0 0.0 79.0 0.0 0.0 140.0 0.0 0.0 0.0 0.0 202.0 
0.0 0.0 0.0 0.0 0.0 0.0 6.0 0.0 0.0 0.0 0.0 0.0 0.0 0.0 0.0 0.0 0.0 0.0 0.0 9.0 0.0 22.0 0.0 0.0 
0.0 0.0 0.0 0.0 245.0 0.0 0.0 0.0 9.0 115.0 0.0 0.0 0.0 0.0 0.0 35.0 0.0 0.0 0.0 0.0 0.0 0.0 0.0 0.0 
0.0 0.0 0.0 0.0 0.0 0.0 0.0 0.0 0.0 0.0 0.0 0.0 0.0 0.0 0.0 0.0 136.0 96.0 160.0 0.0 0.0 0.0 234.0 0.0 
126.0 0.0 135.0 0.0 0.0 189.0 0.0 131.0 0.0 0.0 0.0 0.0 0.0 0.0 4.0 0.0 0.0 0.0 0.0 0.0 0.0 0.0 289.0 0.0 
5.0 0.0 0.0 0.0 0.0 0.0 0.0 0.0 0.0 0.0 0.0 0.0 0.0 4.0 0.0 0.0 0.0 0.0 0.0 0.0 0.0 0.0 5.0 0.0 
0.0 151.0 0.0 0.0 251.0 0.0 0.0 0.0 0.0 79.0 0.0 35.0 0.0 0.0 0.0 0.0 0.0 0.0 0.0 0.0 0.0 0.0 0.0 0.0 
0.0 110.0 0.0 0.0 0.0 0.0 0.0 0.0 0.0 0.0 0.0 0.0 136.0 0.0 0.0 0.0 0.0 127.0 170.0 0.0 287.0 0.0 0.0 0.0 
0.0 0.0 0.0 0.0 0.0 0.0 0.0 0.0 0.0 0.0 0.0 0.0 96.0 0.0 0.0 0.0 127.0 0.0 0.0 0.0 0.0 204.0 0.0 0.0 
0.0 127.0 0.0 0.0 0.0 0.0 0.0 0.0 0.0 140.0 0.0 0.0 160.0 0.0 0.0 0.0 170.0 0.0 0.0 0.0 0.0 0.0 0.0 261.0 
0.0 0.0 83.0 88.0 0.0 194.0 56.0 0.0 0.0 0.0 9.0 0.0 0.0 0.0 0.0 0.0 0.0 0.0 0.0 0.0 0.0 210.0 0.0 0.0 
0.0 281.0 0.0 229.0 386.0 0.0 104.0 0.0 0.0 0.0 0.0 0.0 0.0 0.0 0.0 0.0 287.0 0.0 0.0 0.0 0.0 334.0 0.0 0.0 
0.0 0.0 195.0 0.0 0.0 0.0 0.0 0.0 0.0 0.0 22.0 0.0 0.0 0.0 0.0 0.0 0.0 204.0 0.0 210.0 334.0 0.0 301.0 0.0 
0.0 0.0 0.0 0.0 0.0 0.0 0.0 0.0 0.0 0.0 0.0 0.0 234.0 289.0 5.0 0.0 0.0 0.0 0.0 0.0 0.0 301.0 0.0 313.0 
244.0 0.0 0.0 0.0 320.0 0.0 0.0 0.0 23.0 202.0 0.0 0.0 0.0 0.0 0.0 0.0 0.0 0.0 261.0 0.0 0.0 0.0 313.0 0.0 
