q
35.0 1032.0 1542.0 446.0 979.0 351.0 613.0 426.0 770.0 1.0 742.0 811.0 1178.0 132.0 1643.0 466.0 149.0 508.0 546.0 612.0 1715.0 1923.0 1107.0 1467.0 
l
0.0 16.0 0.0 0.0 0.0 0.0 0.0 0.0 0.0 0.0 0.0 0.0 0.0 0.0 17.0 2.0 0.0 0.0 0.0 0.0 0.0 0.0 0.0 0.0 
16.0 0.0 335.0 0.0 170.0 0.0 0.0 162.0 0.0 0.0 0.0 0.0 0.0 0.0 195.0 113.0 0.0 0.0 0.0 0.0 0.0 0.0 0.0 0.0 
0.0 335.0 0.0 0.0 0.0 0.0 0.0 0.0 0.0 0.0 0.0 0.0 356.0 0.0 0.0 0.0 71.0 169.0 0.0 204.0 0.0 331.0 0.0 0.0 
0.0 0.0 0.0 0.0 0.0 0.0 44.0 0.0 106.0 0.0 0.0 0.0 0.0 0.0 0.0 0.0 0.0 0.0 0.0 0.0 0.0 270.0 0.0 0.0 
0.0 170.0 0.0 0.0 0.0 0.0 0.0 0.0 0.0 0.0 0.0 202.0 228.0 0.0 225.0 111.0 0.0 0.0 0.0 0.0 0.0 0.0 0.0 0.0 
0.0 0.0 0.0 0.0 0.0 0.0 0.0 0.0 0.0 0.0 0.0 76.0 0.0 0.0 0.0 0.0 0.0 0.0 81.0 0.0 0.0 0.0 0.0 173.0 
0.0 0.0 0.0 44.0 0.0 0.0 0.0 0.0 81.0 0.0 163.0 0.0 0.0 0.0 0.0 0.0 0.0 0.0 0.0 0.0 0.0 293.0 0.0 0.0 
0.0 162.0 0.0 0.0 0.0 0.0 0.0 0.0 0.0 0.0 0.0 0.0 0.0 0.0 0.0 0.0 0.0 0.0 0.0 67.0 169.0 0.0 0.0 0.0 
0.0 0.0 0.0 106.0 0.0 0.0 81.0 0.0 0.0 0.0 175.0 0.0 0.0 0.0 0.0 0.0 0.0 0.0 0.0 0.0 352.0 0.0 0.0 0.0 
0.0 0.0 0.0 0.0 0.0 0.0 0.0 0.0 0.0 0.0 0.0 0.0 0.0 0.0 0.0 0.0 0.0 0.0 0.0 0.0 0.0 0.0 0.0 1.0 
0.0 0.0 0.0 0.0 0.0 0.0 163.0 0.0 175.0 0.0 0.0 0.0 0.0 0.0 0.0 0.0 0.0 0.0 0.0 0.0 0.0 0.0 0.0 354.0 
0.0 0.0 0.0 0.0 202.0 76.0 0.0 0.0 0.0 0.0 0.0 0.0 184.0 0.0 0.0 0.0 0.0 0.0 93.0 0.0 0.0 0.0 0.0 213.0 
0.0 0.0 356.0 0.0 228.0 0.0 0.0 0.0 0.0 0.0 0.0 184.0 0.0 0.0 0.0 0.0 32.0 0.0 157.0 0.0 0.0 0.0 172.0 0.0 
0.0 0.0 0.0 0.0 0.0 0.0 0.0 0.0 0.0 0.0 0.0 0.0 0.0 0.0 0.0 0.0 0.0 37.0 0.0 19.0 67.0 0.0 0.0 0.0 
17.0 195.0 0.0 0.0 225.0 0.0 0.0 0.0 0.0 0.0 0.0 0.0 0.0 0.0 0.0 211.0 0.0 0.0 0.0 0.0 498.0 0.0 0.0 418.0 
2.0 113.0 0.0 0.0 111.0 0.0 0.0 0.0 0.0 0.0 0.0 0.0 0.0 0.0 211.0 0.0 0.0 0.0 0.0 0.0 0.0 0.0 0.0 0.0 
0.0 0.0 71.0 0.0 0.0 0.0 0.0 0.0 0.0 0.0 0.0 0.0 32.0 0.0 0.0 0.0 0.0 0.0 0.0 0.0 0.0 0.0 43.0 0.0 
0.0 0.0 169.0 0.0 0.0 0.0 0.0 0.0 0.0 0.0 0.0 0.0 0.0 37.0 0.0 0.0 0.0 0.0 0.0 77.0 0.0 200.0 0.0 0.0 
0.0 0.0 0.0 0.0 0.0 81.0 0.0 0.0 0.0 0.0 0.0 93.0 157.0 0.0 0.0 0.0 0.0 0.0 0.0 0.0 0.0 0.0 190.0 0.0 
0.0 0.0 204.0 0.0 0.0 0.0 0.0 67.0 0.0 0.0 0.0 0.0 0.0 19.0 0.0 0.0 0.0 77.0 0.0 0.0 217.0 0.0 0.0 0.0 
0.0 0.0 0.0 0.0 0.0 0.0 0.0 169.0 352.0 0.0 0.0 0.0 0.0 67.0 498.0 0.0 0.0 0.0 0.0 217.0 0.0 321.0 0.0 0.0 
0.0 0.0 331.0 270.0 0.0 0.0 293.0 0.0 0.0 0.0 0.0 0.0 0.0 0.0 0.0 0.0 0.0 200.0 0.0 0.0 321.0 0.0 412.0 0.0 
0.0 0.0 0.0 0.0 0.0 0.0 0.0 0.0 0.0 0.0 0.0 0.0 172.0 0.0 0.0 0.0 43.0 0.0 190.0 0.0 0.0 412.0 0.0 232.0 
0.0 0.0 0.0 0.0 0.0 173.0 0.0 0.0 0.0 1.0 354.0 213.0 0.0 0.0 418.0 0.0 0.0 0.0 0.0 0.0 0.0 0.0 232.0 0.0 
