q
1510.0 1809.0 706.0 314.0 166.0 511.0 6.0 453.0 1954.0 1643.0 544.0 592.0 2192.0 1217.0 458.0 404.0 576.0 1086.0 373.0 63.0 1094.0 298.0 0.0 0.0 1363.0 
l
0.0 238.0 0.0 0.0 106.0 0.0 0.0 0.0 318.0 0.0 0.0 201.0 0.0 0.0 0.0 268.0 0.0 0.0 0.0 0.0 0.0 0.0 0.0 0.0 303.0 
238.0 0.0 293.0 0.0 0.0 0.0 0.0 0.0 242.0 0.0 0.0 240.0 0.0 0.0 0.0 0.0 0.0 417.0 0.0 0.0 286.0 0.0 0.0 0.0 0.0 
0.0 293.0 0.0 0.0 47.0 0.0 0.0 0.0 0.0 0.0 0.0 0.0 0.0 0.0 0.0 103.0 0.0 0.0 0.0 0.0 0.0 0.0 0.0 0.0 215.0 
0.0 0.0 0.0 0.0 0.0 0.0 0.0 0.0 0.0 0.0 0.0 0.0 0.0 0.0 37.0 0.0 90.0 170.0 0.0 2.0 0.0 0.0 0.0 0.0 0.0 
106.0 0.0 47.0 0.0 0.0 0.0 0.0 0.0 0.0 0.0 0.0 0.0 0.0 0.0 0.0 5.0 0.0 0.0 0.0 0.0 0.0 0.0 0.0 0.0 0.0 
0.0 0.0 0.0 0.0 0.0 0.0 1.0 0.0 0.0 0.0 24.0 0.0 304.0 97.0 0.0 0.0 0.0 0.0 56.0 0.0 0.0 0.0 0.0 0.0 0.0 
0.0 0.0 0.0 0.0 0.0 1.0 0.0 0.0 0.0 0.0 3.0 0.0 0.0 0.0 0.0 0.0 0.0 0.0 1.0 0.0 0.0 0.0 0.0 0.0 0.0 
0.0 0.0 0.0 0.0 0.0 0.0 0.0 0.0 308.0 0.0 0.0 114.0 0.0 0.0 0.0 0.0 0.0 0.0 0.0 0.0 0.0 0.0 0.0 0.0 0.0 
318.0 242.0 0.0 0.0 0.0 0.0 0.0 308.0 0.0 366.0 0.0 0.0 431.0 0.0 0.0 0.0 0.0 0.0 0.0 0.0 0.0 0.0 0.0 0.0 206.0 
0.0 0.0 0.0 0.0 0.0 0.0 0.0 0.0 366.0 0.0 0.0 0.0 451.0 0.0 241.0 0.0 168.0 236.0 0.0 0.0 116.0 0.0 0.0 0.0 0.0 
0.0 0.0 0.0 0.0 0.0 24.0 3.0 0.0 0.0 0.0 0.0 0.0 313.0 99.0 0.0 0.0 0.0 0.0 74.0 0.0 0.0 0.0 0.0 0.0 0.0 
201.0 240.0 0.0 0.0 0.0 0.0 0.0 114.0 0.0 0.0 0.0 0.0 0.0 0.0 0.0 0.0 0.0 0.0 0.0 0.0 0.0 0.0 0.0 0.0 0.0 
0.0 0.0 0.0 0.0 0.0 304.0 0.0 0.0 431.0 451.0 313.0 0.0 0.0 304.0 0.0 0.0 0.0 0.0 0.0 0.0 290.0 0.0 0.0 0.0 0.0 
0.0 0.0 0.0 0.0 0.0 97.0 0.0 0.0 0.0 0.0 99.0 0.0 304.0 0.0 0.0 0.0 0.0 0.0 220.0 0.0 0.0 0.0 0.0 0.0 432.0 
0.0 0.0 0.0 37.0 0.0 0.0 0.0 0.0 0.0 241.0 0.0 0.0 0.0 0.0 0.0 0.0 35.0 112.0 0.0 14.0 0.0 0.0 0.0 0.0 0.0 
268.0 0.0 103.0 0.0 5.0 0.0 0.0 0.0 0.0 0.0 0.0 0.0 0.0 0.0 0.0 0.0 0.0 0.0 0.0 0.0 0.0 0.0 0.0 0.0 0.0 
0.0 0.0 0.0 90.0 0.0 0.0 0.0 0.0 0.0 168.0 0.0 0.0 0.0 0.0 35.0 0.0 0.0 65.0 0.0 0.0 195.0 0.0 0.0 0.0 0.0 
0.0 417.0 0.0 170.0 0.0 0.0 0.0 0.0 0.0 236.0 0.0 0.0 0.0 0.0 112.0 0.0 65.0 0.0 0.0 43.0 0.0 0.0 0.0 0.0 0.0 
0.0 0.0 0.0 0.0 0.0 56.0 1.0 0.0 0.0 0.0 74.0 0.0 0.0 220.0 0.0 0.0 0.0 0.0 0.0 0.0 0.0 0.0 0.0 0.0 0.0 
0.0 0.0 0.0 2.0 0.0 0.0 0.0 0.0 0.0 0.0 0.0 0.0 0.0 0.0 14.0 0.0 0.0 43.0 0.0 0.0 0.0 0.0 0.0 0.0 0.0 
0.0 286.0 0.0 0.0 0.0 0.0 0.0 0.0 0.0 116.0 0.0 0.0 290.0 0.0 0.0 0.0 195.0 0.0 0.0 0.0 0.0 141.0 0.0 0.0 0.0 
0.0 0.0 0.0 0.0 0.0 0.0 0.0 0.0 0.0 0.0 0.0 0.0 0.0 0.0 0.0 0.0 0.0 0.0 0.0 0.0 141.0 0.0 0.0 0.0 134.0 
0.0 0.0 0.0 0.0 0.0 0.0 0.0 0.0 0.0 0.0 0.0 0.0 0.0 0.0 0.0 0.0 0.0 0.0 0.0 0.0 0.0 0.0 0.0 0.0 0.0 
0.0 0.0 0.0 0.0 0.0 0.0 0.0 0.0 0.0 0.0 0.0 0.0 0.0 0.0 0.0 0.0 0.0 0.0 0.0 0.0 0.0 0.0 0.0 0.0 0.0 
303.0 0.0 215.0 0.0 0.0 0.0 0.0 0.0 206.0 0.0 0.0 0.0 0.0 432.0 0.0 0.0 0.0 0.0 0.0 0.0 0.0 134.0 0.0 0.0 0.0 
