q
1184.0 456.0 764.0 285.0 69.0 410.0 689.0 1.0 601.0 1923.0 543.0 649.0 330.0 86.0 1804.0 679.0 869.0 925.0 360.0 394.0 1779.0 1769.0 1317.0 1514.0 
l
0.0 0.0 0.0 0.0 0.0 129.0 0.0 0.0 112.0 446.0 0.0 0.0 0.0 0.0 179.0 0.0 106.0 0.0 0.0 149.0 0.0 0.0 0.0 0.0 
0.0 0.0 0.0 0.0 0.0 0.0 0.0 0.0 101.0 0.0 0.0 0.0 0.0 0.0 0.0 0.0 109.0 0.0 0.0 0.0 225.0 0.0 0.0 0.0 
0.0 0.0 0.0 64.0 0.0 0.0 0.0 0.0 0.0 0.0 92.0 133.0 0.0 0.0 0.0 0.0 0.0 178.0 0.0 0.0 0.0 0.0 253.0 0.0 
0.0 0.0 64.0 0.0 0.0 0.0 0.0 0.0 0.0 0.0 29.0 0.0 0.0 0.0 0.0 0.0 0.0 0.0 0.0 0.0 0.0 175.0 0.0 0.0 
0.0 0.0 0.0 0.0 0.0 0.0 21.0 0.0 0.0 0.0 0.0 0.0 0.0 0.0 0.0 0.0 0.0 0.0 9.0 0.0 0.0 0.0 0.0 34.0 
129.0 0.0 0.0 0.0 0.0 0.0 0.0 0.0 46.0 0.0 0.0 0.0 0.0 0.0 193.0 0.0 0.0 0.0 0.0 20.0 0.0 0.0 0.0 0.0 
0.0 0.0 0.0 0.0 21.0 0.0 0.0 0.0 0.0 290.0 0.0 0.0 0.0 0.0 0.0 0.0 0.0 0.0 101.0 0.0 0.0 0.0 0.0 239.0 
0.0 0.0 0.0 0.0 0.0 0.0 0.0 0.0 0.0 0.0 0.0 0.0 0.0 0.0 0.0 0.0 0.0 0.0 0.0 0.0 1.0 0.0 0.0 0.0 
112.0 101.0 0.0 0.0 0.0 46.0 0.0 0.0 0.0 0.0 0.0 0.0 0.0 0.0 197.0 0.0 115.0 0.0 0.0 0.0 0.0 0.0 0.0 0.0 
446.0 0.0 0.0 0.0 0.0 0.0 290.0 0.0 0.0 0.0 0.0 0.0 126.0 0.0 0.0 274.0 276.0 0.0 0.0 0.0 0.0 413.0 0.0 0.0 
0.0 0.0 92.0 29.0 0.0 0.0 0.0 0.0 0.0 0.0 0.0 0.0 0.0 0.0 0.0 0.0 0.0 113.0 0.0 0.0 0.0 278.0 0.0 0.0 
0.0 0.0 133.0 0.0 0.0 0.0 0.0 0.0 0.0 0.0 0.0 0.0 0.0 0.0 0.0 0.0 0.0 157.0 0.0 0.0 0.0 0.0 0.0 318.0 
0.0 0.0 0.0 0.0 0.0 0.0 0.0 0.0 0.0 126.0 0.0 0.0 0.0 0.0 0.0 56.0 0.0 0.0 0.0 0.0 0.0 137.0 0.0 0.0 
0.0 0.0 0.0 0.0 0.0 0.0 0.0 0.0 0.0 0.0 0.0 0.0 0.0 0.0 0.0 27.0 0.0 0.0 14.0 0.0 0.0 0.0 42.0 0.0 
179.0 0.0 0.0 0.0 0.0 193.0 0.0 0.0 197.0 0.0 0.0 0.0 0.0 0.0 0.0 0.0 0.0 0.0 0.0 202.0 413.0 0.0 0.0 509.0 
0.0 0.0 0.0 0.0 0.0 0.0 0.0 0.0 0.0 274.0 0.0 0.0 56.0 27.0 0.0 0.0 0.0 0.0 73.0 0.0 0.0 0.0 204.0 0.0 
106.0 109.0 0.0 0.0 0.0 0.0 0.0 0.0 115.0 276.0 0.0 0.0 0.0 0.0 0.0 0.0 0.0 0.0 0.0 0.0 220.0 0.0 0.0 0.0 
0.0 0.0 178.0 0.0 0.0 0.0 0.0 0.0 0.0 0.0 113.0 157.0 0.0 0.0 0.0 0.0 0.0 0.0 0.0 0.0 421.0 0.0 0.0 0.0 
0.0 0.0 0.0 0.0 9.0 0.0 101.0 0.0 0.0 0.0 0.0 0.0 0.0 14.0 0.0 73.0 0.0 0.0 0.0 0.0 0.0 0.0 141.0 0.0 
149.0 0.0 0.0 0.0 0.0 20.0 0.0 0.0 0.0 0.0 0.0 0.0 0.0 0.0 202.0 0.0 0.0 0.0 0.0 0.0 0.0 0.0 0.0 0.0 
0.0 225.0 0.0 0.0 0.0 0.0 0.0 1.0 0.0 0.0 0.0 0.0 0.0 0.0 413.0 0.0 220.0 421.0 0.0 0.0 0.0 403.0 0.0 0.0 
0.0 0.0 0.0 175.0 0.0 0.0 0.0 0.0 0.0 413.0 278.0 0.0 137.0 0.0 0.0 0.0 0.0 0.0 0.0 0.0 403.0 0.0 281.0 0.0 
0.0 0.0 253.0 0.0 0.0 0.0 0.0 0.0 0.0 0.0 0.0 0.0 0.0 42.0 0.0 204.0 0.0 0.0 141.0 0.0 0.0 281.0 0.0 324.0 
0.0 0.0 0.0 0.0 34.0 0.0 239.0 0.0 0.0 0.0 0.0 318.0 0.0 0.0 509.0 0.0 0.0 0.0 0.0 0.0 0.0 0.0 324.0 0.0 
