q
819.0 983.0 1.0 417.0 1871.0 379.0 501.0 179.0 517.0 2427.0 2217.0 619.0 412.0 595.0 493.0 489.0 1048.0 16.0 766.0 167.0 1287.0 331.0 1924.0 712.0 
l
0.0 0.0 0.0 0.0 445.0 0.0 0.0 0.0 0.0 0.0 0.0 0.0 0.0 175.0 0.0 148.0 0.0 0.0 0.0 0.0 0.0 0.0 0.0 0.0 
0.0 0.0 0.0 0.0 0.0 0.0 0.0 64.0 0.0 0.0 332.0 0.0 0.0 0.0 144.0 0.0 114.0 7.0 0.0 0.0 267.0 0.0 0.0 0.0 
0.0 0.0 0.0 0.0 0.0 0.0 1.0 0.0 0.0 0.0 0.0 0.0 0.0 0.0 0.0 0.0 0.0 0.0 0.0 0.0 0.0 0.0 0.0 0.0 
0.0 0.0 0.0 0.0 0.0 0.0 0.0 0.0 0.0 0.0 0.0 0.0 0.0 0.0 0.0 0.0 0.0 0.0 138.0 0.0 0.0 0.0 251.0 0.0 
445.0 0.0 0.0 0.0 0.0 0.0 230.0 0.0 0.0 0.0 279.0 157.0 0.0 0.0 0.0 0.0 0.0 0.0 0.0 0.0 320.0 0.0 345.0 0.0 
0.0 0.0 0.0 0.0 0.0 0.0 0.0 0.0 0.0 269.0 0.0 0.0 16.0 39.0 0.0 40.0 0.0 0.0 0.0 0.0 0.0 0.0 0.0 0.0 
0.0 0.0 1.0 0.0 230.0 0.0 0.0 0.0 0.0 0.0 0.0 71.0 0.0 0.0 0.0 0.0 0.0 0.0 0.0 18.0 155.0 0.0 0.0 0.0 
0.0 64.0 0.0 0.0 0.0 0.0 0.0 0.0 0.0 0.0 0.0 0.0 0.0 0.0 27.0 0.0 73.0 0.0 0.0 0.0 0.0 0.0 0.0 0.0 
0.0 0.0 0.0 0.0 0.0 0.0 0.0 0.0 0.0 0.0 179.0 0.0 0.0 0.0 0.0 0.0 122.0 0.0 0.0 0.0 0.0 0.0 196.0 0.0 
0.0 0.0 0.0 0.0 0.0 269.0 0.0 0.0 0.0 0.0 699.0 0.0 306.0 261.0 0.0 247.0 0.0 0.0 0.0 0.0 0.0 0.0 531.0 0.0 
0.0 332.0 0.0 0.0 279.0 0.0 0.0 0.0 179.0 699.0 0.0 288.0 0.0 0.0 0.0 0.0 340.0 0.0 0.0 0.0 0.0 0.0 0.0 0.0 
0.0 0.0 0.0 0.0 157.0 0.0 71.0 0.0 0.0 0.0 288.0 0.0 0.0 0.0 0.0 0.0 0.0 0.0 0.0 71.0 0.0 0.0 0.0 0.0 
0.0 0.0 0.0 0.0 0.0 16.0 0.0 0.0 0.0 306.0 0.0 0.0 0.0 67.0 0.0 0.0 0.0 0.0 0.0 0.0 0.0 0.0 0.0 0.0 
175.0 0.0 0.0 0.0 0.0 39.0 0.0 0.0 0.0 261.0 0.0 0.0 67.0 0.0 0.0 33.0 0.0 0.0 0.0 0.0 0.0 0.0 0.0 0.0 
0.0 144.0 0.0 0.0 0.0 0.0 0.0 27.0 0.0 0.0 0.0 0.0 0.0 0.0 0.0 0.0 154.0 2.0 132.0 0.0 0.0 0.0 0.0 0.0 
148.0 0.0 0.0 0.0 0.0 40.0 0.0 0.0 0.0 247.0 0.0 0.0 0.0 33.0 0.0 0.0 0.0 0.0 0.0 0.0 0.0 0.0 0.0 0.0 
0.0 114.0 0.0 0.0 0.0 0.0 0.0 73.0 122.0 0.0 340.0 0.0 0.0 0.0 154.0 0.0 0.0 0.0 0.0 0.0 0.0 0.0 0.0 189.0 
0.0 7.0 0.0 0.0 0.0 0.0 0.0 0.0 0.0 0.0 0.0 0.0 0.0 0.0 2.0 0.0 0.0 0.0 5.0 0.0 0.0 0.0 0.0 0.0 
0.0 0.0 0.0 138.0 0.0 0.0 0.0 0.0 0.0 0.0 0.0 0.0 0.0 0.0 132.0 0.0 0.0 5.0 0.0 0.0 275.0 0.0 0.0 173.0 
0.0 0.0 0.0 0.0 0.0 0.0 18.0 0.0 0.0 0.0 0.0 71.0 0.0 0.0 0.0 0.0 0.0 0.0 0.0 0.0 71.0 0.0 0.0 0.0 
0.0 267.0 0.0 0.0 320.0 0.0 155.0 0.0 0.0 0.0 0.0 0.0 0.0 0.0 0.0 0.0 0.0 0.0 275.0 71.0 0.0 121.0 0.0 0.0 
0.0 0.0 0.0 0.0 0.0 0.0 0.0 0.0 0.0 0.0 0.0 0.0 0.0 0.0 0.0 0.0 0.0 0.0 0.0 0.0 121.0 0.0 180.0 0.0 
0.0 0.0 0.0 251.0 345.0 0.0 0.0 0.0 196.0 531.0 0.0 0.0 0.0 0.0 0.0 0.0 0.0 0.0 0.0 0.0 0.0 180.0 0.0 319.0 
0.0 0.0 0.0 0.0 0.0 0.0 0.0 0.0 0.0 0.0 0.0 0.0 0.0 0.0 0.0 0.0 189.0 0.0 173.0 0.0 0.0 0.0 319.0 0.0 
