q
507.0 608.0 454.0 1840.0 812.0 60.0 778.0 489.0 1051.0 598.0 366.0 657.0 701.0 1.0 1679.0 12.0 1024.0 14.0 432.0 1031.0 2129.0 785.0 1521.0 1279.0 
l
0.0 0.0 0.0 0.0 70.0 0.0 0.0 0.0 126.0 0.0 0.0 0.0 0.0 0.0 0.0 0.0 0.0 0.0 0.0 104.0 0.0 0.0 175.0 0.0 
0.0 0.0 0.0 148.0 0.0 0.0 0.0 0.0 0.0 117.0 0.0 43.0 0.0 0.0 188.0 0.0 0.0 0.0 88.0 0.0 0.0 0.0 0.0 0.0 
0.0 0.0 0.0 0.0 0.0 16.0 0.0 0.0 0.0 0.0 0.0 0.0 0.0 0.0 0.0 0.0 157.0 4.0 0.0 107.0 0.0 0.0 152.0 0.0 
0.0 148.0 0.0 0.0 0.0 0.0 0.0 0.0 0.0 0.0 237.0 141.0 0.0 0.0 0.0 0.0 0.0 0.0 237.0 0.0 557.0 0.0 0.0 423.0 
70.0 0.0 0.0 0.0 0.0 0.0 142.0 141.0 161.0 0.0 0.0 0.0 0.0 0.0 0.0 4.0 0.0 0.0 0.0 0.0 0.0 0.0 248.0 0.0 
0.0 0.0 16.0 0.0 0.0 0.0 0.0 0.0 0.0 0.0 0.0 0.0 0.0 0.0 0.0 0.0 13.0 0.0 0.0 0.0 0.0 0.0 0.0 29.0 
0.0 0.0 0.0 0.0 142.0 0.0 0.0 158.0 125.0 0.0 0.0 0.0 0.0 0.0 0.0 0.0 0.0 0.0 0.0 0.0 311.0 0.0 0.0 0.0 
0.0 0.0 0.0 0.0 141.0 0.0 158.0 0.0 0.0 0.0 0.0 0.0 0.0 0.0 0.0 2.0 0.0 0.0 0.0 0.0 0.0 159.0 0.0 0.0 
126.0 0.0 0.0 0.0 161.0 0.0 125.0 0.0 0.0 0.0 0.0 0.0 133.0 0.0 0.0 0.0 0.0 0.0 0.0 195.0 263.0 0.0 0.0 0.0 
0.0 117.0 0.0 0.0 0.0 0.0 0.0 0.0 0.0 0.0 0.0 0.0 0.0 0.0 189.0 0.0 117.0 0.0 0.0 0.0 0.0 0.0 0.0 142.0 
0.0 0.0 0.0 237.0 0.0 0.0 0.0 0.0 0.0 0.0 0.0 90.0 0.0 0.0 0.0 0.0 0.0 0.0 22.0 0.0 0.0 0.0 0.0 0.0 
0.0 43.0 0.0 141.0 0.0 0.0 0.0 0.0 0.0 0.0 90.0 0.0 0.0 0.0 297.0 0.0 0.0 0.0 59.0 0.0 0.0 0.0 0.0 0.0 
0.0 0.0 0.0 0.0 0.0 0.0 0.0 0.0 133.0 0.0 0.0 0.0 0.0 0.0 226.0 0.0 0.0 0.0 0.0 164.0 151.0 0.0 0.0 0.0 
0.0 0.0 0.0 0.0 0.0 0.0 0.0 0.0 0.0 0.0 0.0 0.0 0.0 0.0 0.0 0.0 0.0 0.0 0.0 0.0 0.0 1.0 0.0 0.0 
0.0 188.0 0.0 0.0 0.0 0.0 0.0 0.0 0.0 189.0 0.0 297.0 226.0 0.0 0.0 0.0 302.0 0.0 0.0 0.0 404.0 0.0 0.0 0.0 
0.0 0.0 0.0 0.0 4.0 0.0 0.0 2.0 0.0 0.0 0.0 0.0 0.0 0.0 0.0 0.0 0.0 0.0 0.0 0.0 0.0 5.0 0.0 0.0 
0.0 0.0 157.0 0.0 0.0 13.0 0.0 0.0 0.0 117.0 0.0 0.0 0.0 0.0 302.0 0.0 0.0 0.0 0.0 234.0 0.0 0.0 0.0 158.0 
0.0 0.0 4.0 0.0 0.0 0.0 0.0 0.0 0.0 0.0 0.0 0.0 0.0 0.0 0.0 0.0 0.0 0.0 0.0 0.0 0.0 0.0 0.0 10.0 
0.0 88.0 0.0 237.0 0.0 0.0 0.0 0.0 0.0 0.0 22.0 59.0 0.0 0.0 0.0 0.0 0.0 0.0 0.0 0.0 0.0 0.0 0.0 0.0 
104.0 0.0 107.0 0.0 0.0 0.0 0.0 0.0 195.0 0.0 0.0 0.0 164.0 0.0 0.0 0.0 234.0 0.0 0.0 0.0 0.0 0.0 184.0 0.0 
0.0 0.0 0.0 557.0 0.0 0.0 311.0 0.0 263.0 0.0 0.0 0.0 151.0 0.0 404.0 0.0 0.0 0.0 0.0 0.0 0.0 337.0 0.0 0.0 
0.0 0.0 0.0 0.0 0.0 0.0 0.0 159.0 0.0 0.0 0.0 0.0 0.0 1.0 0.0 5.0 0.0 0.0 0.0 0.0 337.0 0.0 230.0 0.0 
175.0 0.0 152.0 0.0 248.0 0.0 0.0 0.0 0.0 0.0 0.0 0.0 0.0 0.0 0.0 0.0 0.0 0.0 0.0 184.0 0.0 230.0 0.0 437.0 
0.0 0.0 0.0 423.0 0.0 29.0 0.0 0.0 0.0 142.0 0.0 0.0 0.0 0.0 0.0 0.0 158.0 10.0 0.0 0.0 0.0 0.0 437.0 0.0 
