q
323.0 1152.0 57.0 1031.0 477.0 681.0 518.0 161.0 655.0 431.0 163.0 1697.0 780.0 690.0 823.0 580.0 1090.0 712.0 551.0 1.0 1925.0 2000.0 713.0 1283.0 
l
0.0 0.0 0.0 0.0 0.0 0.0 0.0 0.0 79.0 0.0 0.0 0.0 0.0 0.0 125.0 0.0 0.0 0.0 0.0 0.0 0.0 0.0 104.0 0.0 
0.0 0.0 0.0 0.0 115.0 170.0 157.0 0.0 0.0 0.0 0.0 0.0 173.0 130.0 0.0 0.0 0.0 0.0 0.0 0.0 359.0 0.0 0.0 0.0 
0.0 0.0 0.0 0.0 0.0 16.0 0.0 6.0 0.0 0.0 0.0 0.0 0.0 0.0 0.0 0.0 0.0 0.0 0.0 0.0 0.0 0.0 0.0 30.0 
0.0 0.0 0.0 0.0 0.0 0.0 0.0 0.0 0.0 140.0 38.0 262.0 0.0 0.0 0.0 0.0 212.0 197.0 134.0 0.0 0.0 0.0 0.0 0.0 
0.0 115.0 0.0 0.0 0.0 0.0 0.0 0.0 0.0 0.0 0.0 0.0 0.0 101.0 0.0 0.0 0.0 0.0 0.0 0.0 236.0 0.0 0.0 0.0 
0.0 170.0 16.0 0.0 0.0 0.0 63.0 39.0 0.0 0.0 0.0 0.0 147.0 0.0 0.0 0.0 0.0 0.0 0.0 0.0 0.0 0.0 0.0 212.0 
0.0 157.0 0.0 0.0 0.0 63.0 0.0 0.0 0.0 0.0 0.0 0.0 0.0 102.0 0.0 0.0 0.0 0.0 0.0 0.0 0.0 0.0 0.0 170.0 
0.0 0.0 6.0 0.0 0.0 39.0 0.0 0.0 0.0 0.0 0.0 0.0 51.0 0.0 0.0 0.0 0.0 0.0 0.0 0.0 0.0 0.0 57.0 0.0 
79.0 0.0 0.0 0.0 0.0 0.0 0.0 0.0 0.0 0.0 0.0 0.0 0.0 0.0 139.0 0.0 180.0 0.0 0.0 0.0 0.0 0.0 0.0 221.0 
0.0 0.0 0.0 140.0 0.0 0.0 0.0 0.0 0.0 0.0 0.0 0.0 0.0 0.0 0.0 0.0 0.0 0.0 44.0 0.0 236.0 0.0 0.0 0.0 
0.0 0.0 0.0 38.0 0.0 0.0 0.0 0.0 0.0 0.0 0.0 81.0 0.0 0.0 0.0 0.0 39.0 0.0 0.0 0.0 0.0 0.0 0.0 0.0 
0.0 0.0 0.0 262.0 0.0 0.0 0.0 0.0 0.0 0.0 81.0 0.0 0.0 323.0 0.0 0.0 290.0 0.0 0.0 0.0 309.0 0.0 0.0 355.0 
0.0 173.0 0.0 0.0 0.0 147.0 0.0 51.0 0.0 0.0 0.0 0.0 0.0 0.0 0.0 0.0 0.0 0.0 0.0 0.0 0.0 353.0 0.0 0.0 
0.0 130.0 0.0 0.0 101.0 0.0 102.0 0.0 0.0 0.0 0.0 323.0 0.0 0.0 0.0 0.0 0.0 0.0 0.0 0.0 0.0 0.0 0.0 0.0 
125.0 0.0 0.0 0.0 0.0 0.0 0.0 0.0 139.0 0.0 0.0 0.0 0.0 0.0 0.0 81.0 169.0 0.0 0.0 0.0 0.0 271.0 0.0 0.0 
0.0 0.0 0.0 0.0 0.0 0.0 0.0 0.0 0.0 0.0 0.0 0.0 0.0 0.0 81.0 0.0 150.0 88.0 0.0 0.0 0.0 235.0 0.0 0.0 
0.0 0.0 0.0 212.0 0.0 0.0 0.0 0.0 180.0 0.0 39.0 290.0 0.0 0.0 169.0 150.0 0.0 0.0 0.0 0.0 0.0 0.0 0.0 0.0 
0.0 0.0 0.0 197.0 0.0 0.0 0.0 0.0 0.0 0.0 0.0 0.0 0.0 0.0 0.0 88.0 0.0 0.0 114.0 0.0 0.0 276.0 0.0 0.0 
0.0 0.0 0.0 134.0 0.0 0.0 0.0 0.0 0.0 44.0 0.0 0.0 0.0 0.0 0.0 0.0 0.0 114.0 0.0 0.0 244.0 0.0 0.0 0.0 
0.0 0.0 0.0 0.0 0.0 0.0 0.0 0.0 0.0 0.0 0.0 0.0 0.0 0.0 0.0 0.0 0.0 0.0 0.0 0.0 0.0 0.0 1.0 0.0 
0.0 359.0 0.0 0.0 236.0 0.0 0.0 0.0 0.0 236.0 0.0 309.0 0.0 0.0 0.0 0.0 0.0 0.0 244.0 0.0 0.0 465.0 0.0 0.0 
0.0 0.0 0.0 0.0 0.0 0.0 0.0 0.0 0.0 0.0 0.0 0.0 353.0 0.0 271.0 235.0 0.0 276.0 0.0 0.0 465.0 0.0 286.0 0.0 
104.0 0.0 0.0 0.0 0.0 0.0 0.0 57.0 0.0 0.0 0.0 0.0 0.0 0.0 0.0 0.0 0.0 0.0 0.0 1.0 0.0 286.0 0.0 229.0 
0.0 0.0 30.0 0.0 0.0 212.0 170.0 0.0 221.0 0.0 0.0 355.0 0.0 0.0 0.0 0.0 0.0 0.0 0.0 0.0 0.0 0.0 229.0 0.0 
