q
985.0 534.0 564.0 417.0 1290.0 623.0 1228.0 2.0 381.0 450.0 674.0 1945.0 28.0 57.0 720.0 1139.0 69.0 562.0 505.0 644.0 1385.0 1047.0 1893.0 1100.0 
l
0.0 0.0 0.0 94.0 0.0 0.0 224.0 0.0 0.0 0.0 0.0 267.0 0.0 0.0 155.0 0.0 0.0 130.0 0.0 86.0 0.0 0.0 0.0 0.0 
0.0 0.0 0.0 0.0 198.0 0.0 0.0 1.0 0.0 0.0 95.0 0.0 0.0 0.0 0.0 0.0 0.0 0.0 0.0 0.0 0.0 0.0 0.0 196.0 
0.0 0.0 0.0 0.0 0.0 49.0 0.0 0.0 0.0 0.0 92.0 0.0 0.0 0.0 0.0 167.0 0.0 0.0 0.0 0.0 0.0 0.0 231.0 0.0 
94.0 0.0 0.0 0.0 0.0 0.0 0.0 0.0 0.0 0.0 0.0 217.0 0.0 0.0 0.0 0.0 15.0 73.0 0.0 0.0 0.0 0.0 0.0 0.0 
0.0 198.0 0.0 0.0 0.0 0.0 0.0 0.0 0.0 159.0 202.0 414.0 0.0 0.0 0.0 256.0 0.0 0.0 0.0 0.0 0.0 0.0 0.0 0.0 
0.0 0.0 49.0 0.0 0.0 0.0 0.0 0.0 83.0 0.0 0.0 0.0 0.0 18.0 0.0 170.0 0.0 0.0 0.0 0.0 0.0 0.0 273.0 0.0 
224.0 0.0 0.0 0.0 0.0 0.0 0.0 0.0 0.0 0.0 0.0 0.0 15.0 0.0 176.0 0.0 0.0 0.0 164.0 150.0 0.0 0.0 448.0 0.0 
0.0 1.0 0.0 0.0 0.0 0.0 0.0 0.0 0.0 0.0 0.0 0.0 0.0 0.0 0.0 0.0 0.0 0.0 0.0 0.0 0.0 0.0 0.0 1.0 
0.0 0.0 0.0 0.0 0.0 83.0 0.0 0.0 0.0 0.0 0.0 0.0 0.0 1.0 0.0 119.0 0.0 0.0 0.0 0.0 0.0 158.0 0.0 0.0 
0.0 0.0 0.0 0.0 159.0 0.0 0.0 0.0 0.0 0.0 0.0 0.0 0.0 0.0 0.0 101.0 0.0 0.0 0.0 0.0 174.0 0.0 0.0 0.0 
0.0 95.0 92.0 0.0 202.0 0.0 0.0 0.0 0.0 0.0 0.0 0.0 0.0 0.0 0.0 0.0 0.0 0.0 0.0 0.0 0.0 0.0 255.0 0.0 
267.0 0.0 0.0 217.0 414.0 0.0 0.0 0.0 0.0 0.0 0.0 0.0 0.0 0.0 0.0 0.0 0.0 0.0 0.0 273.0 354.0 0.0 0.0 318.0 
0.0 0.0 0.0 0.0 0.0 0.0 15.0 0.0 0.0 0.0 0.0 0.0 0.0 0.0 0.0 0.0 0.0 0.0 3.0 0.0 0.0 0.0 0.0 10.0 
0.0 0.0 0.0 0.0 0.0 18.0 0.0 0.0 1.0 0.0 0.0 0.0 0.0 0.0 0.0 0.0 0.0 0.0 0.0 0.0 0.0 36.0 0.0 0.0 
155.0 0.0 0.0 0.0 0.0 0.0 176.0 0.0 0.0 0.0 0.0 0.0 0.0 0.0 0.0 0.0 0.0 122.0 0.0 0.0 0.0 238.0 0.0 0.0 
0.0 0.0 167.0 0.0 256.0 170.0 0.0 0.0 119.0 101.0 0.0 0.0 0.0 0.0 0.0 0.0 0.0 0.0 0.0 0.0 277.0 0.0 0.0 0.0 
0.0 0.0 0.0 15.0 0.0 0.0 0.0 0.0 0.0 0.0 0.0 0.0 0.0 0.0 0.0 0.0 0.0 13.0 0.0 0.0 38.0 0.0 0.0 0.0 
130.0 0.0 0.0 73.0 0.0 0.0 0.0 0.0 0.0 0.0 0.0 0.0 0.0 0.0 122.0 0.0 13.0 0.0 0.0 0.0 198.0 0.0 0.0 0.0 
0.0 0.0 0.0 0.0 0.0 0.0 164.0 0.0 0.0 0.0 0.0 0.0 3.0 0.0 0.0 0.0 0.0 0.0 0.0 107.0 0.0 0.0 0.0 209.0 
86.0 0.0 0.0 0.0 0.0 0.0 150.0 0.0 0.0 0.0 0.0 273.0 0.0 0.0 0.0 0.0 0.0 0.0 107.0 0.0 0.0 0.0 0.0 0.0 
0.0 0.0 0.0 0.0 0.0 0.0 0.0 0.0 0.0 174.0 0.0 354.0 0.0 0.0 0.0 277.0 38.0 198.0 0.0 0.0 0.0 269.0 0.0 0.0 
0.0 0.0 0.0 0.0 0.0 0.0 0.0 0.0 158.0 0.0 0.0 0.0 0.0 36.0 238.0 0.0 0.0 0.0 0.0 0.0 269.0 0.0 299.0 0.0 
0.0 0.0 231.0 0.0 0.0 273.0 448.0 0.0 0.0 0.0 255.0 0.0 0.0 0.0 0.0 0.0 0.0 0.0 0.0 0.0 0.0 299.0 0.0 295.0 
0.0 196.0 0.0 0.0 0.0 0.0 0.0 1.0 0.0 0.0 0.0 318.0 10.0 0.0 0.0 0.0 0.0 0.0 209.0 0.0 0.0 0.0 295.0 0.0 
