q
560.0 741.0 627.0 477.0 489.0 723.0 430.0 6.0 2013.0 76.0 870.0 859.0 798.0 1259.0 509.0 123.0 13.0 902.0 534.0 942.0 2059.0 1512.0 1050.0 1738.0 
l
0.0 112.0 0.0 44.0 0.0 0.0 0.0 0.0 0.0 0.0 0.0 117.0 0.0 0.0 0.0 0.0 0.0 0.0 0.0 0.0 0.0 0.0 0.0 264.0 
112.0 0.0 0.0 0.0 0.0 0.0 0.0 0.0 361.0 0.0 0.0 178.0 0.0 0.0 0.0 47.0 0.0 0.0 0.0 0.0 0.0 0.0 0.0 0.0 
0.0 0.0 0.0 0.0 121.0 62.0 65.0 0.0 217.0 0.0 0.0 0.0 0.0 0.0 0.0 0.0 0.0 0.0 0.0 134.0 0.0 0.0 0.0 0.0 
44.0 0.0 0.0 0.0 0.0 0.0 0.0 0.0 0.0 18.0 0.0 129.0 0.0 0.0 0.0 0.0 0.0 0.0 0.0 0.0 0.0 0.0 0.0 260.0 
0.0 0.0 121.0 0.0 0.0 0.0 0.0 0.0 0.0 0.0 0.0 0.0 0.0 0.0 0.0 0.0 0.0 0.0 0.0 89.0 252.0 0.0 0.0 0.0 
0.0 0.0 62.0 0.0 0.0 0.0 86.0 0.0 201.0 0.0 0.0 0.0 0.0 233.0 0.0 0.0 0.0 0.0 0.0 108.0 0.0 0.0 0.0 0.0 
0.0 0.0 65.0 0.0 0.0 86.0 0.0 0.0 252.0 0.0 0.0 0.0 0.0 0.0 0.0 0.0 0.0 0.0 0.0 0.0 0.0 0.0 0.0 0.0 
0.0 0.0 0.0 0.0 0.0 0.0 0.0 0.0 0.0 2.0 0.0 0.0 0.0 0.0 0.0 0.0 1.0 0.0 0.0 0.0 0.0 0.0 0.0 3.0 
0.0 361.0 217.0 0.0 0.0 201.0 252.0 0.0 0.0 0.0 0.0 0.0 0.0 0.0 0.0 0.0 0.0 0.0 0.0 0.0 480.0 0.0 0.0 393.0 
0.0 0.0 0.0 18.0 0.0 0.0 0.0 2.0 0.0 0.0 0.0 14.0 0.0 0.0 0.0 0.0 5.0 0.0 0.0 0.0 0.0 36.0 0.0 0.0 
0.0 0.0 0.0 0.0 0.0 0.0 0.0 0.0 0.0 0.0 0.0 0.0 138.0 260.0 0.0 0.0 0.0 120.0 116.0 0.0 0.0 0.0 187.0 0.0 
117.0 178.0 0.0 129.0 0.0 0.0 0.0 0.0 0.0 14.0 0.0 0.0 0.0 0.0 0.0 10.0 0.0 0.0 0.0 0.0 0.0 363.0 0.0 0.0 
0.0 0.0 0.0 0.0 0.0 0.0 0.0 0.0 0.0 0.0 138.0 0.0 0.0 151.0 0.0 0.0 0.0 128.0 0.0 130.0 211.0 0.0 0.0 0.0 
0.0 0.0 0.0 0.0 0.0 233.0 0.0 0.0 0.0 0.0 260.0 0.0 151.0 0.0 0.0 0.0 0.0 0.0 0.0 205.0 0.0 0.0 0.0 358.0 
0.0 0.0 0.0 0.0 0.0 0.0 0.0 0.0 0.0 0.0 0.0 0.0 0.0 0.0 0.0 0.0 0.0 155.0 85.0 0.0 0.0 237.0 0.0 0.0 
0.0 47.0 0.0 0.0 0.0 0.0 0.0 0.0 0.0 0.0 0.0 10.0 0.0 0.0 0.0 0.0 0.0 0.0 0.0 0.0 0.0 61.0 0.0 0.0 
0.0 0.0 0.0 0.0 0.0 0.0 0.0 1.0 0.0 5.0 0.0 0.0 0.0 0.0 0.0 0.0 0.0 0.0 0.0 0.0 0.0 0.0 7.0 0.0 
0.0 0.0 0.0 0.0 0.0 0.0 0.0 0.0 0.0 0.0 120.0 0.0 128.0 0.0 155.0 0.0 0.0 0.0 131.0 0.0 316.0 0.0 0.0 0.0 
0.0 0.0 0.0 0.0 0.0 0.0 0.0 0.0 0.0 0.0 116.0 0.0 0.0 0.0 85.0 0.0 0.0 131.0 0.0 0.0 0.0 0.0 182.0 0.0 
0.0 0.0 134.0 0.0 89.0 108.0 0.0 0.0 0.0 0.0 0.0 0.0 130.0 205.0 0.0 0.0 0.0 0.0 0.0 0.0 221.0 0.0 0.0 0.0 
0.0 0.0 0.0 0.0 252.0 0.0 0.0 0.0 480.0 0.0 0.0 0.0 211.0 0.0 0.0 0.0 0.0 316.0 0.0 221.0 0.0 473.0 0.0 0.0 
0.0 0.0 0.0 0.0 0.0 0.0 0.0 0.0 0.0 36.0 0.0 363.0 0.0 0.0 237.0 61.0 0.0 0.0 0.0 0.0 473.0 0.0 253.0 0.0 
0.0 0.0 0.0 0.0 0.0 0.0 0.0 0.0 0.0 0.0 187.0 0.0 0.0 0.0 0.0 0.0 7.0 0.0 182.0 0.0 0.0 253.0 0.0 371.0 
264.0 0.0 0.0 260.0 0.0 0.0 0.0 3.0 393.0 0.0 0.0 0.0 0.0 358.0 0.0 0.0 0.0 0.0 0.0 0.0 0.0 0.0 371.0 0.0 
