q
669.0 999.0 1071.0 557.0 674.0 23.0 627.0 528.0 1154.0 799.0 987.0 240.0 571.0 385.0 1.0 442.0 1287.0 464.0 507.0 221.0 1336.0 1914.0 1918.0 1688.0 
l
0.0 0.0 0.0 0.0 0.0 0.0 151.0 0.0 191.0 0.0 0.0 0.0 0.0 38.0 0.0 0.0 0.0 0.0 0.0 0.0 0.0 253.0 0.0 0.0 
0.0 0.0 0.0 88.0 127.0 0.0 0.0 0.0 0.0 167.0 0.0 94.0 131.0 0.0 0.0 0.0 0.0 0.0 0.0 0.0 0.0 345.0 0.0 0.0 
0.0 0.0 0.0 0.0 0.0 0.0 222.0 86.0 236.0 0.0 164.0 0.0 0.0 0.0 0.0 0.0 232.0 0.0 0.0 79.0 0.0 0.0 0.0 0.0 
0.0 88.0 0.0 0.0 0.0 0.0 0.0 0.0 0.0 118.0 0.0 0.0 0.0 0.0 0.0 89.0 0.0 0.0 0.0 0.0 0.0 228.0 0.0 0.0 
0.0 127.0 0.0 0.0 0.0 0.0 0.0 0.0 0.0 72.0 0.0 0.0 154.0 0.0 0.0 0.0 0.0 0.0 0.0 0.0 0.0 0.0 0.0 291.0 
0.0 0.0 0.0 0.0 0.0 0.0 0.0 1.0 0.0 0.0 0.0 0.0 0.0 0.0 0.0 0.0 14.0 0.0 7.0 0.0 0.0 0.0 0.0 0.0 
151.0 0.0 222.0 0.0 0.0 0.0 0.0 0.0 0.0 0.0 0.0 0.0 0.0 0.0 0.0 0.0 0.0 0.0 0.0 0.0 218.0 0.0 0.0 0.0 
0.0 0.0 86.0 0.0 0.0 1.0 0.0 0.0 0.0 0.0 132.0 0.0 0.0 0.0 0.0 0.0 148.0 0.0 97.0 39.0 0.0 0.0 0.0 0.0 
191.0 0.0 236.0 0.0 0.0 0.0 0.0 0.0 0.0 0.0 144.0 0.0 0.0 152.0 0.0 0.0 0.0 109.0 0.0 0.0 0.0 0.0 260.0 0.0 
0.0 167.0 0.0 118.0 72.0 0.0 0.0 0.0 0.0 0.0 0.0 0.0 0.0 0.0 0.0 105.0 0.0 0.0 0.0 0.0 0.0 0.0 0.0 296.0 
0.0 0.0 164.0 0.0 0.0 0.0 0.0 132.0 144.0 0.0 0.0 0.0 0.0 0.0 0.0 0.0 0.0 97.0 146.0 0.0 0.0 0.0 258.0 0.0 
0.0 94.0 0.0 0.0 0.0 0.0 0.0 0.0 0.0 0.0 0.0 0.0 16.0 0.0 0.0 0.0 0.0 0.0 0.0 0.0 115.0 0.0 0.0 0.0 
0.0 131.0 0.0 0.0 154.0 0.0 0.0 0.0 0.0 0.0 0.0 16.0 0.0 0.0 0.0 0.0 0.0 0.0 0.0 0.0 231.0 0.0 0.0 0.0 
38.0 0.0 0.0 0.0 0.0 0.0 0.0 0.0 152.0 0.0 0.0 0.0 0.0 0.0 0.0 0.0 0.0 0.0 0.0 0.0 0.0 174.0 0.0 0.0 
0.0 0.0 0.0 0.0 0.0 0.0 0.0 0.0 0.0 0.0 0.0 0.0 0.0 0.0 0.0 0.0 0.0 0.0 0.0 0.0 1.0 0.0 0.0 0.0 
0.0 0.0 0.0 89.0 0.0 0.0 0.0 0.0 0.0 105.0 0.0 0.0 0.0 0.0 0.0 0.0 0.0 0.0 0.0 0.0 0.0 0.0 218.0 0.0 
0.0 0.0 232.0 0.0 0.0 14.0 0.0 148.0 0.0 0.0 0.0 0.0 0.0 0.0 0.0 0.0 0.0 0.0 0.0 92.0 336.0 0.0 0.0 399.0 
0.0 0.0 0.0 0.0 0.0 0.0 0.0 0.0 109.0 0.0 97.0 0.0 0.0 0.0 0.0 0.0 0.0 0.0 0.0 0.0 0.0 0.0 232.0 0.0 
0.0 0.0 0.0 0.0 0.0 7.0 0.0 97.0 0.0 0.0 146.0 0.0 0.0 0.0 0.0 0.0 0.0 0.0 0.0 0.0 0.0 0.0 0.0 231.0 
0.0 0.0 79.0 0.0 0.0 0.0 0.0 39.0 0.0 0.0 0.0 0.0 0.0 0.0 0.0 0.0 92.0 0.0 0.0 0.0 0.0 0.0 0.0 0.0 
0.0 0.0 0.0 0.0 0.0 0.0 218.0 0.0 0.0 0.0 0.0 115.0 231.0 0.0 1.0 0.0 336.0 0.0 0.0 0.0 0.0 356.0 0.0 0.0 
253.0 345.0 0.0 228.0 0.0 0.0 0.0 0.0 0.0 0.0 0.0 0.0 0.0 174.0 0.0 0.0 0.0 0.0 0.0 0.0 356.0 0.0 475.0 0.0 
0.0 0.0 0.0 0.0 0.0 0.0 0.0 0.0 260.0 0.0 258.0 0.0 0.0 0.0 0.0 218.0 0.0 232.0 0.0 0.0 0.0 475.0 0.0 400.0 
0.0 0.0 0.0 0.0 291.0 0.0 0.0 0.0 0.0 296.0 0.0 0.0 0.0 0.0 0.0 0.0 399.0 0.0 231.0 0.0 0.0 0.0 400.0 0.0 
