q
301.0 552.0 514.0 781.0 645.0 952.0 138.0 52.0 1244.0 590.0 23.0 1286.0 426.0 614.0 1298.0 560.0 711.0 88.0 584.0 779.0 1746.0 1995.0 1674.0 1401.0 
l
0.0 0.0 0.0 0.0 0.0 0.0 0.0 0.0 0.0 0.0 0.0 0.0 0.0 18.0 123.0 0.0 0.0 0.0 0.0 0.0 0.0 0.0 0.0 141.0 
0.0 0.0 0.0 0.0 0.0 0.0 0.0 0.0 0.0 0.0 0.0 0.0 0.0 102.0 166.0 0.0 0.0 0.0 0.0 0.0 0.0 0.0 250.0 0.0 
0.0 0.0 0.0 110.0 0.0 0.0 16.0 0.0 165.0 0.0 0.0 134.0 0.0 0.0 0.0 0.0 0.0 0.0 0.0 70.0 0.0 0.0 0.0 0.0 
0.0 0.0 110.0 0.0 0.0 0.0 43.0 0.0 0.0 0.0 0.0 228.0 0.0 0.0 0.0 101.0 0.0 0.0 0.0 0.0 0.0 0.0 0.0 267.0 
0.0 0.0 0.0 0.0 0.0 0.0 0.0 0.0 0.0 0.0 0.0 136.0 0.0 0.0 0.0 0.0 0.0 0.0 103.0 112.0 0.0 264.0 0.0 0.0 
0.0 0.0 0.0 0.0 0.0 0.0 0.0 11.0 0.0 115.0 0.0 0.0 131.0 0.0 221.0 0.0 124.0 0.0 0.0 0.0 0.0 0.0 297.0 0.0 
0.0 0.0 16.0 43.0 0.0 0.0 0.0 0.0 69.0 0.0 0.0 0.0 0.0 0.0 0.0 0.0 0.0 0.0 0.0 0.0 0.0 0.0 0.0 0.0 
0.0 0.0 0.0 0.0 0.0 11.0 0.0 0.0 0.0 0.0 0.0 0.0 8.0 0.0 0.0 0.0 0.0 0.0 0.0 0.0 0.0 0.0 31.0 0.0 
0.0 0.0 165.0 0.0 0.0 0.0 69.0 0.0 0.0 0.0 0.0 0.0 0.0 0.0 0.0 0.0 0.0 37.0 0.0 208.0 371.0 0.0 0.0 333.0 
0.0 0.0 0.0 0.0 0.0 115.0 0.0 0.0 0.0 0.0 0.0 0.0 38.0 0.0 0.0 0.0 151.0 0.0 0.0 0.0 0.0 263.0 0.0 0.0 
0.0 0.0 0.0 0.0 0.0 0.0 0.0 0.0 0.0 0.0 0.0 0.0 0.0 0.0 0.0 0.0 0.0 6.0 1.0 0.0 15.0 0.0 0.0 0.0 
0.0 0.0 134.0 228.0 136.0 0.0 0.0 0.0 0.0 0.0 0.0 0.0 0.0 0.0 0.0 153.0 0.0 0.0 0.0 188.0 0.0 386.0 0.0 0.0 
0.0 0.0 0.0 0.0 0.0 131.0 0.0 8.0 0.0 38.0 0.0 0.0 0.0 0.0 0.0 0.0 0.0 0.0 0.0 0.0 0.0 228.0 0.0 0.0 
18.0 102.0 0.0 0.0 0.0 0.0 0.0 0.0 0.0 0.0 0.0 0.0 0.0 0.0 215.0 0.0 0.0 0.0 0.0 0.0 0.0 0.0 0.0 248.0 
123.0 166.0 0.0 0.0 0.0 221.0 0.0 0.0 0.0 0.0 0.0 0.0 0.0 215.0 0.0 0.0 144.0 0.0 0.0 0.0 363.0 0.0 0.0 0.0 
0.0 0.0 0.0 101.0 0.0 0.0 0.0 0.0 0.0 0.0 0.0 153.0 0.0 0.0 0.0 0.0 0.0 0.0 0.0 0.0 0.0 0.0 270.0 0.0 
0.0 0.0 0.0 0.0 0.0 124.0 0.0 0.0 0.0 151.0 0.0 0.0 0.0 0.0 144.0 0.0 0.0 0.0 0.0 0.0 259.0 0.0 0.0 0.0 
0.0 0.0 0.0 0.0 0.0 0.0 0.0 0.0 37.0 0.0 6.0 0.0 0.0 0.0 0.0 0.0 0.0 0.0 16.0 21.0 0.0 0.0 0.0 0.0 
0.0 0.0 0.0 0.0 103.0 0.0 0.0 0.0 0.0 0.0 1.0 0.0 0.0 0.0 0.0 0.0 0.0 16.0 0.0 140.0 285.0 0.0 0.0 0.0 
0.0 0.0 70.0 0.0 112.0 0.0 0.0 0.0 208.0 0.0 0.0 188.0 0.0 0.0 0.0 0.0 0.0 21.0 140.0 0.0 0.0 0.0 0.0 0.0 
0.0 0.0 0.0 0.0 0.0 0.0 0.0 0.0 371.0 0.0 15.0 0.0 0.0 0.0 363.0 0.0 259.0 0.0 285.0 0.0 0.0 364.0 0.0 0.0 
0.0 0.0 0.0 0.0 264.0 0.0 0.0 0.0 0.0 263.0 0.0 386.0 228.0 0.0 0.0 0.0 0.0 0.0 0.0 0.0 364.0 0.0 395.0 0.0 
0.0 250.0 0.0 0.0 0.0 297.0 0.0 31.0 0.0 0.0 0.0 0.0 0.0 0.0 0.0 270.0 0.0 0.0 0.0 0.0 0.0 395.0 0.0 333.0 
141.0 0.0 0.0 267.0 0.0 0.0 0.0 0.0 333.0 0.0 0.0 0.0 0.0 248.0 0.0 0.0 0.0 0.0 0.0 0.0 0.0 0.0 333.0 0.0 
