q
809.0 509.0 67.0 346.0 959.0 2176.0 591.0 467.0 1.0 999.0 662.0 333.0 877.0 1481.0 322.0 488.0 671.0 730.0 559.0 83.0 1855.0 2027.0 528.0 2096.0 
l
0.0 0.0 0.0 59.0 0.0 281.0 0.0 82.0 0.0 226.0 0.0 75.0 0.0 0.0 48.0 0.0 0.0 0.0 0.0 0.0 0.0 0.0 0.0 0.0 
0.0 0.0 13.0 0.0 149.0 0.0 35.0 0.0 1.0 0.0 0.0 0.0 0.0 0.0 0.0 0.0 0.0 0.0 0.0 0.0 0.0 0.0 0.0 278.0 
0.0 13.0 0.0 0.0 22.0 0.0 0.0 0.0 0.0 0.0 0.0 0.0 0.0 0.0 0.0 0.0 0.0 0.0 0.0 0.0 0.0 0.0 27.0 0.0 
59.0 0.0 0.0 0.0 0.0 0.0 0.0 23.0 0.0 0.0 0.0 0.0 0.0 0.0 48.0 0.0 0.0 0.0 0.0 0.0 190.0 0.0 0.0 0.0 
0.0 149.0 22.0 0.0 0.0 0.0 133.0 0.0 0.0 0.0 0.0 0.0 153.0 0.0 0.0 81.0 0.0 0.0 0.0 0.0 0.0 379.0 0.0 0.0 
281.0 0.0 0.0 0.0 0.0 0.0 0.0 0.0 0.0 0.0 0.0 222.0 416.0 0.0 186.0 0.0 0.0 0.0 0.0 0.0 400.0 0.0 0.0 554.0 
0.0 35.0 0.0 0.0 133.0 0.0 0.0 0.0 0.0 0.0 0.0 0.0 127.0 0.0 0.0 0.0 0.0 0.0 0.0 0.0 0.0 0.0 0.0 268.0 
82.0 0.0 0.0 23.0 0.0 0.0 0.0 0.0 0.0 121.0 0.0 0.0 0.0 0.0 0.0 0.0 0.0 0.0 0.0 0.0 217.0 0.0 0.0 0.0 
0.0 1.0 0.0 0.0 0.0 0.0 0.0 0.0 0.0 0.0 0.0 0.0 0.0 0.0 0.0 0.0 0.0 0.0 0.0 0.0 0.0 0.0 0.0 0.0 
226.0 0.0 0.0 0.0 0.0 0.0 0.0 121.0 0.0 0.0 96.0 0.0 0.0 344.0 0.0 0.0 0.0 0.0 0.0 0.0 155.0 0.0 0.0 0.0 
0.0 0.0 0.0 0.0 0.0 0.0 0.0 0.0 0.0 96.0 0.0 0.0 0.0 154.0 0.0 0.0 123.0 0.0 0.0 0.0 249.0 0.0 0.0 0.0 
75.0 0.0 0.0 0.0 0.0 222.0 0.0 0.0 0.0 0.0 0.0 0.0 0.0 0.0 18.0 0.0 0.0 0.0 0.0 0.0 0.0 0.0 0.0 0.0 
0.0 0.0 0.0 0.0 153.0 416.0 127.0 0.0 0.0 0.0 0.0 0.0 0.0 0.0 0.0 136.0 0.0 0.0 0.0 0.0 0.0 0.0 0.0 0.0 
0.0 0.0 0.0 0.0 0.0 0.0 0.0 0.0 0.0 344.0 154.0 0.0 0.0 0.0 0.0 0.0 192.0 180.0 137.0 0.0 0.0 0.0 0.0 411.0 
48.0 0.0 0.0 48.0 0.0 186.0 0.0 0.0 0.0 0.0 0.0 18.0 0.0 0.0 0.0 0.0 0.0 0.0 0.0 0.0 0.0 0.0 0.0 0.0 
0.0 0.0 0.0 0.0 81.0 0.0 0.0 0.0 0.0 0.0 0.0 0.0 136.0 0.0 0.0 0.0 0.0 0.0 0.0 0.0 0.0 245.0 0.0 0.0 
0.0 0.0 0.0 0.0 0.0 0.0 0.0 0.0 0.0 0.0 123.0 0.0 0.0 192.0 0.0 0.0 0.0 74.0 0.0 0.0 0.0 252.0 0.0 0.0 
0.0 0.0 0.0 0.0 0.0 0.0 0.0 0.0 0.0 0.0 0.0 0.0 0.0 180.0 0.0 0.0 74.0 0.0 122.0 31.0 0.0 288.0 0.0 0.0 
0.0 0.0 0.0 0.0 0.0 0.0 0.0 0.0 0.0 0.0 0.0 0.0 0.0 137.0 0.0 0.0 0.0 122.0 0.0 24.0 0.0 0.0 0.0 250.0 
0.0 0.0 0.0 0.0 0.0 0.0 0.0 0.0 0.0 0.0 0.0 0.0 0.0 0.0 0.0 0.0 0.0 31.0 24.0 0.0 0.0 0.0 26.0 0.0 
0.0 0.0 0.0 190.0 0.0 400.0 0.0 217.0 0.0 155.0 249.0 0.0 0.0 0.0 0.0 0.0 0.0 0.0 0.0 0.0 0.0 546.0 0.0 0.0 
0.0 0.0 0.0 0.0 379.0 0.0 0.0 0.0 0.0 0.0 0.0 0.0 0.0 0.0 0.0 245.0 252.0 288.0 0.0 0.0 546.0 0.0 218.0 0.0 
0.0 0.0 27.0 0.0 0.0 0.0 0.0 0.0 0.0 0.0 0.0 0.0 0.0 0.0 0.0 0.0 0.0 0.0 0.0 26.0 0.0 218.0 0.0 228.0 
0.0 278.0 0.0 0.0 0.0 554.0 268.0 0.0 0.0 0.0 0.0 0.0 0.0 411.0 0.0 0.0 0.0 0.0 250.0 0.0 0.0 0.0 228.0 0.0 
