q
882.0 807.0 235.0 447.0 55.0 2083.0 885.0 894.0 84.0 1153.0 138.0 530.0 380.0 502.0 412.0 415.0 831.0 482.0 933.0 868.0 1905.0 1390.0 1519.0 1616.0 
l
0.0 0.0 0.0 0.0 0.0 0.0 0.0 0.0 0.0 144.0 27.0 126.0 0.0 0.0 0.0 124.0 0.0 0.0 0.0 129.0 0.0 0.0 283.0 0.0 
0.0 0.0 43.0 0.0 0.0 0.0 138.0 186.0 0.0 0.0 0.0 0.0 0.0 0.0 0.0 0.0 0.0 112.0 0.0 0.0 0.0 274.0 0.0 0.0 
0.0 43.0 0.0 0.0 0.0 0.0 0.0 0.0 18.0 0.0 0.0 0.0 0.0 0.0 0.0 0.0 0.0 41.0 0.0 0.0 0.0 123.0 0.0 0.0 
0.0 0.0 0.0 0.0 0.0 0.0 0.0 73.0 0.0 0.0 0.0 0.0 0.0 0.0 0.0 0.0 0.0 0.0 129.0 0.0 230.0 0.0 0.0 0.0 
0.0 0.0 0.0 0.0 0.0 0.0 0.0 0.0 0.0 0.0 0.0 0.0 0.0 0.0 23.0 0.0 0.0 0.0 0.0 0.0 0.0 0.0 27.0 0.0 
0.0 0.0 0.0 0.0 0.0 0.0 0.0 0.0 0.0 349.0 0.0 231.0 0.0 0.0 0.0 231.0 0.0 0.0 360.0 0.0 385.0 0.0 0.0 426.0 
0.0 138.0 0.0 0.0 0.0 0.0 0.0 153.0 0.0 0.0 0.0 0.0 78.0 0.0 0.0 0.0 0.0 89.0 168.0 0.0 0.0 0.0 0.0 234.0 
0.0 186.0 0.0 73.0 0.0 0.0 153.0 0.0 0.0 0.0 0.0 0.0 0.0 0.0 0.0 0.0 0.0 0.0 125.0 0.0 318.0 0.0 0.0 0.0 
0.0 0.0 18.0 0.0 0.0 0.0 0.0 0.0 0.0 0.0 0.0 0.0 0.0 0.0 0.0 0.0 0.0 11.0 0.0 0.0 0.0 0.0 0.0 47.0 
144.0 0.0 0.0 0.0 0.0 349.0 0.0 0.0 0.0 0.0 0.0 108.0 0.0 178.0 0.0 0.0 162.0 0.0 0.0 161.0 0.0 0.0 0.0 0.0 
27.0 0.0 0.0 0.0 0.0 0.0 0.0 0.0 0.0 0.0 0.0 0.0 0.0 0.0 0.0 0.0 0.0 0.0 0.0 40.0 0.0 0.0 65.0 0.0 
126.0 0.0 0.0 0.0 0.0 231.0 0.0 0.0 0.0 108.0 0.0 0.0 0.0 0.0 0.0 36.0 0.0 0.0 0.0 0.0 0.0 0.0 0.0 0.0 
0.0 0.0 0.0 0.0 0.0 0.0 78.0 0.0 0.0 0.0 0.0 0.0 0.0 0.0 0.0 0.0 0.0 0.0 106.0 0.0 0.0 0.0 0.0 180.0 
0.0 0.0 0.0 0.0 0.0 0.0 0.0 0.0 0.0 178.0 0.0 0.0 0.0 0.0 0.0 0.0 61.0 0.0 0.0 0.0 226.0 0.0 0.0 0.0 
0.0 0.0 0.0 0.0 23.0 0.0 0.0 0.0 0.0 0.0 0.0 0.0 0.0 0.0 0.0 0.0 103.0 0.0 0.0 105.0 0.0 156.0 0.0 0.0 
124.0 0.0 0.0 0.0 0.0 231.0 0.0 0.0 0.0 0.0 0.0 36.0 0.0 0.0 0.0 0.0 0.0 0.0 0.0 0.0 0.0 0.0 0.0 0.0 
0.0 0.0 0.0 0.0 0.0 0.0 0.0 0.0 0.0 162.0 0.0 0.0 0.0 61.0 103.0 0.0 0.0 0.0 0.0 165.0 294.0 0.0 0.0 0.0 
0.0 112.0 41.0 0.0 0.0 0.0 89.0 0.0 11.0 0.0 0.0 0.0 0.0 0.0 0.0 0.0 0.0 0.0 0.0 0.0 0.0 0.0 0.0 212.0 
0.0 0.0 0.0 129.0 0.0 360.0 168.0 125.0 0.0 0.0 0.0 0.0 106.0 0.0 0.0 0.0 0.0 0.0 0.0 0.0 0.0 0.0 0.0 0.0 
129.0 0.0 0.0 0.0 0.0 0.0 0.0 0.0 0.0 161.0 40.0 0.0 0.0 0.0 105.0 0.0 165.0 0.0 0.0 0.0 0.0 0.0 234.0 0.0 
0.0 0.0 0.0 230.0 0.0 385.0 0.0 318.0 0.0 0.0 0.0 0.0 0.0 226.0 0.0 0.0 294.0 0.0 0.0 0.0 0.0 362.0 0.0 0.0 
0.0 274.0 123.0 0.0 0.0 0.0 0.0 0.0 0.0 0.0 0.0 0.0 0.0 0.0 156.0 0.0 0.0 0.0 0.0 0.0 362.0 0.0 379.0 0.0 
283.0 0.0 0.0 0.0 27.0 0.0 0.0 0.0 0.0 0.0 65.0 0.0 0.0 0.0 0.0 0.0 0.0 0.0 0.0 234.0 0.0 379.0 0.0 442.0 
0.0 0.0 0.0 0.0 0.0 426.0 234.0 0.0 47.0 0.0 0.0 0.0 180.0 0.0 0.0 0.0 0.0 212.0 0.0 0.0 0.0 0.0 442.0 0.0 
