q
1384.0 1490.0 516.0 628.0 1544.0 765.0 545.0 809.0 359.0 544.0 2243.0 2140.0 778.0 1463.0 549.0 753.0 2.0 471.0 4.0 97.0 1267.0 1134.0 643.0 
l
0.0 0.0 0.0 154.0 235.0 0.0 0.0 0.0 0.0 164.0 0.0 0.0 297.0 0.0 0.0 0.0 0.0 0.0 0.0 0.0 0.0 456.0 0.0 
0.0 0.0 118.0 0.0 0.0 194.0 0.0 0.0 271.0 0.0 412.0 0.0 0.0 165.0 0.0 0.0 0.0 0.0 0.0 0.0 243.0 0.0 0.0 
0.0 118.0 0.0 0.0 0.0 0.0 0.0 0.0 0.0 0.0 244.0 0.0 0.0 124.0 0.0 0.0 0.0 0.0 0.0 0.0 0.0 0.0 0.0 
154.0 0.0 0.0 0.0 0.0 0.0 0.0 0.0 0.0 0.0 0.0 269.0 99.0 0.0 0.0 83.0 0.0 0.0 3.0 0.0 0.0 0.0 0.0 
235.0 0.0 0.0 0.0 0.0 0.0 0.0 206.0 0.0 125.0 438.0 181.0 0.0 0.0 299.0 0.0 0.0 0.0 0.0 0.0 0.0 0.0 0.0 
0.0 194.0 0.0 0.0 0.0 0.0 137.0 0.0 0.0 0.0 0.0 0.0 0.0 0.0 0.0 0.0 2.0 0.0 0.0 29.0 218.0 0.0 145.0 
0.0 0.0 0.0 0.0 0.0 137.0 0.0 0.0 56.0 0.0 0.0 0.0 0.0 297.0 0.0 0.0 0.0 0.0 0.0 6.0 0.0 0.0 0.0 
0.0 0.0 0.0 0.0 206.0 0.0 0.0 0.0 0.0 0.0 0.0 281.0 0.0 0.0 68.0 80.0 0.0 148.0 0.0 0.0 0.0 0.0 0.0 
0.0 271.0 0.0 0.0 0.0 0.0 56.0 0.0 0.0 0.0 0.0 0.0 0.0 0.0 0.0 0.0 0.0 0.0 0.0 0.0 0.0 0.0 0.0 
164.0 0.0 0.0 0.0 125.0 0.0 0.0 0.0 0.0 0.0 227.0 0.0 0.0 0.0 0.0 0.0 0.0 0.0 0.0 0.0 0.0 0.0 0.0 
0.0 412.0 244.0 0.0 438.0 0.0 0.0 0.0 0.0 227.0 0.0 443.0 0.0 372.0 0.0 0.0 0.0 0.0 0.0 0.0 0.0 0.0 0.0 
0.0 0.0 0.0 269.0 181.0 0.0 0.0 281.0 0.0 0.0 443.0 0.0 0.0 0.0 0.0 326.0 0.0 0.0 0.0 0.0 556.0 0.0 0.0 
297.0 0.0 0.0 99.0 0.0 0.0 0.0 0.0 0.0 0.0 0.0 0.0 0.0 0.0 95.0 122.0 0.0 127.0 1.0 0.0 0.0 0.0 0.0 
0.0 165.0 124.0 0.0 0.0 0.0 297.0 0.0 0.0 0.0 372.0 0.0 0.0 0.0 0.0 0.0 0.0 0.0 0.0 56.0 0.0 350.0 0.0 
0.0 0.0 0.0 0.0 299.0 0.0 0.0 68.0 0.0 0.0 0.0 0.0 95.0 0.0 0.0 0.0 0.0 63.0 0.0 0.0 0.0 0.0 0.0 
0.0 0.0 0.0 83.0 0.0 0.0 0.0 80.0 0.0 0.0 0.0 326.0 122.0 0.0 0.0 0.0 0.0 110.0 0.0 0.0 0.0 0.0 0.0 
0.0 0.0 0.0 0.0 0.0 2.0 0.0 0.0 0.0 0.0 0.0 0.0 0.0 0.0 0.0 0.0 0.0 0.0 0.0 0.0 0.0 0.0 0.0 
0.0 0.0 0.0 0.0 0.0 0.0 0.0 148.0 0.0 0.0 0.0 0.0 127.0 0.0 63.0 110.0 0.0 0.0 0.0 0.0 0.0 0.0 0.0 
0.0 0.0 0.0 3.0 0.0 0.0 0.0 0.0 0.0 0.0 0.0 0.0 1.0 0.0 0.0 0.0 0.0 0.0 0.0 0.0 0.0 0.0 0.0 
0.0 0.0 0.0 0.0 0.0 29.0 6.0 0.0 0.0 0.0 0.0 0.0 0.0 56.0 0.0 0.0 0.0 0.0 0.0 0.0 0.0 0.0 0.0 
0.0 243.0 0.0 0.0 0.0 218.0 0.0 0.0 0.0 0.0 0.0 556.0 0.0 0.0 0.0 0.0 0.0 0.0 0.0 0.0 0.0 0.0 203.0 
456.0 0.0 0.0 0.0 0.0 0.0 0.0 0.0 0.0 0.0 0.0 0.0 0.0 350.0 0.0 0.0 0.0 0.0 0.0 0.0 0.0 0.0 258.0 
0.0 0.0 0.0 0.0 0.0 145.0 0.0 0.0 0.0 0.0 0.0 0.0 0.0 0.0 0.0 0.0 0.0 0.0 0.0 0.0 203.0 258.0 0.0 
