q
705.0 1359.0 540.0 503.0 191.0 426.0 617.0 2.0 1176.0 439.0 641.0 43.0 472.0 1.0 1497.0 597.0 1077.0 611.0 1171.0 702.0 1776.0 1681.0 1536.0 1889.0 
l
0.0 0.0 0.0 0.0 0.0 0.0 0.0 0.0 183.0 0.0 0.0 0.0 79.0 0.0 0.0 0.0 0.0 91.0 167.0 0.0 0.0 0.0 152.0 0.0 
0.0 0.0 245.0 0.0 0.0 0.0 185.0 1.0 0.0 187.0 0.0 0.0 0.0 0.0 0.0 0.0 0.0 0.0 0.0 0.0 239.0 0.0 0.0 426.0 
0.0 245.0 0.0 0.0 0.0 86.0 0.0 0.0 0.0 0.0 0.0 0.0 0.0 0.0 0.0 66.0 0.0 0.0 0.0 110.0 0.0 0.0 0.0 0.0 
0.0 0.0 0.0 0.0 0.0 0.0 0.0 0.0 226.0 0.0 0.0 0.0 0.0 0.0 0.0 0.0 0.0 0.0 0.0 0.0 0.0 0.0 235.0 0.0 
0.0 0.0 0.0 0.0 0.0 0.0 0.0 0.0 0.0 0.0 26.0 0.0 0.0 0.0 0.0 0.0 61.0 0.0 0.0 0.0 0.0 94.0 0.0 0.0 
0.0 0.0 86.0 0.0 0.0 0.0 0.0 0.0 0.0 0.0 0.0 0.0 0.0 0.0 0.0 39.0 0.0 0.0 0.0 0.0 270.0 0.0 0.0 0.0 
0.0 185.0 0.0 0.0 0.0 0.0 0.0 1.0 0.0 59.0 0.0 0.0 0.0 0.0 230.0 0.0 99.0 0.0 0.0 0.0 0.0 0.0 0.0 0.0 
0.0 1.0 0.0 0.0 0.0 0.0 1.0 0.0 0.0 0.0 0.0 0.0 0.0 0.0 0.0 0.0 0.0 0.0 0.0 0.0 0.0 0.0 0.0 0.0 
183.0 0.0 0.0 226.0 0.0 0.0 0.0 0.0 0.0 0.0 0.0 0.0 0.0 0.0 234.0 0.0 0.0 0.0 184.0 0.0 0.0 0.0 0.0 283.0 
0.0 187.0 0.0 0.0 0.0 0.0 59.0 0.0 0.0 0.0 0.0 10.0 0.0 0.0 0.0 0.0 148.0 0.0 0.0 0.0 0.0 0.0 0.0 0.0 
0.0 0.0 0.0 0.0 26.0 0.0 0.0 0.0 0.0 0.0 0.0 0.0 0.0 0.0 146.0 0.0 150.0 0.0 152.0 0.0 0.0 140.0 0.0 0.0 
0.0 0.0 0.0 0.0 0.0 0.0 0.0 0.0 0.0 10.0 0.0 0.0 0.0 0.0 0.0 0.0 0.0 0.0 0.0 0.0 28.0 0.0 0.0 0.0 
79.0 0.0 0.0 0.0 0.0 0.0 0.0 0.0 0.0 0.0 0.0 0.0 0.0 0.0 0.0 0.0 0.0 109.0 0.0 0.0 0.0 0.0 255.0 0.0 
0.0 0.0 0.0 0.0 0.0 0.0 0.0 0.0 0.0 0.0 0.0 0.0 0.0 0.0 0.0 0.0 0.0 0.0 0.0 0.0 0.0 0.0 1.0 0.0 
0.0 0.0 0.0 0.0 0.0 0.0 230.0 0.0 234.0 0.0 146.0 0.0 0.0 0.0 0.0 0.0 269.0 0.0 260.0 0.0 0.0 0.0 0.0 276.0 
0.0 0.0 66.0 0.0 0.0 39.0 0.0 0.0 0.0 0.0 0.0 0.0 0.0 0.0 0.0 0.0 0.0 0.0 0.0 171.0 283.0 0.0 0.0 0.0 
0.0 0.0 0.0 0.0 61.0 0.0 99.0 0.0 0.0 148.0 150.0 0.0 0.0 0.0 269.0 0.0 0.0 0.0 0.0 0.0 293.0 0.0 0.0 0.0 
91.0 0.0 0.0 0.0 0.0 0.0 0.0 0.0 0.0 0.0 0.0 0.0 109.0 0.0 0.0 0.0 0.0 0.0 162.0 0.0 0.0 227.0 0.0 0.0 
167.0 0.0 0.0 0.0 0.0 0.0 0.0 0.0 184.0 0.0 152.0 0.0 0.0 0.0 260.0 0.0 0.0 162.0 0.0 0.0 0.0 202.0 0.0 0.0 
0.0 0.0 110.0 0.0 0.0 0.0 0.0 0.0 0.0 0.0 0.0 0.0 0.0 0.0 0.0 171.0 0.0 0.0 0.0 0.0 0.0 0.0 0.0 373.0 
0.0 239.0 0.0 0.0 0.0 270.0 0.0 0.0 0.0 0.0 0.0 28.0 0.0 0.0 0.0 283.0 293.0 0.0 0.0 0.0 0.0 557.0 0.0 0.0 
0.0 0.0 0.0 0.0 94.0 0.0 0.0 0.0 0.0 0.0 140.0 0.0 0.0 0.0 0.0 0.0 0.0 227.0 202.0 0.0 557.0 0.0 371.0 0.0 
152.0 0.0 0.0 235.0 0.0 0.0 0.0 0.0 0.0 0.0 0.0 0.0 255.0 1.0 0.0 0.0 0.0 0.0 0.0 0.0 0.0 371.0 0.0 442.0 
0.0 426.0 0.0 0.0 0.0 0.0 0.0 0.0 283.0 0.0 0.0 0.0 0.0 0.0 276.0 0.0 0.0 0.0 0.0 373.0 0.0 0.0 442.0 0.0 
