q
923.0 783.0 477.0 507.0 1765.0 132.0 625.0 551.0 330.0 505.0 1356.0 1572.0 1.0 46.0 428.0 579.0 802.0 2.0 402.0 1722.0 1875.0 1147.0 1326.0 1386.0 
l
0.0 0.0 110.0 0.0 0.0 0.0 0.0 91.0 72.0 0.0 0.0 157.0 0.0 0.0 0.0 126.0 0.0 0.0 0.0 324.0 0.0 0.0 0.0 0.0 
0.0 0.0 0.0 77.0 252.0 0.0 84.0 0.0 0.0 0.0 0.0 0.0 0.0 0.0 135.0 0.0 0.0 0.0 0.0 0.0 0.0 0.0 203.0 0.0 
110.0 0.0 0.0 0.0 0.0 4.0 0.0 0.0 0.0 0.0 0.0 242.0 0.0 0.0 0.0 91.0 0.0 0.0 0.0 0.0 0.0 0.0 0.0 0.0 
0.0 77.0 0.0 0.0 153.0 0.0 0.0 0.0 0.0 0.0 140.0 0.0 0.0 0.0 0.0 0.0 0.0 0.0 0.0 0.0 0.0 0.0 121.0 0.0 
0.0 252.0 0.0 153.0 0.0 0.0 283.0 0.0 0.0 0.0 257.0 0.0 0.0 0.0 0.0 0.0 0.0 0.0 0.0 335.0 403.0 0.0 0.0 0.0 
0.0 0.0 4.0 0.0 0.0 0.0 0.0 0.0 0.0 0.0 0.0 91.0 0.0 0.0 0.0 29.0 0.0 0.0 0.0 0.0 0.0 0.0 0.0 0.0 
0.0 84.0 0.0 0.0 283.0 0.0 0.0 0.0 0.0 0.0 0.0 0.0 0.0 23.0 67.0 0.0 0.0 0.0 0.0 0.0 0.0 128.0 0.0 0.0 
91.0 0.0 0.0 0.0 0.0 0.0 0.0 0.0 44.0 0.0 0.0 0.0 0.0 0.0 0.0 0.0 0.0 0.0 0.0 200.0 182.0 0.0 0.0 0.0 
72.0 0.0 0.0 0.0 0.0 0.0 0.0 44.0 0.0 0.0 0.0 0.0 0.0 0.0 0.0 25.0 0.0 0.0 0.0 0.0 170.0 0.0 0.0 0.0 
0.0 0.0 0.0 0.0 0.0 0.0 0.0 0.0 0.0 0.0 237.0 0.0 0.0 0.0 0.0 0.0 55.0 0.0 49.0 0.0 0.0 0.0 0.0 140.0 
0.0 0.0 0.0 140.0 257.0 0.0 0.0 0.0 0.0 237.0 0.0 0.0 0.0 0.0 0.0 0.0 178.0 0.0 0.0 264.0 0.0 0.0 225.0 0.0 
157.0 0.0 242.0 0.0 0.0 91.0 0.0 0.0 0.0 0.0 0.0 0.0 0.0 0.0 0.0 0.0 0.0 0.0 0.0 238.0 319.0 0.0 0.0 447.0 
0.0 0.0 0.0 0.0 0.0 0.0 0.0 0.0 0.0 0.0 0.0 0.0 0.0 0.0 0.0 0.0 0.0 0.0 0.0 0.0 0.0 0.0 0.0 1.0 
0.0 0.0 0.0 0.0 0.0 0.0 23.0 0.0 0.0 0.0 0.0 0.0 0.0 0.0 2.0 0.0 0.0 1.0 0.0 0.0 0.0 18.0 0.0 0.0 
0.0 135.0 0.0 0.0 0.0 0.0 67.0 0.0 0.0 0.0 0.0 0.0 0.0 2.0 0.0 0.0 0.0 0.0 0.0 0.0 0.0 200.0 0.0 0.0 
126.0 0.0 91.0 0.0 0.0 29.0 0.0 0.0 25.0 0.0 0.0 0.0 0.0 0.0 0.0 0.0 0.0 0.0 0.0 0.0 278.0 0.0 0.0 0.0 
0.0 0.0 0.0 0.0 0.0 0.0 0.0 0.0 0.0 55.0 178.0 0.0 0.0 0.0 0.0 0.0 0.0 0.0 127.0 292.0 0.0 0.0 0.0 111.0 
0.0 0.0 0.0 0.0 0.0 0.0 0.0 0.0 0.0 0.0 0.0 0.0 0.0 1.0 0.0 0.0 0.0 0.0 0.0 0.0 0.0 1.0 0.0 0.0 
0.0 0.0 0.0 0.0 0.0 0.0 0.0 0.0 0.0 49.0 0.0 0.0 0.0 0.0 0.0 0.0 127.0 0.0 0.0 0.0 0.0 0.0 0.0 208.0 
324.0 0.0 0.0 0.0 335.0 0.0 0.0 200.0 0.0 0.0 264.0 238.0 0.0 0.0 0.0 0.0 292.0 0.0 0.0 0.0 0.0 0.0 0.0 0.0 
0.0 0.0 0.0 0.0 403.0 0.0 0.0 182.0 170.0 0.0 0.0 319.0 0.0 0.0 0.0 278.0 0.0 0.0 0.0 0.0 0.0 424.0 0.0 0.0 
0.0 0.0 0.0 0.0 0.0 0.0 128.0 0.0 0.0 0.0 0.0 0.0 0.0 18.0 200.0 0.0 0.0 1.0 0.0 0.0 424.0 0.0 309.0 0.0 
0.0 203.0 0.0 121.0 0.0 0.0 0.0 0.0 0.0 0.0 225.0 0.0 0.0 0.0 0.0 0.0 0.0 0.0 0.0 0.0 0.0 309.0 0.0 399.0 
0.0 0.0 0.0 0.0 0.0 0.0 0.0 0.0 0.0 140.0 0.0 447.0 1.0 0.0 0.0 0.0 111.0 0.0 208.0 0.0 0.0 0.0 399.0 0.0 
