q
508.0 950.0 37.0 241.0 882.0 1.0 2685.0 470.0 568.0 985.0 501.0 771.0 310.0 417.0 279.0 964.0 460.0 1568.0 602.0 204.0 1806.0 1394.0 1732.0 1291.0 
l
0.0 0.0 0.0 0.0 0.0 0.0 0.0 0.0 0.0 0.0 0.0 141.0 0.0 0.0 23.0 111.0 0.0 0.0 0.0 0.0 0.0 0.0 0.0 203.0 
0.0 0.0 0.0 0.0 0.0 0.0 0.0 0.0 0.0 151.0 113.0 0.0 98.0 0.0 0.0 0.0 0.0 215.0 0.0 0.0 0.0 0.0 327.0 0.0 
0.0 0.0 0.0 0.0 0.0 0.0 0.0 0.0 0.0 0.0 0.0 0.0 0.0 0.0 0.0 0.0 0.0 0.0 6.0 0.0 0.0 28.0 0.0 0.0 
0.0 0.0 0.0 0.0 0.0 0.0 0.0 0.0 0.0 0.0 0.0 0.0 0.0 0.0 0.0 0.0 0.0 0.0 64.0 17.0 0.0 149.0 0.0 0.0 
0.0 0.0 0.0 0.0 0.0 0.0 365.0 86.0 0.0 0.0 0.0 66.0 0.0 0.0 0.0 165.0 161.0 0.0 0.0 0.0 0.0 0.0 0.0 0.0 
0.0 0.0 0.0 0.0 0.0 0.0 0.0 0.0 0.0 0.0 0.0 0.0 0.0 0.0 0.0 0.0 0.0 0.0 0.0 0.0 0.0 0.0 0.0 1.0 
0.0 0.0 0.0 0.0 365.0 0.0 0.0 297.0 0.0 0.0 0.0 324.0 0.0 0.0 0.0 0.0 0.0 503.0 0.0 0.0 662.0 0.0 0.0 397.0 
0.0 0.0 0.0 0.0 86.0 0.0 297.0 0.0 0.0 0.0 0.0 65.0 0.0 0.0 0.0 0.0 0.0 0.0 0.0 0.0 0.0 0.0 0.0 0.0 
0.0 0.0 0.0 0.0 0.0 0.0 0.0 0.0 0.0 101.0 0.0 0.0 0.0 38.0 0.0 0.0 0.0 191.0 67.0 0.0 142.0 0.0 0.0 0.0 
0.0 151.0 0.0 0.0 0.0 0.0 0.0 0.0 101.0 0.0 0.0 0.0 71.0 0.0 0.0 0.0 0.0 253.0 162.0 0.0 0.0 201.0 0.0 0.0 
0.0 113.0 0.0 0.0 0.0 0.0 0.0 0.0 0.0 0.0 0.0 0.0 0.0 0.0 0.0 0.0 0.0 172.0 0.0 0.0 0.0 0.0 0.0 193.0 
141.0 0.0 0.0 0.0 66.0 0.0 324.0 65.0 0.0 0.0 0.0 0.0 0.0 0.0 0.0 136.0 0.0 0.0 0.0 0.0 0.0 0.0 0.0 0.0 
0.0 98.0 0.0 0.0 0.0 0.0 0.0 0.0 0.0 71.0 0.0 0.0 0.0 0.0 0.0 0.0 0.0 0.0 0.0 0.0 0.0 124.0 0.0 0.0 
0.0 0.0 0.0 0.0 0.0 0.0 0.0 0.0 38.0 0.0 0.0 0.0 0.0 0.0 0.0 0.0 0.0 163.0 0.0 0.0 189.0 0.0 0.0 0.0 
23.0 0.0 0.0 0.0 0.0 0.0 0.0 0.0 0.0 0.0 0.0 0.0 0.0 0.0 0.0 81.0 0.0 0.0 0.0 0.0 0.0 0.0 0.0 159.0 
111.0 0.0 0.0 0.0 165.0 0.0 0.0 0.0 0.0 0.0 0.0 136.0 0.0 0.0 81.0 0.0 75.0 0.0 0.0 0.0 0.0 0.0 357.0 0.0 
0.0 0.0 0.0 0.0 161.0 0.0 0.0 0.0 0.0 0.0 0.0 0.0 0.0 0.0 0.0 75.0 0.0 0.0 0.0 0.0 0.0 0.0 201.0 0.0 
0.0 215.0 0.0 0.0 0.0 0.0 503.0 0.0 191.0 253.0 172.0 0.0 0.0 163.0 0.0 0.0 0.0 0.0 0.0 0.0 0.0 0.0 0.0 0.0 
0.0 0.0 6.0 64.0 0.0 0.0 0.0 0.0 67.0 162.0 0.0 0.0 0.0 0.0 0.0 0.0 0.0 0.0 0.0 32.0 232.0 0.0 0.0 0.0 
0.0 0.0 0.0 17.0 0.0 0.0 0.0 0.0 0.0 0.0 0.0 0.0 0.0 0.0 0.0 0.0 0.0 0.0 32.0 0.0 135.0 0.0 0.0 0.0 
0.0 0.0 0.0 0.0 0.0 0.0 662.0 0.0 142.0 0.0 0.0 0.0 0.0 189.0 0.0 0.0 0.0 0.0 232.0 135.0 0.0 335.0 0.0 0.0 
0.0 0.0 28.0 149.0 0.0 0.0 0.0 0.0 0.0 201.0 0.0 0.0 124.0 0.0 0.0 0.0 0.0 0.0 0.0 0.0 335.0 0.0 479.0 0.0 
0.0 327.0 0.0 0.0 0.0 0.0 0.0 0.0 0.0 0.0 0.0 0.0 0.0 0.0 0.0 357.0 201.0 0.0 0.0 0.0 0.0 479.0 0.0 282.0 
203.0 0.0 0.0 0.0 0.0 1.0 397.0 0.0 0.0 0.0 193.0 0.0 0.0 0.0 159.0 0.0 0.0 0.0 0.0 0.0 0.0 0.0 282.0 0.0 
