q
571.0 1207.0 10.0 506.0 825.0 951.0 3.0 988.0 481.0 725.0 524.0 575.0 929.0 2135.0 720.0 580.0 42.0 1284.0 864.0 7.0 1589.0 1248.0 1600.0 1626.0 
l
0.0 0.0 0.0 0.0 0.0 0.0 0.0 0.0 0.0 0.0 0.0 52.0 148.0 0.0 0.0 0.0 0.0 125.0 0.0 0.0 0.0 0.0 0.0 217.0 
0.0 0.0 0.0 183.0 0.0 149.0 0.0 244.0 0.0 177.0 0.0 0.0 0.0 0.0 143.0 0.0 0.0 0.0 0.0 0.0 0.0 267.0 0.0 0.0 
0.0 0.0 0.0 0.0 0.0 0.0 1.0 0.0 0.0 0.0 0.0 0.0 0.0 0.0 0.0 0.0 0.0 0.0 0.0 0.0 0.0 7.0 0.0 0.0 
0.0 183.0 0.0 0.0 0.0 0.0 0.0 0.0 0.0 67.0 0.0 0.0 0.0 0.0 0.0 0.0 0.0 0.0 0.0 0.0 233.0 0.0 0.0 0.0 
0.0 0.0 0.0 0.0 0.0 179.0 0.0 175.0 0.0 0.0 0.0 0.0 0.0 0.0 0.0 111.0 0.0 0.0 0.0 0.0 0.0 0.0 0.0 314.0 
0.0 149.0 0.0 0.0 179.0 0.0 0.0 154.0 0.0 0.0 0.0 0.0 0.0 312.0 111.0 0.0 0.0 0.0 0.0 0.0 0.0 0.0 0.0 0.0 
0.0 0.0 1.0 0.0 0.0 0.0 0.0 0.0 0.0 0.0 0.0 0.0 0.0 0.0 0.0 1.0 0.0 0.0 0.0 0.0 0.0 0.0 1.0 0.0 
0.0 244.0 0.0 0.0 175.0 154.0 0.0 0.0 0.0 0.0 0.0 0.0 0.0 0.0 0.0 184.0 0.0 0.0 0.0 1.0 0.0 185.0 0.0 0.0 
0.0 0.0 0.0 0.0 0.0 0.0 0.0 0.0 0.0 116.0 0.0 0.0 0.0 258.0 65.0 0.0 10.0 0.0 0.0 0.0 0.0 0.0 0.0 0.0 
0.0 177.0 0.0 67.0 0.0 0.0 0.0 0.0 116.0 0.0 0.0 0.0 0.0 0.0 103.0 0.0 7.0 0.0 0.0 0.0 219.0 0.0 0.0 0.0 
0.0 0.0 0.0 0.0 0.0 0.0 0.0 0.0 0.0 0.0 0.0 89.0 0.0 0.0 0.0 0.0 0.0 151.0 0.0 0.0 0.0 0.0 244.0 0.0 
52.0 0.0 0.0 0.0 0.0 0.0 0.0 0.0 0.0 0.0 89.0 0.0 0.0 0.0 0.0 0.0 0.0 127.0 0.0 0.0 0.0 0.0 0.0 270.0 
148.0 0.0 0.0 0.0 0.0 0.0 0.0 0.0 0.0 0.0 0.0 0.0 0.0 379.0 0.0 0.0 0.0 217.0 128.0 0.0 0.0 0.0 0.0 0.0 
0.0 0.0 0.0 0.0 0.0 312.0 0.0 0.0 258.0 0.0 0.0 0.0 379.0 0.0 269.0 0.0 0.0 0.0 0.0 0.0 345.0 0.0 0.0 474.0 
0.0 143.0 0.0 0.0 0.0 111.0 0.0 0.0 65.0 103.0 0.0 0.0 0.0 269.0 0.0 0.0 0.0 0.0 0.0 0.0 0.0 0.0 0.0 0.0 
0.0 0.0 0.0 0.0 111.0 0.0 1.0 184.0 0.0 0.0 0.0 0.0 0.0 0.0 0.0 0.0 0.0 0.0 0.0 2.0 0.0 0.0 252.0 0.0 
0.0 0.0 0.0 0.0 0.0 0.0 0.0 0.0 10.0 7.0 0.0 0.0 0.0 0.0 0.0 0.0 0.0 0.0 0.0 0.0 24.0 0.0 0.0 0.0 
125.0 0.0 0.0 0.0 0.0 0.0 0.0 0.0 0.0 0.0 151.0 127.0 217.0 0.0 0.0 0.0 0.0 0.0 282.0 0.0 0.0 0.0 313.0 0.0 
0.0 0.0 0.0 0.0 0.0 0.0 0.0 0.0 0.0 0.0 0.0 0.0 128.0 0.0 0.0 0.0 0.0 282.0 0.0 0.0 401.0 0.0 0.0 0.0 
0.0 0.0 0.0 0.0 0.0 0.0 0.0 1.0 0.0 0.0 0.0 0.0 0.0 0.0 0.0 2.0 0.0 0.0 0.0 0.0 0.0 2.0 0.0 0.0 
0.0 0.0 0.0 233.0 0.0 0.0 0.0 0.0 0.0 219.0 0.0 0.0 0.0 345.0 0.0 0.0 24.0 0.0 401.0 0.0 0.0 316.0 0.0 0.0 
0.0 267.0 7.0 0.0 0.0 0.0 0.0 185.0 0.0 0.0 0.0 0.0 0.0 0.0 0.0 0.0 0.0 0.0 0.0 2.0 316.0 0.0 419.0 0.0 
0.0 0.0 0.0 0.0 0.0 0.0 1.0 0.0 0.0 0.0 244.0 0.0 0.0 0.0 0.0 252.0 0.0 313.0 0.0 0.0 0.0 419.0 0.0 277.0 
217.0 0.0 0.0 0.0 314.0 0.0 0.0 0.0 0.0 0.0 0.0 270.0 0.0 474.0 0.0 0.0 0.0 0.0 0.0 0.0 0.0 0.0 277.0 0.0 
