q
653.0 619.0 1330.0 1132.0 62.0 502.0 1.0 496.0 741.0 647.0 1014.0 1883.0 532.0 502.0 58.0 615.0 749.0 806.0 1191.0 15.0 1114.0 2127.0 1870.0 959.0 
l
0.0 65.0 152.0 0.0 0.0 0.0 0.0 118.0 0.0 0.0 0.0 0.0 0.0 0.0 0.0 0.0 0.0 0.0 0.0 0.0 0.0 291.0 0.0 0.0 
65.0 0.0 171.0 0.0 0.0 0.0 0.0 69.0 82.0 0.0 0.0 0.0 0.0 0.0 0.0 0.0 0.0 0.0 0.0 0.0 0.0 0.0 210.0 0.0 
152.0 171.0 0.0 268.0 0.0 0.0 0.0 0.0 118.0 207.0 0.0 0.0 0.0 0.0 0.0 0.0 0.0 0.0 0.0 0.0 0.0 352.0 0.0 0.0 
0.0 0.0 268.0 0.0 0.0 106.0 0.0 0.0 252.0 106.0 0.0 350.0 0.0 0.0 0.0 0.0 0.0 0.0 0.0 0.0 0.0 0.0 0.0 0.0 
0.0 0.0 0.0 0.0 0.0 0.0 0.0 0.0 0.0 0.0 0.0 0.0 6.0 0.0 0.0 0.0 25.0 0.0 0.0 0.0 29.0 0.0 0.0 0.0 
0.0 0.0 0.0 106.0 0.0 0.0 0.0 0.0 0.0 98.0 0.0 269.0 0.0 0.0 0.0 0.0 0.0 0.0 0.0 0.0 0.0 0.0 0.0 0.0 
0.0 0.0 0.0 0.0 0.0 0.0 0.0 0.0 0.0 0.0 0.0 0.0 0.0 0.0 0.0 0.0 0.0 0.0 0.0 0.0 1.0 0.0 0.0 0.0 
118.0 69.0 0.0 0.0 0.0 0.0 0.0 0.0 0.0 0.0 0.0 0.0 0.0 0.0 0.0 0.0 0.0 0.0 0.0 0.0 0.0 0.0 289.0 0.0 
0.0 82.0 118.0 252.0 0.0 0.0 0.0 0.0 0.0 0.0 0.0 0.0 0.0 0.0 0.0 0.0 0.0 0.0 0.0 0.0 0.0 0.0 254.0 0.0 
0.0 0.0 207.0 106.0 0.0 98.0 0.0 0.0 0.0 0.0 0.0 0.0 0.0 0.0 0.0 0.0 0.0 0.0 0.0 0.0 203.0 0.0 0.0 0.0 
0.0 0.0 0.0 0.0 0.0 0.0 0.0 0.0 0.0 0.0 0.0 0.0 0.0 0.0 0.0 159.0 106.0 168.0 198.0 0.0 0.0 354.0 0.0 0.0 
0.0 0.0 0.0 350.0 0.0 269.0 0.0 0.0 0.0 0.0 0.0 0.0 0.0 233.0 0.0 0.0 0.0 0.0 330.0 0.0 277.0 0.0 0.0 330.0 
0.0 0.0 0.0 0.0 6.0 0.0 0.0 0.0 0.0 0.0 0.0 0.0 0.0 0.0 0.0 0.0 120.0 0.0 172.0 0.0 206.0 0.0 0.0 0.0 
0.0 0.0 0.0 0.0 0.0 0.0 0.0 0.0 0.0 0.0 0.0 233.0 0.0 0.0 19.0 0.0 0.0 109.0 119.0 4.0 0.0 0.0 0.0 0.0 
0.0 0.0 0.0 0.0 0.0 0.0 0.0 0.0 0.0 0.0 0.0 0.0 0.0 19.0 0.0 0.0 0.0 0.0 0.0 2.0 0.0 0.0 0.0 32.0 
0.0 0.0 0.0 0.0 0.0 0.0 0.0 0.0 0.0 0.0 159.0 0.0 0.0 0.0 0.0 0.0 0.0 153.0 0.0 0.0 0.0 0.0 274.0 0.0 
0.0 0.0 0.0 0.0 25.0 0.0 0.0 0.0 0.0 0.0 106.0 0.0 120.0 0.0 0.0 0.0 0.0 0.0 161.0 0.0 0.0 308.0 0.0 0.0 
0.0 0.0 0.0 0.0 0.0 0.0 0.0 0.0 0.0 0.0 168.0 0.0 0.0 109.0 0.0 153.0 0.0 0.0 160.0 4.0 0.0 0.0 0.0 176.0 
0.0 0.0 0.0 0.0 0.0 0.0 0.0 0.0 0.0 0.0 198.0 330.0 172.0 119.0 0.0 0.0 161.0 160.0 0.0 0.0 0.0 0.0 0.0 0.0 
0.0 0.0 0.0 0.0 0.0 0.0 0.0 0.0 0.0 0.0 0.0 0.0 0.0 4.0 2.0 0.0 0.0 4.0 0.0 0.0 0.0 0.0 0.0 4.0 
0.0 0.0 0.0 0.0 29.0 0.0 1.0 0.0 0.0 203.0 0.0 277.0 206.0 0.0 0.0 0.0 0.0 0.0 0.0 0.0 0.0 339.0 0.0 0.0 
291.0 0.0 352.0 0.0 0.0 0.0 0.0 0.0 0.0 0.0 354.0 0.0 0.0 0.0 0.0 0.0 308.0 0.0 0.0 0.0 339.0 0.0 389.0 0.0 
0.0 210.0 0.0 0.0 0.0 0.0 0.0 289.0 254.0 0.0 0.0 0.0 0.0 0.0 0.0 274.0 0.0 0.0 0.0 0.0 0.0 389.0 0.0 370.0 
0.0 0.0 0.0 0.0 0.0 0.0 0.0 0.0 0.0 0.0 0.0 330.0 0.0 0.0 32.0 0.0 0.0 176.0 0.0 4.0 0.0 0.0 370.0 0.0 
