q
739.0 675.0 338.0 81.0 1407.0 793.0 465.0 375.0 812.0 2284.0 104.0 275.0 899.0 502.0 966.0 996.0 777.0 946.0 472.0 119.0 1441.0 1484.0 1844.0 1776.0 
l
0.0 109.0 0.0 0.0 229.0 0.0 0.0 0.0 0.0 0.0 26.0 65.0 0.0 0.0 0.0 0.0 0.0 0.0 0.0 26.0 252.0 0.0 0.0 0.0 
109.0 0.0 0.0 0.0 182.0 0.0 0.0 0.0 0.0 0.0 0.0 48.0 0.0 0.0 0.0 0.0 0.0 139.0 0.0 0.0 0.0 166.0 0.0 0.0 
0.0 0.0 0.0 0.0 0.0 0.0 0.0 0.0 0.0 0.0 0.0 0.0 116.0 35.0 0.0 0.0 0.0 0.0 0.0 0.0 0.0 0.0 0.0 171.0 
0.0 0.0 0.0 0.0 0.0 20.0 13.0 0.0 0.0 0.0 0.0 0.0 0.0 0.0 0.0 0.0 0.0 0.0 0.0 0.0 46.0 0.0 0.0 0.0 
229.0 182.0 0.0 0.0 0.0 0.0 0.0 0.0 0.0 485.0 0.0 0.0 0.0 0.0 0.0 277.0 0.0 171.0 0.0 0.0 0.0 0.0 0.0 0.0 
0.0 0.0 0.0 20.0 0.0 0.0 91.0 0.0 223.0 0.0 0.0 0.0 0.0 0.0 126.0 0.0 0.0 0.0 0.0 0.0 297.0 0.0 0.0 0.0 
0.0 0.0 0.0 13.0 0.0 91.0 0.0 0.0 0.0 252.0 0.0 0.0 0.0 0.0 88.0 0.0 0.0 0.0 0.0 0.0 0.0 0.0 0.0 0.0 
0.0 0.0 0.0 0.0 0.0 0.0 0.0 0.0 0.0 0.0 0.0 0.0 0.0 0.0 0.0 0.0 91.0 0.0 67.0 0.0 0.0 0.0 0.0 191.0 
0.0 0.0 0.0 0.0 0.0 223.0 0.0 0.0 0.0 0.0 0.0 0.0 0.0 0.0 147.0 0.0 77.0 0.0 0.0 0.0 0.0 0.0 328.0 0.0 
0.0 0.0 0.0 0.0 485.0 0.0 252.0 0.0 0.0 0.0 0.0 0.0 0.0 0.0 337.0 0.0 0.0 0.0 210.0 0.0 386.0 0.0 0.0 510.0 
26.0 0.0 0.0 0.0 0.0 0.0 0.0 0.0 0.0 0.0 0.0 2.0 0.0 0.0 0.0 0.0 0.0 0.0 0.0 11.0 0.0 60.0 0.0 0.0 
65.0 48.0 0.0 0.0 0.0 0.0 0.0 0.0 0.0 0.0 2.0 0.0 0.0 0.0 0.0 0.0 0.0 0.0 0.0 0.0 0.0 151.0 0.0 0.0 
0.0 0.0 116.0 0.0 0.0 0.0 0.0 0.0 0.0 0.0 0.0 0.0 0.0 91.0 0.0 130.0 0.0 195.0 0.0 0.0 0.0 0.0 329.0 0.0 
0.0 0.0 35.0 0.0 0.0 0.0 0.0 0.0 0.0 0.0 0.0 0.0 91.0 0.0 0.0 120.0 0.0 0.0 0.0 0.0 0.0 0.0 0.0 236.0 
0.0 0.0 0.0 0.0 0.0 126.0 88.0 0.0 147.0 337.0 0.0 0.0 0.0 0.0 0.0 0.0 157.0 0.0 70.0 0.0 0.0 0.0 0.0 0.0 
0.0 0.0 0.0 0.0 277.0 0.0 0.0 0.0 0.0 0.0 0.0 0.0 130.0 120.0 0.0 0.0 0.0 162.0 0.0 0.0 0.0 0.0 0.0 269.0 
0.0 0.0 0.0 0.0 0.0 0.0 0.0 91.0 77.0 0.0 0.0 0.0 0.0 0.0 157.0 0.0 0.0 0.0 99.0 0.0 0.0 0.0 308.0 0.0 
0.0 139.0 0.0 0.0 171.0 0.0 0.0 0.0 0.0 0.0 0.0 0.0 195.0 0.0 0.0 162.0 0.0 0.0 0.0 0.0 0.0 238.0 0.0 0.0 
0.0 0.0 0.0 0.0 0.0 0.0 0.0 67.0 0.0 210.0 0.0 0.0 0.0 0.0 70.0 0.0 99.0 0.0 0.0 0.0 0.0 0.0 0.0 0.0 
26.0 0.0 0.0 0.0 0.0 0.0 0.0 0.0 0.0 0.0 11.0 0.0 0.0 0.0 0.0 0.0 0.0 0.0 0.0 0.0 75.0 0.0 0.0 0.0 
252.0 0.0 0.0 46.0 0.0 297.0 0.0 0.0 0.0 386.0 0.0 0.0 0.0 0.0 0.0 0.0 0.0 0.0 0.0 75.0 0.0 328.0 0.0 0.0 
0.0 166.0 0.0 0.0 0.0 0.0 0.0 0.0 0.0 0.0 60.0 151.0 0.0 0.0 0.0 0.0 0.0 238.0 0.0 0.0 328.0 0.0 472.0 0.0 
0.0 0.0 0.0 0.0 0.0 0.0 0.0 0.0 328.0 0.0 0.0 0.0 329.0 0.0 0.0 0.0 308.0 0.0 0.0 0.0 0.0 472.0 0.0 320.0 
0.0 0.0 171.0 0.0 0.0 0.0 0.0 191.0 0.0 510.0 0.0 0.0 0.0 236.0 0.0 269.0 0.0 0.0 0.0 0.0 0.0 0.0 320.0 0.0 
