q
1028.0 1284.0 1456.0 1.0 1853.0 452.0 12.0 517.0 509.0 435.0 531.0 874.0 1086.0 89.0 423.0 1040.0 656.0 227.0 293.0 1069.0 1999.0 1258.0 1718.0 1472.0 
l
0.0 0.0 0.0 0.0 314.0 0.0 0.0 0.0 135.0 0.0 0.0 0.0 0.0 0.0 121.0 142.0 90.0 0.0 0.0 0.0 0.0 0.0 179.0 0.0 
0.0 0.0 0.0 0.0 0.0 207.0 6.0 0.0 0.0 0.0 0.0 0.0 170.0 0.0 0.0 0.0 0.0 111.0 0.0 0.0 325.0 0.0 0.0 395.0 
0.0 0.0 0.0 0.0 297.0 0.0 0.0 181.0 0.0 0.0 0.0 155.0 249.0 0.0 0.0 286.0 0.0 0.0 0.0 0.0 0.0 0.0 0.0 209.0 
0.0 0.0 0.0 0.0 0.0 0.0 0.0 0.0 0.0 0.0 0.0 0.0 0.0 0.0 0.0 0.0 0.0 0.0 0.0 0.0 0.0 1.0 0.0 0.0 
314.0 0.0 297.0 0.0 0.0 0.0 0.0 0.0 0.0 0.0 0.0 247.0 0.0 0.0 0.0 212.0 307.0 0.0 0.0 0.0 386.0 0.0 0.0 0.0 
0.0 207.0 0.0 0.0 0.0 0.0 2.0 0.0 0.0 0.0 66.0 0.0 0.0 0.0 0.0 0.0 0.0 16.0 0.0 135.0 0.0 0.0 0.0 0.0 
0.0 6.0 0.0 0.0 0.0 2.0 0.0 0.0 0.0 0.0 4.0 0.0 0.0 0.0 0.0 0.0 0.0 0.0 0.0 0.0 0.0 0.0 0.0 0.0 
0.0 0.0 181.0 0.0 0.0 0.0 0.0 0.0 0.0 0.0 0.0 0.0 134.0 0.0 0.0 0.0 0.0 0.0 28.0 0.0 0.0 0.0 0.0 145.0 
135.0 0.0 0.0 0.0 0.0 0.0 0.0 0.0 0.0 0.0 0.0 0.0 0.0 9.0 73.0 0.0 75.0 0.0 0.0 0.0 0.0 195.0 0.0 0.0 
0.0 0.0 0.0 0.0 0.0 0.0 0.0 0.0 0.0 0.0 0.0 0.0 0.0 0.0 0.0 187.0 0.0 0.0 0.0 0.0 0.0 0.0 220.0 0.0 
0.0 0.0 0.0 0.0 0.0 66.0 4.0 0.0 0.0 0.0 0.0 0.0 0.0 0.0 0.0 0.0 0.0 0.0 0.0 126.0 310.0 0.0 0.0 0.0 
0.0 0.0 155.0 0.0 247.0 0.0 0.0 0.0 0.0 0.0 0.0 0.0 134.0 0.0 0.0 0.0 0.0 0.0 0.0 182.0 123.0 0.0 0.0 0.0 
0.0 170.0 249.0 0.0 0.0 0.0 0.0 134.0 0.0 0.0 0.0 134.0 0.0 0.0 0.0 0.0 0.0 0.0 120.0 219.0 0.0 0.0 0.0 0.0 
0.0 0.0 0.0 0.0 0.0 0.0 0.0 0.0 9.0 0.0 0.0 0.0 0.0 0.0 0.0 0.0 23.0 0.0 0.0 0.0 0.0 50.0 0.0 0.0 
121.0 0.0 0.0 0.0 0.0 0.0 0.0 0.0 73.0 0.0 0.0 0.0 0.0 0.0 0.0 0.0 0.0 0.0 0.0 0.0 0.0 0.0 210.0 0.0 
142.0 0.0 286.0 0.0 212.0 0.0 0.0 0.0 0.0 187.0 0.0 0.0 0.0 0.0 0.0 0.0 0.0 0.0 0.0 0.0 0.0 0.0 162.0 0.0 
90.0 0.0 0.0 0.0 307.0 0.0 0.0 0.0 75.0 0.0 0.0 0.0 0.0 23.0 0.0 0.0 0.0 0.0 0.0 0.0 0.0 128.0 0.0 0.0 
0.0 111.0 0.0 0.0 0.0 16.0 0.0 0.0 0.0 0.0 0.0 0.0 0.0 0.0 0.0 0.0 0.0 0.0 0.0 84.0 0.0 0.0 0.0 0.0 
0.0 0.0 0.0 0.0 0.0 0.0 0.0 28.0 0.0 0.0 0.0 0.0 120.0 0.0 0.0 0.0 0.0 0.0 0.0 0.0 0.0 0.0 0.0 131.0 
0.0 0.0 0.0 0.0 0.0 135.0 0.0 0.0 0.0 0.0 126.0 182.0 219.0 0.0 0.0 0.0 0.0 84.0 0.0 0.0 269.0 0.0 0.0 0.0 
0.0 325.0 0.0 0.0 386.0 0.0 0.0 0.0 0.0 0.0 310.0 123.0 0.0 0.0 0.0 0.0 0.0 0.0 0.0 269.0 0.0 494.0 0.0 0.0 
0.0 0.0 0.0 1.0 0.0 0.0 0.0 0.0 195.0 0.0 0.0 0.0 0.0 50.0 0.0 0.0 128.0 0.0 0.0 0.0 494.0 0.0 329.0 0.0 
179.0 0.0 0.0 0.0 0.0 0.0 0.0 0.0 0.0 220.0 0.0 0.0 0.0 0.0 210.0 162.0 0.0 0.0 0.0 0.0 0.0 329.0 0.0 519.0 
0.0 395.0 209.0 0.0 0.0 0.0 0.0 145.0 0.0 0.0 0.0 0.0 0.0 0.0 0.0 0.0 0.0 0.0 131.0 0.0 0.0 0.0 519.0 0.0 
