q
622.0 125.0 652.0 655.0 253.0 324.0 2351.0 868.0 711.0 494.0 518.0 8.0 440.0 583.0 958.0 67.0 1344.0 586.0 1198.0 661.0 2042.0 1553.0 1623.0 1930.0 
l
0.0 13.0 98.0 0.0 0.0 76.0 0.0 0.0 0.0 0.0 0.0 0.0 0.0 0.0 100.0 0.0 0.0 0.0 0.0 0.0 298.0 0.0 0.0 0.0 
13.0 0.0 0.0 0.0 0.0 24.0 0.0 0.0 0.0 0.0 0.0 0.0 0.0 0.0 0.0 0.0 0.0 0.0 0.0 0.0 82.0 0.0 0.0 0.0 
98.0 0.0 0.0 54.0 0.0 15.0 0.0 0.0 0.0 0.0 0.0 0.0 0.0 0.0 140.0 19.0 0.0 0.0 0.0 0.0 0.0 0.0 0.0 297.0 
0.0 0.0 54.0 0.0 0.0 0.0 0.0 0.0 0.0 0.0 0.0 0.0 0.0 149.0 123.0 0.0 0.0 0.0 0.0 0.0 0.0 0.0 0.0 299.0 
0.0 0.0 0.0 0.0 0.0 0.0 0.0 0.0 0.0 0.0 0.0 0.0 0.0 18.0 94.0 0.0 0.0 0.0 0.0 0.0 0.0 123.0 0.0 0.0 
76.0 24.0 15.0 0.0 0.0 0.0 0.0 0.0 0.0 0.0 0.0 0.0 0.0 0.0 0.0 8.0 0.0 0.0 0.0 0.0 0.0 0.0 0.0 182.0 
0.0 0.0 0.0 0.0 0.0 0.0 0.0 0.0 0.0 0.0 238.0 0.0 271.0 0.0 0.0 0.0 293.0 0.0 336.0 0.0 565.0 0.0 0.0 541.0 
0.0 0.0 0.0 0.0 0.0 0.0 0.0 0.0 144.0 0.0 0.0 0.0 0.0 0.0 0.0 0.0 239.0 0.0 0.0 127.0 0.0 306.0 0.0 0.0 
0.0 0.0 0.0 0.0 0.0 0.0 0.0 144.0 0.0 0.0 0.0 1.0 0.0 0.0 0.0 0.0 207.0 114.0 0.0 0.0 0.0 0.0 215.0 0.0 
0.0 0.0 0.0 0.0 0.0 0.0 0.0 0.0 0.0 0.0 0.0 0.0 0.0 0.0 0.0 0.0 0.0 33.0 211.0 0.0 0.0 0.0 223.0 0.0 
0.0 0.0 0.0 0.0 0.0 0.0 238.0 0.0 0.0 0.0 0.0 0.0 44.0 0.0 0.0 0.0 136.0 0.0 82.0 0.0 0.0 0.0 0.0 0.0 
0.0 0.0 0.0 0.0 0.0 0.0 0.0 0.0 1.0 0.0 0.0 0.0 0.0 0.0 0.0 0.0 0.0 2.0 0.0 0.0 0.0 0.0 4.0 0.0 
0.0 0.0 0.0 0.0 0.0 0.0 271.0 0.0 0.0 0.0 44.0 0.0 0.0 0.0 0.0 0.0 0.0 0.0 102.0 0.0 0.0 0.0 0.0 0.0 
0.0 0.0 0.0 149.0 18.0 0.0 0.0 0.0 0.0 0.0 0.0 0.0 0.0 0.0 111.0 0.0 0.0 0.0 0.0 0.0 0.0 278.0 0.0 0.0 
100.0 0.0 140.0 123.0 94.0 0.0 0.0 0.0 0.0 0.0 0.0 0.0 0.0 111.0 0.0 0.0 0.0 0.0 0.0 0.0 342.0 0.0 0.0 0.0 
0.0 0.0 19.0 0.0 0.0 8.0 0.0 0.0 0.0 0.0 0.0 0.0 0.0 0.0 0.0 0.0 0.0 0.0 0.0 0.0 0.0 0.0 0.0 36.0 
0.0 0.0 0.0 0.0 0.0 0.0 293.0 239.0 207.0 0.0 136.0 0.0 0.0 0.0 0.0 0.0 0.0 0.0 209.0 203.0 0.0 0.0 0.0 0.0 
0.0 0.0 0.0 0.0 0.0 0.0 0.0 0.0 114.0 33.0 0.0 2.0 0.0 0.0 0.0 0.0 0.0 0.0 190.0 0.0 0.0 0.0 217.0 0.0 
0.0 0.0 0.0 0.0 0.0 0.0 336.0 0.0 0.0 211.0 82.0 0.0 102.0 0.0 0.0 0.0 209.0 190.0 0.0 0.0 0.0 0.0 0.0 0.0 
0.0 0.0 0.0 0.0 0.0 0.0 0.0 127.0 0.0 0.0 0.0 0.0 0.0 0.0 0.0 0.0 203.0 0.0 0.0 0.0 299.0 0.0 0.0 0.0 
298.0 82.0 0.0 0.0 0.0 0.0 565.0 0.0 0.0 0.0 0.0 0.0 0.0 0.0 342.0 0.0 0.0 0.0 0.0 299.0 0.0 353.0 0.0 0.0 
0.0 0.0 0.0 0.0 123.0 0.0 0.0 306.0 0.0 0.0 0.0 0.0 0.0 278.0 0.0 0.0 0.0 0.0 0.0 0.0 353.0 0.0 415.0 0.0 
0.0 0.0 0.0 0.0 0.0 0.0 0.0 0.0 215.0 223.0 0.0 4.0 0.0 0.0 0.0 0.0 0.0 217.0 0.0 0.0 0.0 415.0 0.0 480.0 
0.0 0.0 297.0 299.0 0.0 182.0 541.0 0.0 0.0 0.0 0.0 0.0 0.0 0.0 0.0 36.0 0.0 0.0 0.0 0.0 0.0 0.0 480.0 0.0 
