q
783.0 1182.0 784.0 1772.0 755.0 441.0 58.0 69.0 316.0 750.0 555.0 203.0 612.0 672.0 672.0 971.0 745.0 12.0 613.0 437.0 2239.0 2304.0 1887.0 1156.0 
l
0.0 0.0 187.0 0.0 0.0 0.0 0.0 0.0 52.0 0.0 98.0 0.0 0.0 0.0 0.0 0.0 121.0 0.0 0.0 0.0 290.0 0.0 0.0 0.0 
0.0 0.0 114.0 0.0 0.0 0.0 27.0 0.0 0.0 187.0 0.0 0.0 0.0 0.0 216.0 0.0 139.0 0.0 0.0 0.0 0.0 437.0 0.0 0.0 
187.0 114.0 0.0 214.0 0.0 0.0 0.0 0.0 0.0 113.0 0.0 0.0 0.0 0.0 0.0 0.0 112.0 0.0 0.0 0.0 0.0 0.0 0.0 0.0 
0.0 0.0 214.0 0.0 0.0 0.0 0.0 0.0 0.0 193.0 0.0 126.0 0.0 0.0 0.0 0.0 0.0 0.0 0.0 231.0 594.0 0.0 0.0 338.0 
0.0 0.0 0.0 0.0 0.0 84.0 0.0 0.0 0.0 0.0 0.0 0.0 0.0 64.0 0.0 134.0 0.0 0.0 176.0 0.0 0.0 0.0 270.0 0.0 
0.0 0.0 0.0 0.0 84.0 0.0 0.0 0.0 0.0 0.0 0.0 0.0 0.0 58.0 0.0 0.0 0.0 0.0 0.0 0.0 0.0 0.0 274.0 0.0 
0.0 27.0 0.0 0.0 0.0 0.0 0.0 0.0 0.0 0.0 0.0 0.0 0.0 0.0 6.0 0.0 0.0 0.0 0.0 0.0 0.0 0.0 0.0 23.0 
0.0 0.0 0.0 0.0 0.0 0.0 0.0 0.0 0.0 0.0 0.0 0.0 0.0 0.0 11.0 0.0 0.0 0.0 0.0 14.0 0.0 0.0 0.0 42.0 
52.0 0.0 0.0 0.0 0.0 0.0 0.0 0.0 0.0 0.0 70.0 0.0 0.0 0.0 0.0 0.0 0.0 0.0 0.0 0.0 174.0 0.0 0.0 0.0 
0.0 187.0 113.0 193.0 0.0 0.0 0.0 0.0 0.0 0.0 0.0 50.0 0.0 0.0 98.0 0.0 0.0 0.0 0.0 67.0 0.0 0.0 0.0 0.0 
98.0 0.0 0.0 0.0 0.0 0.0 0.0 0.0 70.0 0.0 0.0 0.0 0.0 0.0 0.0 0.0 77.0 0.0 0.0 0.0 0.0 277.0 0.0 0.0 
0.0 0.0 0.0 126.0 0.0 0.0 0.0 0.0 0.0 50.0 0.0 0.0 0.0 0.0 0.0 0.0 0.0 0.0 0.0 16.0 0.0 0.0 0.0 0.0 
0.0 0.0 0.0 0.0 0.0 0.0 0.0 0.0 0.0 0.0 0.0 0.0 0.0 128.0 0.0 145.0 0.0 3.0 0.0 0.0 0.0 299.0 0.0 0.0 
0.0 0.0 0.0 0.0 64.0 58.0 0.0 0.0 0.0 0.0 0.0 0.0 128.0 0.0 0.0 175.0 0.0 2.0 0.0 0.0 0.0 0.0 212.0 0.0 
0.0 216.0 0.0 0.0 0.0 0.0 6.0 11.0 0.0 98.0 0.0 0.0 0.0 0.0 0.0 0.0 0.0 0.0 0.0 88.0 0.0 0.0 0.0 214.0 
0.0 0.0 0.0 0.0 134.0 0.0 0.0 0.0 0.0 0.0 0.0 0.0 145.0 175.0 0.0 0.0 0.0 0.0 73.0 0.0 391.0 0.0 0.0 0.0 
121.0 139.0 112.0 0.0 0.0 0.0 0.0 0.0 0.0 0.0 77.0 0.0 0.0 0.0 0.0 0.0 0.0 0.0 0.0 0.0 0.0 257.0 0.0 0.0 
0.0 0.0 0.0 0.0 0.0 0.0 0.0 0.0 0.0 0.0 0.0 0.0 3.0 2.0 0.0 0.0 0.0 0.0 0.0 0.0 0.0 0.0 7.0 0.0 
0.0 0.0 0.0 0.0 176.0 0.0 0.0 0.0 0.0 0.0 0.0 0.0 0.0 0.0 0.0 73.0 0.0 0.0 0.0 0.0 335.0 0.0 0.0 0.0 
0.0 0.0 0.0 231.0 0.0 0.0 0.0 14.0 0.0 67.0 0.0 16.0 0.0 0.0 88.0 0.0 0.0 0.0 0.0 0.0 0.0 0.0 0.0 0.0 
290.0 0.0 0.0 594.0 0.0 0.0 0.0 0.0 174.0 0.0 0.0 0.0 0.0 0.0 0.0 391.0 0.0 0.0 335.0 0.0 0.0 362.0 0.0 0.0 
0.0 437.0 0.0 0.0 0.0 0.0 0.0 0.0 0.0 0.0 277.0 0.0 299.0 0.0 0.0 0.0 257.0 0.0 0.0 0.0 362.0 0.0 549.0 0.0 
0.0 0.0 0.0 0.0 270.0 274.0 0.0 0.0 0.0 0.0 0.0 0.0 0.0 212.0 0.0 0.0 0.0 7.0 0.0 0.0 0.0 549.0 0.0 490.0 
0.0 0.0 0.0 338.0 0.0 0.0 23.0 42.0 0.0 0.0 0.0 0.0 0.0 0.0 214.0 0.0 0.0 0.0 0.0 0.0 0.0 0.0 490.0 0.0 
