q
451.0 1995.0 1510.0 536.0 680.0 853.0 372.0 1076.0 1261.0 10.0 1287.0 456.0 455.0 562.0 1535.0 58.0 520.0 2.0 1.0 486.0 1817.0 1107.0 1061.0 1473.0 
l
0.0 0.0 0.0 0.0 81.0 107.0 0.0 0.0 0.0 0.0 0.0 30.0 0.0 0.0 0.0 0.0 0.0 0.0 0.0 0.0 214.0 0.0 0.0 0.0 
0.0 0.0 0.0 0.0 0.0 297.0 0.0 0.0 159.0 0.0 0.0 0.0 0.0 0.0 235.0 0.0 0.0 0.0 0.0 175.0 465.0 0.0 0.0 565.0 
0.0 0.0 0.0 0.0 187.0 0.0 0.0 0.0 281.0 0.0 336.0 0.0 222.0 155.0 0.0 0.0 0.0 0.0 0.0 0.0 256.0 0.0 0.0 0.0 
0.0 0.0 0.0 0.0 0.0 0.0 32.0 192.0 0.0 0.0 0.0 0.0 0.0 0.0 0.0 0.0 70.0 0.0 0.0 0.0 0.0 0.0 0.0 214.0 
81.0 0.0 187.0 0.0 0.0 95.0 0.0 0.0 170.0 0.0 0.0 0.0 0.0 0.0 0.0 0.0 0.0 0.0 0.0 0.0 126.0 0.0 0.0 0.0 
107.0 297.0 0.0 0.0 95.0 0.0 0.0 0.0 174.0 0.0 0.0 142.0 0.0 0.0 0.0 0.0 0.0 0.0 0.0 0.0 0.0 0.0 0.0 0.0 
0.0 0.0 0.0 32.0 0.0 0.0 0.0 145.0 0.0 0.0 0.0 0.0 0.0 0.0 0.0 8.0 0.0 0.0 0.0 0.0 0.0 0.0 0.0 171.0 
0.0 0.0 0.0 192.0 0.0 0.0 145.0 0.0 0.0 0.0 256.0 0.0 0.0 0.0 259.0 17.0 0.0 0.0 0.0 0.0 0.0 0.0 153.0 0.0 
0.0 159.0 281.0 0.0 170.0 174.0 0.0 0.0 0.0 0.0 0.0 0.0 0.0 0.0 292.0 0.0 0.0 0.0 0.0 141.0 0.0 0.0 0.0 0.0 
0.0 0.0 0.0 0.0 0.0 0.0 0.0 0.0 0.0 0.0 1.0 0.0 0.0 5.0 0.0 0.0 0.0 0.0 0.0 0.0 0.0 0.0 4.0 0.0 
0.0 0.0 336.0 0.0 0.0 0.0 0.0 256.0 0.0 1.0 0.0 0.0 0.0 203.0 265.0 0.0 0.0 0.0 0.0 0.0 0.0 0.0 176.0 0.0 
30.0 0.0 0.0 0.0 0.0 142.0 0.0 0.0 0.0 0.0 0.0 0.0 0.0 0.0 0.0 0.0 0.0 0.0 0.0 0.0 259.0 0.0 0.0 0.0 
0.0 0.0 222.0 0.0 0.0 0.0 0.0 0.0 0.0 0.0 0.0 0.0 0.0 51.0 0.0 0.0 0.0 0.0 0.0 0.0 0.0 152.0 0.0 0.0 
0.0 0.0 155.0 0.0 0.0 0.0 0.0 0.0 0.0 5.0 203.0 0.0 51.0 0.0 0.0 0.0 0.0 1.0 0.0 0.0 0.0 119.0 0.0 0.0 
0.0 235.0 0.0 0.0 0.0 0.0 0.0 259.0 292.0 0.0 265.0 0.0 0.0 0.0 0.0 0.0 253.0 0.0 0.0 147.0 0.0 0.0 0.0 0.0 
0.0 0.0 0.0 0.0 0.0 0.0 8.0 17.0 0.0 0.0 0.0 0.0 0.0 0.0 0.0 0.0 0.0 0.0 0.0 0.0 0.0 0.0 31.0 0.0 
0.0 0.0 0.0 70.0 0.0 0.0 0.0 0.0 0.0 0.0 0.0 0.0 0.0 0.0 253.0 0.0 0.0 0.0 0.0 0.0 0.0 0.0 0.0 165.0 
0.0 0.0 0.0 0.0 0.0 0.0 0.0 0.0 0.0 0.0 0.0 0.0 0.0 1.0 0.0 0.0 0.0 0.0 0.0 0.0 0.0 1.0 0.0 0.0 
0.0 0.0 0.0 0.0 0.0 0.0 0.0 0.0 0.0 0.0 0.0 0.0 0.0 0.0 0.0 0.0 0.0 0.0 0.0 0.0 0.0 1.0 0.0 0.0 
0.0 175.0 0.0 0.0 0.0 0.0 0.0 0.0 141.0 0.0 0.0 0.0 0.0 0.0 147.0 0.0 0.0 0.0 0.0 0.0 0.0 0.0 0.0 0.0 
214.0 465.0 256.0 0.0 126.0 0.0 0.0 0.0 0.0 0.0 0.0 259.0 0.0 0.0 0.0 0.0 0.0 0.0 0.0 0.0 0.0 416.0 0.0 0.0 
0.0 0.0 0.0 0.0 0.0 0.0 0.0 0.0 0.0 0.0 0.0 0.0 152.0 119.0 0.0 0.0 0.0 1.0 1.0 0.0 416.0 0.0 355.0 0.0 
0.0 0.0 0.0 0.0 0.0 0.0 0.0 153.0 0.0 4.0 176.0 0.0 0.0 0.0 0.0 31.0 0.0 0.0 0.0 0.0 0.0 355.0 0.0 292.0 
0.0 565.0 0.0 214.0 0.0 0.0 171.0 0.0 0.0 0.0 0.0 0.0 0.0 0.0 0.0 0.0 165.0 0.0 0.0 0.0 0.0 0.0 292.0 0.0 
