q
434.0 585.0 431.0 120.0 725.0 1780.0 937.0 324.0 1145.0 1115.0 774.0 474.0 198.0 612.0 571.0 5.0 62.0 842.0 573.0 562.0 2253.0 2616.0 1277.0 1891.0 
l
0.0 35.0 0.0 0.0 0.0 0.0 0.0 0.0 135.0 0.0 0.0 0.0 0.0 36.0 0.0 2.0 0.0 0.0 0.0 0.0 0.0 0.0 0.0 204.0 
35.0 0.0 0.0 37.0 0.0 0.0 0.0 0.0 214.0 0.0 0.0 0.0 0.0 0.0 0.0 0.0 0.0 0.0 0.0 0.0 0.0 0.0 0.0 262.0 
0.0 0.0 0.0 0.0 105.0 0.0 0.0 0.0 0.0 0.0 0.0 0.0 0.0 0.0 0.0 0.0 0.0 0.0 39.0 0.0 261.0 0.0 0.0 0.0 
0.0 37.0 0.0 0.0 0.0 0.0 0.0 0.0 0.0 0.0 0.0 0.0 0.0 0.0 0.0 0.0 0.0 0.0 0.0 0.0 0.0 0.0 76.0 0.0 
0.0 0.0 105.0 0.0 0.0 240.0 0.0 0.0 0.0 160.0 0.0 0.0 27.0 0.0 0.0 0.0 10.0 0.0 139.0 0.0 0.0 0.0 0.0 0.0 
0.0 0.0 0.0 0.0 240.0 0.0 0.0 0.0 0.0 277.0 0.0 0.0 95.0 0.0 0.0 0.0 47.0 0.0 0.0 0.0 378.0 0.0 0.0 658.0 
0.0 0.0 0.0 0.0 0.0 0.0 0.0 80.0 0.0 261.0 126.0 0.0 0.0 0.0 0.0 0.0 0.0 138.0 0.0 0.0 0.0 0.0 285.0 0.0 
0.0 0.0 0.0 0.0 0.0 0.0 80.0 0.0 0.0 0.0 95.0 0.0 0.0 0.0 0.0 0.0 0.0 0.0 0.0 0.0 0.0 0.0 127.0 0.0 
135.0 214.0 0.0 0.0 0.0 0.0 0.0 0.0 0.0 0.0 0.0 112.0 0.0 119.0 0.0 0.0 0.0 0.0 0.0 73.0 0.0 436.0 0.0 0.0 
0.0 0.0 0.0 0.0 160.0 277.0 261.0 0.0 0.0 0.0 0.0 0.0 61.0 0.0 144.0 0.0 0.0 157.0 0.0 0.0 0.0 0.0 0.0 0.0 
0.0 0.0 0.0 0.0 0.0 0.0 126.0 95.0 0.0 0.0 0.0 0.0 0.0 0.0 0.0 0.0 0.0 177.0 0.0 0.0 0.0 342.0 0.0 0.0 
0.0 0.0 0.0 0.0 0.0 0.0 0.0 0.0 112.0 0.0 0.0 0.0 0.0 0.0 0.0 0.0 0.0 0.0 0.0 42.0 0.0 295.0 0.0 0.0 
0.0 0.0 0.0 0.0 27.0 95.0 0.0 0.0 0.0 61.0 0.0 0.0 0.0 0.0 0.0 0.0 4.0 0.0 0.0 0.0 0.0 0.0 0.0 0.0 
36.0 0.0 0.0 0.0 0.0 0.0 0.0 0.0 119.0 0.0 0.0 0.0 0.0 0.0 0.0 2.0 0.0 0.0 0.0 125.0 0.0 0.0 0.0 297.0 
0.0 0.0 0.0 0.0 0.0 0.0 0.0 0.0 0.0 144.0 0.0 0.0 0.0 0.0 0.0 0.0 0.0 97.0 81.0 0.0 224.0 0.0 0.0 0.0 
2.0 0.0 0.0 0.0 0.0 0.0 0.0 0.0 0.0 0.0 0.0 0.0 0.0 2.0 0.0 0.0 0.0 0.0 0.0 0.0 0.0 0.0 0.0 1.0 
0.0 0.0 0.0 0.0 10.0 47.0 0.0 0.0 0.0 0.0 0.0 0.0 4.0 0.0 0.0 0.0 0.0 0.0 0.0 0.0 0.0 0.0 0.0 0.0 
0.0 0.0 0.0 0.0 0.0 0.0 138.0 0.0 0.0 157.0 177.0 0.0 0.0 0.0 97.0 0.0 0.0 0.0 0.0 0.0 238.0 0.0 0.0 0.0 
0.0 0.0 39.0 0.0 139.0 0.0 0.0 0.0 0.0 0.0 0.0 0.0 0.0 0.0 81.0 0.0 0.0 0.0 0.0 0.0 287.0 0.0 0.0 0.0 
0.0 0.0 0.0 0.0 0.0 0.0 0.0 0.0 73.0 0.0 0.0 42.0 0.0 125.0 0.0 0.0 0.0 0.0 0.0 0.0 0.0 299.0 0.0 0.0 
0.0 0.0 261.0 0.0 0.0 378.0 0.0 0.0 0.0 0.0 0.0 0.0 0.0 0.0 224.0 0.0 0.0 238.0 287.0 0.0 0.0 765.0 0.0 0.0 
0.0 0.0 0.0 0.0 0.0 0.0 0.0 0.0 436.0 0.0 342.0 295.0 0.0 0.0 0.0 0.0 0.0 0.0 0.0 299.0 765.0 0.0 359.0 0.0 
0.0 0.0 0.0 76.0 0.0 0.0 285.0 127.0 0.0 0.0 0.0 0.0 0.0 0.0 0.0 0.0 0.0 0.0 0.0 0.0 0.0 359.0 0.0 363.0 
204.0 262.0 0.0 0.0 0.0 658.0 0.0 0.0 0.0 0.0 0.0 0.0 0.0 297.0 0.0 1.0 0.0 0.0 0.0 0.0 0.0 0.0 363.0 0.0 
