q
584.0 444.0 878.0 457.0 699.0 455.0 1369.0 380.0 1420.0 1.0 1.0 526.0 189.0 1681.0 477.0 45.0 1182.0 1782.0 1286.0 926.0 1254.0 1333.0 1703.0 1170.0 
l
0.0 0.0 0.0 0.0 0.0 60.0 0.0 0.0 0.0 0.0 0.0 0.0 25.0 0.0 0.0 0.0 133.0 0.0 197.0 0.0 0.0 0.0 0.0 137.0 
0.0 0.0 0.0 0.0 0.0 58.0 0.0 0.0 0.0 0.0 0.0 0.0 0.0 0.0 0.0 0.0 133.0 0.0 0.0 0.0 0.0 0.0 223.0 0.0 
0.0 0.0 0.0 0.0 114.0 0.0 0.0 0.0 0.0 0.0 0.0 0.0 0.0 303.0 107.0 0.0 0.0 0.0 0.0 205.0 120.0 0.0 0.0 0.0 
0.0 0.0 0.0 0.0 0.0 0.0 163.0 0.0 0.0 0.0 0.0 0.0 0.0 0.0 0.0 0.0 0.0 180.0 0.0 96.0 0.0 0.0 0.0 0.0 
0.0 0.0 114.0 0.0 0.0 0.0 0.0 134.0 0.0 0.0 0.0 0.0 0.0 240.0 0.0 18.0 0.0 0.0 0.0 0.0 159.0 0.0 0.0 0.0 
60.0 58.0 0.0 0.0 0.0 0.0 0.0 0.0 0.0 0.0 0.0 0.0 0.0 0.0 0.0 0.0 149.0 0.0 0.0 0.0 0.0 0.0 0.0 153.0 
0.0 0.0 0.0 163.0 0.0 0.0 0.0 0.0 238.0 0.0 0.0 0.0 0.0 297.0 0.0 0.0 0.0 163.0 241.0 209.0 0.0 0.0 0.0 0.0 
0.0 0.0 0.0 0.0 134.0 0.0 0.0 0.0 0.0 0.0 0.0 0.0 0.0 0.0 0.0 0.0 0.0 0.0 0.0 0.0 0.0 222.0 0.0 0.0 
0.0 0.0 0.0 0.0 0.0 0.0 238.0 0.0 0.0 0.0 0.0 129.0 0.0 341.0 0.0 0.0 259.0 0.0 194.0 0.0 0.0 0.0 189.0 0.0 
0.0 0.0 0.0 0.0 0.0 0.0 0.0 0.0 0.0 0.0 0.0 0.0 0.0 0.0 0.0 0.0 0.0 0.0 0.0 0.0 1.0 0.0 0.0 0.0 
0.0 0.0 0.0 0.0 0.0 0.0 0.0 0.0 0.0 0.0 0.0 0.0 0.0 0.0 0.0 0.0 0.0 0.0 0.0 0.0 0.0 0.0 0.0 1.0 
0.0 0.0 0.0 0.0 0.0 0.0 0.0 0.0 129.0 0.0 0.0 0.0 0.0 188.0 0.0 0.0 0.0 0.0 0.0 0.0 0.0 0.0 186.0 0.0 
25.0 0.0 0.0 0.0 0.0 0.0 0.0 0.0 0.0 0.0 0.0 0.0 0.0 0.0 0.0 0.0 0.0 0.0 89.0 0.0 0.0 0.0 0.0 61.0 
0.0 0.0 303.0 0.0 240.0 0.0 297.0 0.0 341.0 0.0 0.0 188.0 0.0 0.0 0.0 0.0 0.0 0.0 0.0 0.0 0.0 233.0 0.0 0.0 
0.0 0.0 107.0 0.0 0.0 0.0 0.0 0.0 0.0 0.0 0.0 0.0 0.0 0.0 0.0 0.0 0.0 0.0 0.0 160.0 191.0 0.0 0.0 0.0 
0.0 0.0 0.0 0.0 18.0 0.0 0.0 0.0 0.0 0.0 0.0 0.0 0.0 0.0 0.0 0.0 0.0 0.0 0.0 0.0 0.0 24.0 0.0 0.0 
133.0 133.0 0.0 0.0 0.0 149.0 0.0 0.0 259.0 0.0 0.0 0.0 0.0 0.0 0.0 0.0 0.0 0.0 216.0 0.0 0.0 0.0 224.0 0.0 
0.0 0.0 0.0 180.0 0.0 0.0 163.0 0.0 0.0 0.0 0.0 0.0 0.0 0.0 0.0 0.0 0.0 0.0 280.0 220.0 416.0 0.0 0.0 438.0 
197.0 0.0 0.0 0.0 0.0 0.0 241.0 0.0 194.0 0.0 0.0 0.0 89.0 0.0 0.0 0.0 216.0 280.0 0.0 0.0 0.0 0.0 0.0 0.0 
0.0 0.0 205.0 96.0 0.0 0.0 209.0 0.0 0.0 0.0 0.0 0.0 0.0 0.0 160.0 0.0 0.0 220.0 0.0 0.0 0.0 0.0 0.0 0.0 
0.0 0.0 120.0 0.0 159.0 0.0 0.0 0.0 0.0 1.0 0.0 0.0 0.0 0.0 191.0 0.0 0.0 416.0 0.0 0.0 0.0 298.0 0.0 0.0 
0.0 0.0 0.0 0.0 0.0 0.0 0.0 222.0 0.0 0.0 0.0 0.0 0.0 233.0 0.0 24.0 0.0 0.0 0.0 0.0 298.0 0.0 478.0 0.0 
0.0 223.0 0.0 0.0 0.0 0.0 0.0 0.0 189.0 0.0 0.0 186.0 0.0 0.0 0.0 0.0 224.0 0.0 0.0 0.0 0.0 478.0 0.0 319.0 
137.0 0.0 0.0 0.0 0.0 153.0 0.0 0.0 0.0 0.0 1.0 0.0 61.0 0.0 0.0 0.0 0.0 438.0 0.0 0.0 0.0 0.0 319.0 0.0 
