q
841.0 641.0 1535.0 1365.0 526.0 926.0 13.0 733.0 1433.0 191.0 252.0 356.0 504.0 37.0 465.0 403.0 915.0 468.0 590.0 2054.0 2019.0 1155.0 2085.0 1395.0 
l
0.0 109.0 198.0 0.0 0.0 0.0 0.0 0.0 314.0 0.0 0.0 0.0 0.0 0.0 0.0 0.0 0.0 0.0 0.0 0.0 0.0 179.0 0.0 0.0 
109.0 0.0 200.0 0.0 0.0 0.0 1.0 0.0 0.0 0.0 0.0 0.0 0.0 0.0 0.0 0.0 0.0 0.0 96.0 0.0 0.0 207.0 0.0 0.0 
198.0 200.0 0.0 324.0 0.0 0.0 0.0 0.0 0.0 0.0 0.0 0.0 207.0 0.0 0.0 0.0 0.0 0.0 189.0 327.0 0.0 0.0 0.0 0.0 
0.0 0.0 324.0 0.0 0.0 203.0 0.0 127.0 297.0 0.0 0.0 0.0 0.0 0.0 147.0 0.0 0.0 0.0 0.0 190.0 0.0 0.0 0.0 0.0 
0.0 0.0 0.0 0.0 0.0 0.0 0.0 0.0 0.0 0.0 0.0 17.0 0.0 0.0 0.0 19.0 177.0 0.0 0.0 0.0 0.0 0.0 278.0 0.0 
0.0 0.0 0.0 203.0 0.0 0.0 0.0 127.0 235.0 0.0 44.0 0.0 0.0 0.0 0.0 0.0 0.0 109.0 0.0 0.0 0.0 0.0 0.0 165.0 
0.0 1.0 0.0 0.0 0.0 0.0 0.0 0.0 0.0 0.0 0.0 0.0 0.0 0.0 0.0 0.0 0.0 0.0 2.0 0.0 0.0 7.0 0.0 0.0 
0.0 0.0 0.0 127.0 0.0 127.0 0.0 0.0 0.0 0.0 0.0 0.0 0.0 15.0 61.0 0.0 0.0 126.0 0.0 242.0 0.0 0.0 0.0 0.0 
314.0 0.0 0.0 297.0 0.0 235.0 0.0 0.0 0.0 0.0 90.0 0.0 0.0 0.0 0.0 0.0 0.0 0.0 0.0 0.0 0.0 0.0 419.0 0.0 
0.0 0.0 0.0 0.0 0.0 0.0 0.0 0.0 0.0 0.0 0.0 52.0 0.0 0.0 0.0 0.0 18.0 0.0 0.0 0.0 109.0 0.0 0.0 0.0 
0.0 0.0 0.0 0.0 0.0 44.0 0.0 0.0 90.0 0.0 0.0 0.0 0.0 0.0 0.0 0.0 0.0 0.0 0.0 0.0 0.0 0.0 0.0 103.0 
0.0 0.0 0.0 0.0 17.0 0.0 0.0 0.0 0.0 52.0 0.0 0.0 0.0 0.0 0.0 0.0 91.0 0.0 0.0 0.0 0.0 0.0 179.0 0.0 
0.0 0.0 207.0 0.0 0.0 0.0 0.0 0.0 0.0 0.0 0.0 0.0 0.0 0.0 0.0 0.0 0.0 0.0 41.0 0.0 230.0 0.0 0.0 0.0 
0.0 0.0 0.0 0.0 0.0 0.0 0.0 15.0 0.0 0.0 0.0 0.0 0.0 0.0 0.0 0.0 0.0 2.0 0.0 0.0 0.0 0.0 0.0 18.0 
0.0 0.0 0.0 147.0 0.0 0.0 0.0 61.0 0.0 0.0 0.0 0.0 0.0 0.0 0.0 0.0 0.0 0.0 0.0 232.0 0.0 0.0 0.0 0.0 
0.0 0.0 0.0 0.0 19.0 0.0 0.0 0.0 0.0 0.0 0.0 0.0 0.0 0.0 0.0 0.0 122.0 0.0 0.0 0.0 0.0 0.0 237.0 0.0 
0.0 0.0 0.0 0.0 177.0 0.0 0.0 0.0 0.0 18.0 0.0 91.0 0.0 0.0 0.0 122.0 0.0 0.0 0.0 0.0 453.0 0.0 0.0 0.0 
0.0 0.0 0.0 0.0 0.0 109.0 0.0 126.0 0.0 0.0 0.0 0.0 0.0 2.0 0.0 0.0 0.0 0.0 0.0 0.0 0.0 0.0 0.0 202.0 
0.0 96.0 189.0 0.0 0.0 0.0 2.0 0.0 0.0 0.0 0.0 0.0 41.0 0.0 0.0 0.0 0.0 0.0 0.0 0.0 237.0 0.0 0.0 0.0 
0.0 0.0 327.0 190.0 0.0 0.0 0.0 242.0 0.0 0.0 0.0 0.0 0.0 0.0 232.0 0.0 0.0 0.0 0.0 0.0 590.0 0.0 0.0 388.0 
0.0 0.0 0.0 0.0 0.0 0.0 0.0 0.0 0.0 109.0 0.0 0.0 230.0 0.0 0.0 0.0 453.0 0.0 237.0 590.0 0.0 300.0 0.0 0.0 
179.0 207.0 0.0 0.0 0.0 0.0 7.0 0.0 0.0 0.0 0.0 0.0 0.0 0.0 0.0 0.0 0.0 0.0 0.0 0.0 300.0 0.0 404.0 0.0 
0.0 0.0 0.0 0.0 278.0 0.0 0.0 0.0 419.0 0.0 0.0 179.0 0.0 0.0 0.0 237.0 0.0 0.0 0.0 0.0 0.0 404.0 0.0 448.0 
0.0 0.0 0.0 0.0 0.0 165.0 0.0 0.0 0.0 0.0 103.0 0.0 0.0 18.0 0.0 0.0 0.0 202.0 0.0 388.0 0.0 0.0 448.0 0.0 
