q
616.0 921.0 569.0 10.0 270.0 1616.0 273.0 569.0 1431.0 720.0 1529.0 508.0 86.0 1067.0 1115.0 758.0 915.0 269.0 256.0 727.0 1868.0 2256.0 1286.0 1469.0 
l
0.0 0.0 0.0 0.0 0.0 0.0 0.0 0.0 0.0 0.0 0.0 0.0 0.0 0.0 205.0 105.0 0.0 0.0 0.0 0.0 0.0 0.0 0.0 267.0 
0.0 0.0 0.0 0.0 109.0 0.0 0.0 0.0 177.0 0.0 0.0 83.0 0.0 0.0 0.0 0.0 159.0 69.0 0.0 0.0 0.0 280.0 0.0 0.0 
0.0 0.0 0.0 0.0 0.0 0.0 0.0 0.0 0.0 0.0 0.0 0.0 0.0 0.0 125.0 105.0 0.0 0.0 0.0 0.0 299.0 0.0 0.0 0.0 
0.0 0.0 0.0 0.0 0.0 0.0 0.0 0.0 0.0 0.0 0.0 0.0 0.0 4.0 0.0 0.0 2.0 0.0 0.0 0.0 0.0 0.0 4.0 0.0 
0.0 109.0 0.0 0.0 0.0 0.0 0.0 0.0 0.0 0.0 0.0 0.0 0.0 0.0 0.0 0.0 0.0 3.0 0.0 0.0 0.0 0.0 139.0 0.0 
0.0 0.0 0.0 0.0 0.0 0.0 0.0 165.0 374.0 186.0 0.0 0.0 0.0 275.0 0.0 0.0 0.0 0.0 0.0 242.0 287.0 0.0 0.0 0.0 
0.0 0.0 0.0 0.0 0.0 0.0 0.0 0.0 0.0 0.0 0.0 0.0 7.0 0.0 0.0 0.0 0.0 0.0 0.0 86.0 165.0 0.0 0.0 0.0 
0.0 0.0 0.0 0.0 0.0 165.0 0.0 0.0 196.0 0.0 0.0 0.0 0.0 0.0 0.0 0.0 0.0 0.0 0.0 0.0 188.0 0.0 0.0 0.0 
0.0 177.0 0.0 0.0 0.0 374.0 0.0 196.0 0.0 0.0 0.0 164.0 0.0 0.0 0.0 0.0 202.0 0.0 0.0 0.0 0.0 260.0 0.0 0.0 
0.0 0.0 0.0 0.0 0.0 186.0 0.0 0.0 0.0 0.0 197.0 0.0 0.0 151.0 0.0 0.0 0.0 0.0 68.0 96.0 0.0 0.0 0.0 0.0 
0.0 0.0 0.0 0.0 0.0 0.0 0.0 0.0 0.0 197.0 0.0 0.0 46.0 0.0 0.0 288.0 0.0 0.0 0.0 231.0 326.0 0.0 0.0 349.0 
0.0 83.0 0.0 0.0 0.0 0.0 0.0 0.0 164.0 0.0 0.0 0.0 0.0 0.0 0.0 0.0 0.0 0.0 0.0 0.0 0.0 234.0 0.0 0.0 
0.0 0.0 0.0 0.0 0.0 0.0 7.0 0.0 0.0 0.0 46.0 0.0 0.0 0.0 0.0 0.0 0.0 0.0 0.0 27.0 0.0 0.0 0.0 0.0 
0.0 0.0 0.0 4.0 0.0 275.0 0.0 0.0 0.0 151.0 0.0 0.0 0.0 0.0 0.0 0.0 270.0 0.0 66.0 0.0 0.0 0.0 0.0 249.0 
205.0 0.0 125.0 0.0 0.0 0.0 0.0 0.0 0.0 0.0 0.0 0.0 0.0 0.0 0.0 217.0 0.0 0.0 0.0 0.0 0.0 501.0 0.0 0.0 
105.0 0.0 105.0 0.0 0.0 0.0 0.0 0.0 0.0 0.0 288.0 0.0 0.0 0.0 217.0 0.0 0.0 0.0 0.0 0.0 0.0 0.0 0.0 0.0 
0.0 159.0 0.0 2.0 0.0 0.0 0.0 0.0 202.0 0.0 0.0 0.0 0.0 270.0 0.0 0.0 0.0 58.0 0.0 0.0 0.0 0.0 177.0 0.0 
0.0 69.0 0.0 0.0 3.0 0.0 0.0 0.0 0.0 0.0 0.0 0.0 0.0 0.0 0.0 0.0 58.0 0.0 0.0 0.0 0.0 0.0 117.0 0.0 
0.0 0.0 0.0 0.0 0.0 0.0 0.0 0.0 0.0 68.0 0.0 0.0 0.0 66.0 0.0 0.0 0.0 0.0 0.0 0.0 0.0 0.0 0.0 111.0 
0.0 0.0 0.0 0.0 0.0 242.0 86.0 0.0 0.0 96.0 231.0 0.0 27.0 0.0 0.0 0.0 0.0 0.0 0.0 0.0 0.0 0.0 0.0 0.0 
0.0 0.0 299.0 0.0 0.0 287.0 165.0 188.0 0.0 0.0 326.0 0.0 0.0 0.0 0.0 0.0 0.0 0.0 0.0 0.0 0.0 506.0 0.0 0.0 
0.0 280.0 0.0 0.0 0.0 0.0 0.0 0.0 260.0 0.0 0.0 234.0 0.0 0.0 501.0 0.0 0.0 0.0 0.0 0.0 506.0 0.0 364.0 0.0 
0.0 0.0 0.0 4.0 139.0 0.0 0.0 0.0 0.0 0.0 0.0 0.0 0.0 0.0 0.0 0.0 177.0 117.0 0.0 0.0 0.0 364.0 0.0 410.0 
267.0 0.0 0.0 0.0 0.0 0.0 0.0 0.0 0.0 0.0 349.0 0.0 0.0 249.0 0.0 0.0 0.0 0.0 111.0 0.0 0.0 0.0 410.0 0.0 
