q
577.0 145.0 1195.0 1076.0 706.0 4.0 1691.0 215.0 1095.0 745.0 706.0 969.0 18.0 493.0 443.0 643.0 1459.0 872.0 245.0 809.0 2408.0 1667.0 1717.0 1328.0 
l
0.0 0.0 0.0 164.0 0.0 0.0 0.0 0.0 0.0 0.0 0.0 0.0 0.0 0.0 0.0 0.0 124.0 0.0 0.0 0.0 261.0 0.0 0.0 0.0 
0.0 0.0 0.0 0.0 0.0 0.0 0.0 0.0 0.0 46.0 0.0 0.0 0.0 0.0 6.0 0.0 0.0 0.0 0.0 0.0 0.0 83.0 0.0 0.0 
0.0 0.0 0.0 173.0 130.0 1.0 0.0 0.0 0.0 0.0 0.0 0.0 0.0 0.0 0.0 0.0 203.0 0.0 0.0 249.0 0.0 0.0 386.0 0.0 
164.0 0.0 173.0 0.0 0.0 0.0 194.0 0.0 0.0 0.0 0.0 0.0 0.0 137.0 0.0 0.0 237.0 0.0 0.0 126.0 0.0 0.0 0.0 0.0 
0.0 0.0 130.0 0.0 0.0 1.0 0.0 0.0 0.0 0.0 0.0 0.0 0.0 0.0 0.0 122.0 195.0 0.0 0.0 0.0 0.0 0.0 236.0 0.0 
0.0 0.0 1.0 0.0 1.0 0.0 0.0 0.0 0.0 0.0 0.0 0.0 0.0 0.0 0.0 0.0 0.0 0.0 0.0 0.0 0.0 0.0 1.0 0.0 
0.0 0.0 0.0 194.0 0.0 0.0 0.0 0.0 0.0 0.0 0.0 0.0 8.0 248.0 0.0 0.0 0.0 0.0 0.0 213.0 517.0 0.0 0.0 418.0 
0.0 0.0 0.0 0.0 0.0 0.0 0.0 0.0 0.0 0.0 0.0 0.0 0.0 0.0 0.0 0.0 0.0 0.0 0.0 102.0 0.0 0.0 0.0 101.0 
0.0 0.0 0.0 0.0 0.0 0.0 0.0 0.0 0.0 158.0 207.0 192.0 0.0 0.0 102.0 0.0 0.0 140.0 0.0 0.0 0.0 251.0 0.0 0.0 
0.0 46.0 0.0 0.0 0.0 0.0 0.0 0.0 158.0 0.0 0.0 0.0 0.0 0.0 90.0 0.0 0.0 74.0 0.0 0.0 342.0 0.0 0.0 0.0 
0.0 0.0 0.0 0.0 0.0 0.0 0.0 0.0 207.0 0.0 0.0 112.0 0.0 0.0 0.0 0.0 0.0 0.0 50.0 0.0 0.0 0.0 297.0 0.0 
0.0 0.0 0.0 0.0 0.0 0.0 0.0 0.0 192.0 0.0 112.0 0.0 0.0 0.0 0.0 0.0 0.0 230.0 76.0 0.0 0.0 0.0 0.0 312.0 
0.0 0.0 0.0 0.0 0.0 0.0 8.0 0.0 0.0 0.0 0.0 0.0 0.0 1.0 0.0 0.0 0.0 0.0 0.0 6.0 0.0 0.0 0.0 0.0 
0.0 0.0 0.0 137.0 0.0 0.0 248.0 0.0 0.0 0.0 0.0 0.0 1.0 0.0 0.0 0.0 0.0 0.0 0.0 78.0 0.0 0.0 0.0 0.0 
0.0 6.0 0.0 0.0 0.0 0.0 0.0 0.0 102.0 90.0 0.0 0.0 0.0 0.0 0.0 0.0 0.0 0.0 0.0 0.0 0.0 222.0 0.0 0.0 
0.0 0.0 0.0 0.0 122.0 0.0 0.0 0.0 0.0 0.0 0.0 0.0 0.0 0.0 0.0 0.0 220.0 0.0 0.0 0.0 0.0 268.0 0.0 0.0 
124.0 0.0 203.0 237.0 195.0 0.0 0.0 0.0 0.0 0.0 0.0 0.0 0.0 0.0 0.0 220.0 0.0 0.0 0.0 0.0 415.0 0.0 0.0 0.0 
0.0 0.0 0.0 0.0 0.0 0.0 0.0 0.0 140.0 74.0 0.0 230.0 0.0 0.0 0.0 0.0 0.0 0.0 0.0 0.0 391.0 0.0 0.0 0.0 
0.0 0.0 0.0 0.0 0.0 0.0 0.0 0.0 0.0 0.0 50.0 76.0 0.0 0.0 0.0 0.0 0.0 0.0 0.0 0.0 0.0 0.0 0.0 110.0 
0.0 0.0 249.0 126.0 0.0 0.0 213.0 102.0 0.0 0.0 0.0 0.0 6.0 78.0 0.0 0.0 0.0 0.0 0.0 0.0 0.0 0.0 0.0 0.0 
261.0 0.0 0.0 0.0 0.0 0.0 517.0 0.0 0.0 342.0 0.0 0.0 0.0 0.0 0.0 0.0 415.0 391.0 0.0 0.0 0.0 374.0 0.0 0.0 
0.0 83.0 0.0 0.0 0.0 0.0 0.0 0.0 251.0 0.0 0.0 0.0 0.0 0.0 222.0 268.0 0.0 0.0 0.0 0.0 374.0 0.0 399.0 0.0 
0.0 0.0 386.0 0.0 236.0 1.0 0.0 0.0 0.0 0.0 297.0 0.0 0.0 0.0 0.0 0.0 0.0 0.0 0.0 0.0 0.0 399.0 0.0 314.0 
0.0 0.0 0.0 0.0 0.0 0.0 418.0 101.0 0.0 0.0 0.0 312.0 0.0 0.0 0.0 0.0 0.0 0.0 110.0 0.0 0.0 0.0 314.0 0.0 
