q
534.0 535.0 1500.0 487.0 1095.0 484.0 1370.0 540.0 1068.0 490.0 474.0 21.0 22.0 728.0 719.0 1623.0 1.0 534.0 1512.0 51.0 1140.0 2436.0 1695.0 1495.0 
l
0.0 0.0 0.0 0.0 0.0 0.0 0.0 0.0 0.0 0.0 45.0 4.0 0.0 127.0 0.0 179.0 0.0 0.0 0.0 0.0 148.0 0.0 0.0 0.0 
0.0 0.0 0.0 0.0 0.0 0.0 0.0 0.0 0.0 0.0 0.0 0.0 0.0 0.0 130.0 176.0 0.0 0.0 0.0 0.0 0.0 198.0 0.0 0.0 
0.0 0.0 0.0 0.0 342.0 0.0 0.0 154.0 0.0 208.0 0.0 0.0 0.0 0.0 208.0 0.0 0.0 0.0 285.0 0.0 0.0 0.0 0.0 226.0 
0.0 0.0 0.0 0.0 0.0 26.0 0.0 0.0 163.0 0.0 0.0 0.0 0.0 0.0 0.0 0.0 0.0 0.0 0.0 0.0 0.0 0.0 271.0 0.0 
0.0 0.0 342.0 0.0 0.0 0.0 121.0 0.0 0.0 110.0 0.0 0.0 0.0 152.0 0.0 303.0 0.0 0.0 0.0 15.0 0.0 0.0 0.0 0.0 
0.0 0.0 0.0 26.0 0.0 0.0 0.0 0.0 146.0 0.0 0.0 0.0 2.0 0.0 0.0 0.0 0.0 50.0 0.0 0.0 0.0 0.0 232.0 0.0 
0.0 0.0 0.0 0.0 121.0 0.0 0.0 0.0 0.0 141.0 0.0 0.0 0.0 229.0 0.0 0.0 0.0 0.0 0.0 31.0 305.0 0.0 0.0 467.0 
0.0 0.0 154.0 0.0 0.0 0.0 0.0 0.0 104.0 0.0 0.0 0.0 0.0 0.0 0.0 0.0 0.0 0.0 119.0 0.0 0.0 0.0 0.0 139.0 
0.0 0.0 0.0 163.0 0.0 146.0 0.0 104.0 0.0 0.0 0.0 0.0 0.0 0.0 0.0 0.0 0.0 76.0 261.0 0.0 0.0 0.0 0.0 267.0 
0.0 0.0 208.0 0.0 110.0 0.0 141.0 0.0 0.0 0.0 0.0 0.0 0.0 0.0 0.0 0.0 0.0 0.0 0.0 5.0 0.0 0.0 0.0 0.0 
45.0 0.0 0.0 0.0 0.0 0.0 0.0 0.0 0.0 0.0 0.0 4.0 0.0 0.0 0.0 220.0 0.0 0.0 0.0 0.0 175.0 0.0 0.0 0.0 
4.0 0.0 0.0 0.0 0.0 0.0 0.0 0.0 0.0 0.0 4.0 0.0 0.0 0.0 0.0 0.0 0.0 0.0 0.0 0.0 13.0 0.0 0.0 0.0 
0.0 0.0 0.0 0.0 0.0 2.0 0.0 0.0 0.0 0.0 0.0 0.0 0.0 0.0 0.0 0.0 0.0 0.0 0.0 0.0 0.0 0.0 20.0 0.0 
127.0 0.0 0.0 0.0 152.0 0.0 229.0 0.0 0.0 0.0 0.0 0.0 0.0 0.0 0.0 190.0 0.0 0.0 0.0 0.0 0.0 0.0 0.0 0.0 
0.0 130.0 208.0 0.0 0.0 0.0 0.0 0.0 0.0 0.0 0.0 0.0 0.0 0.0 0.0 0.0 0.0 0.0 154.0 0.0 0.0 196.0 0.0 0.0 
179.0 176.0 0.0 0.0 303.0 0.0 0.0 0.0 0.0 0.0 220.0 0.0 0.0 190.0 0.0 0.0 0.0 0.0 0.0 0.0 0.0 479.0 0.0 0.0 
0.0 0.0 0.0 0.0 0.0 0.0 0.0 0.0 0.0 0.0 0.0 0.0 0.0 0.0 0.0 0.0 0.0 0.0 0.0 0.0 1.0 0.0 0.0 0.0 
0.0 0.0 0.0 0.0 0.0 50.0 0.0 0.0 76.0 0.0 0.0 0.0 0.0 0.0 0.0 0.0 0.0 0.0 230.0 0.0 0.0 0.0 156.0 0.0 
0.0 0.0 285.0 0.0 0.0 0.0 0.0 119.0 261.0 0.0 0.0 0.0 0.0 0.0 154.0 0.0 0.0 230.0 0.0 0.0 0.0 407.0 0.0 0.0 
0.0 0.0 0.0 0.0 15.0 0.0 31.0 0.0 0.0 5.0 0.0 0.0 0.0 0.0 0.0 0.0 0.0 0.0 0.0 0.0 0.0 0.0 0.0 0.0 
148.0 0.0 0.0 0.0 0.0 0.0 305.0 0.0 0.0 0.0 175.0 13.0 0.0 0.0 0.0 0.0 1.0 0.0 0.0 0.0 0.0 435.0 0.0 0.0 
0.0 198.0 0.0 0.0 0.0 0.0 0.0 0.0 0.0 0.0 0.0 0.0 0.0 0.0 196.0 479.0 0.0 0.0 407.0 0.0 435.0 0.0 621.0 0.0 
0.0 0.0 0.0 271.0 0.0 232.0 0.0 0.0 0.0 0.0 0.0 0.0 20.0 0.0 0.0 0.0 0.0 156.0 0.0 0.0 0.0 621.0 0.0 324.0 
0.0 0.0 226.0 0.0 0.0 0.0 467.0 139.0 267.0 0.0 0.0 0.0 0.0 0.0 0.0 0.0 0.0 0.0 0.0 0.0 0.0 0.0 324.0 0.0 
