q
871.0 535.0 1417.0 464.0 502.0 813.0 2.0 710.0 2113.0 303.0 1284.0 780.0 502.0 60.0 741.0 1332.0 278.0 1.0 599.0 563.0 2107.0 2463.0 1293.0 1367.0 
l
0.0 0.0 0.0 0.0 134.0 0.0 0.0 0.0 258.0 0.0 0.0 125.0 0.0 0.0 0.0 0.0 0.0 0.0 94.0 0.0 0.0 0.0 207.0 0.0 
0.0 0.0 0.0 0.0 0.0 0.0 0.0 0.0 0.0 0.0 0.0 0.0 0.0 0.0 182.0 0.0 49.0 0.0 0.0 0.0 0.0 0.0 0.0 265.0 
0.0 0.0 0.0 176.0 0.0 201.0 0.0 0.0 522.0 0.0 0.0 0.0 147.0 0.0 0.0 0.0 0.0 0.0 0.0 126.0 189.0 0.0 0.0 0.0 
0.0 0.0 176.0 0.0 0.0 0.0 0.0 0.0 0.0 0.0 0.0 0.0 39.0 0.0 0.0 0.0 0.0 0.0 0.0 0.0 230.0 0.0 0.0 0.0 
134.0 0.0 0.0 0.0 0.0 0.0 0.0 0.0 0.0 0.0 0.0 0.0 0.0 0.0 0.0 0.0 0.0 0.0 61.0 0.0 0.0 278.0 0.0 0.0 
0.0 0.0 201.0 0.0 0.0 0.0 0.0 0.0 0.0 0.0 179.0 0.0 0.0 0.0 0.0 250.0 0.0 0.0 0.0 148.0 0.0 0.0 0.0 0.0 
0.0 0.0 0.0 0.0 0.0 0.0 0.0 0.0 0.0 1.0 1.0 0.0 0.0 0.0 0.0 0.0 0.0 0.0 0.0 0.0 0.0 0.0 0.0 0.0 
0.0 0.0 0.0 0.0 0.0 0.0 0.0 0.0 0.0 38.0 0.0 206.0 0.0 0.0 0.0 241.0 0.0 0.0 0.0 0.0 0.0 0.0 0.0 189.0 
258.0 0.0 522.0 0.0 0.0 0.0 0.0 0.0 0.0 0.0 0.0 250.0 0.0 0.0 0.0 430.0 0.0 0.0 210.0 0.0 0.0 344.0 0.0 0.0 
0.0 0.0 0.0 0.0 0.0 0.0 1.0 38.0 0.0 0.0 0.0 0.0 0.0 11.0 0.0 133.0 0.0 0.0 0.0 0.0 0.0 0.0 0.0 104.0 
0.0 0.0 0.0 0.0 0.0 179.0 1.0 0.0 0.0 0.0 0.0 0.0 0.0 23.0 0.0 196.0 0.0 0.0 0.0 0.0 414.0 0.0 0.0 401.0 
125.0 0.0 0.0 0.0 0.0 0.0 0.0 206.0 250.0 0.0 0.0 0.0 0.0 0.0 0.0 0.0 0.0 0.0 0.0 0.0 0.0 0.0 164.0 0.0 
0.0 0.0 147.0 39.0 0.0 0.0 0.0 0.0 0.0 0.0 0.0 0.0 0.0 0.0 0.0 0.0 0.0 0.0 0.0 42.0 257.0 0.0 0.0 0.0 
0.0 0.0 0.0 0.0 0.0 0.0 0.0 0.0 0.0 11.0 23.0 0.0 0.0 0.0 0.0 21.0 0.0 0.0 0.0 0.0 0.0 0.0 0.0 0.0 
0.0 182.0 0.0 0.0 0.0 0.0 0.0 0.0 0.0 0.0 0.0 0.0 0.0 0.0 0.0 0.0 66.0 0.0 0.0 0.0 0.0 435.0 0.0 0.0 
0.0 0.0 0.0 0.0 0.0 250.0 0.0 241.0 430.0 133.0 196.0 0.0 0.0 21.0 0.0 0.0 0.0 0.0 0.0 0.0 0.0 0.0 0.0 0.0 
0.0 49.0 0.0 0.0 0.0 0.0 0.0 0.0 0.0 0.0 0.0 0.0 0.0 0.0 66.0 0.0 0.0 0.0 0.0 0.0 0.0 0.0 148.0 0.0 
0.0 0.0 0.0 0.0 0.0 0.0 0.0 0.0 0.0 0.0 0.0 0.0 0.0 0.0 0.0 0.0 0.0 0.0 0.0 0.0 0.0 0.0 0.0 1.0 
94.0 0.0 0.0 0.0 61.0 0.0 0.0 0.0 210.0 0.0 0.0 0.0 0.0 0.0 0.0 0.0 0.0 0.0 0.0 0.0 0.0 204.0 0.0 0.0 
0.0 0.0 126.0 0.0 0.0 148.0 0.0 0.0 0.0 0.0 0.0 0.0 42.0 0.0 0.0 0.0 0.0 0.0 0.0 0.0 224.0 0.0 0.0 0.0 
0.0 0.0 189.0 230.0 0.0 0.0 0.0 0.0 0.0 0.0 414.0 0.0 257.0 0.0 0.0 0.0 0.0 0.0 0.0 224.0 0.0 686.0 0.0 0.0 
0.0 0.0 0.0 0.0 278.0 0.0 0.0 0.0 344.0 0.0 0.0 0.0 0.0 0.0 435.0 0.0 0.0 0.0 204.0 0.0 686.0 0.0 380.0 0.0 
207.0 0.0 0.0 0.0 0.0 0.0 0.0 0.0 0.0 0.0 0.0 164.0 0.0 0.0 0.0 0.0 148.0 0.0 0.0 0.0 0.0 380.0 0.0 333.0 
0.0 265.0 0.0 0.0 0.0 0.0 0.0 189.0 0.0 104.0 401.0 0.0 0.0 0.0 0.0 0.0 0.0 1.0 0.0 0.0 0.0 0.0 333.0 0.0 
