q
354.0 1215.0 807.0 530.0 212.0 428.0 268.0 671.0 991.0 1092.0 7.0 795.0 533.0 24.0 1320.0 651.0 590.0 1274.0 697.0 807.0 1567.0 2331.0 1926.0 1834.0 
l
0.0 0.0 0.0 53.0 0.0 0.0 0.0 0.0 0.0 0.0 0.0 0.0 0.0 0.0 0.0 0.0 0.0 0.0 0.0 82.0 0.0 0.0 202.0 0.0 
0.0 0.0 0.0 0.0 0.0 0.0 0.0 0.0 186.0 0.0 0.0 161.0 0.0 0.0 0.0 0.0 188.0 0.0 0.0 210.0 0.0 0.0 0.0 409.0 
0.0 0.0 0.0 0.0 0.0 0.0 0.0 162.0 0.0 0.0 0.0 0.0 0.0 0.0 260.0 0.0 0.0 0.0 0.0 0.0 0.0 339.0 0.0 0.0 
53.0 0.0 0.0 0.0 0.0 0.0 0.0 0.0 0.0 0.0 0.0 85.0 0.0 0.0 0.0 0.0 0.0 0.0 0.0 89.0 0.0 268.0 0.0 0.0 
0.0 0.0 0.0 0.0 0.0 0.0 26.0 0.0 71.0 0.0 0.0 0.0 0.0 4.0 0.0 0.0 13.0 83.0 0.0 0.0 0.0 0.0 0.0 0.0 
0.0 0.0 0.0 0.0 0.0 0.0 0.0 0.0 0.0 0.0 0.0 0.0 0.0 0.0 112.0 80.0 0.0 0.0 0.0 0.0 215.0 0.0 0.0 0.0 
0.0 0.0 0.0 0.0 26.0 0.0 0.0 0.0 91.0 0.0 0.0 0.0 0.0 1.0 0.0 0.0 0.0 0.0 0.0 0.0 140.0 0.0 0.0 0.0 
0.0 0.0 162.0 0.0 0.0 0.0 0.0 0.0 0.0 164.0 0.0 0.0 51.0 0.0 0.0 0.0 0.0 0.0 0.0 0.0 0.0 0.0 251.0 0.0 
0.0 186.0 0.0 0.0 71.0 0.0 91.0 0.0 0.0 0.0 0.0 127.0 0.0 0.0 0.0 0.0 143.0 0.0 0.0 0.0 0.0 327.0 0.0 0.0 
0.0 0.0 0.0 0.0 0.0 0.0 0.0 164.0 0.0 0.0 0.0 0.0 180.0 0.0 271.0 0.0 0.0 0.0 106.0 0.0 0.0 0.0 0.0 306.0 
0.0 0.0 0.0 0.0 0.0 0.0 0.0 0.0 0.0 0.0 0.0 0.0 0.0 0.0 0.0 0.0 0.0 4.0 3.0 0.0 0.0 0.0 0.0 0.0 
0.0 161.0 0.0 85.0 0.0 0.0 0.0 0.0 127.0 0.0 0.0 0.0 0.0 0.0 0.0 0.0 0.0 0.0 0.0 124.0 0.0 259.0 0.0 0.0 
0.0 0.0 0.0 0.0 0.0 0.0 0.0 51.0 0.0 180.0 0.0 0.0 0.0 0.0 0.0 0.0 0.0 0.0 0.0 0.0 0.0 0.0 263.0 0.0 
0.0 0.0 0.0 0.0 4.0 0.0 1.0 0.0 0.0 0.0 0.0 0.0 0.0 0.0 0.0 0.0 0.0 0.0 0.0 0.0 17.0 0.0 0.0 0.0 
0.0 0.0 260.0 0.0 0.0 112.0 0.0 0.0 0.0 271.0 0.0 0.0 0.0 0.0 0.0 162.0 0.0 0.0 153.0 0.0 291.0 0.0 0.0 0.0 
0.0 0.0 0.0 0.0 0.0 80.0 0.0 0.0 0.0 0.0 0.0 0.0 0.0 0.0 162.0 0.0 0.0 245.0 126.0 0.0 0.0 0.0 0.0 0.0 
0.0 188.0 0.0 0.0 13.0 0.0 0.0 0.0 143.0 0.0 0.0 0.0 0.0 0.0 0.0 0.0 0.0 224.0 0.0 0.0 0.0 0.0 0.0 0.0 
0.0 0.0 0.0 0.0 83.0 0.0 0.0 0.0 0.0 0.0 4.0 0.0 0.0 0.0 0.0 245.0 224.0 0.0 0.0 0.0 285.0 0.0 0.0 365.0 
0.0 0.0 0.0 0.0 0.0 0.0 0.0 0.0 0.0 106.0 3.0 0.0 0.0 0.0 153.0 126.0 0.0 0.0 0.0 0.0 0.0 0.0 0.0 280.0 
82.0 210.0 0.0 89.0 0.0 0.0 0.0 0.0 0.0 0.0 0.0 124.0 0.0 0.0 0.0 0.0 0.0 0.0 0.0 0.0 0.0 0.0 265.0 0.0 
0.0 0.0 0.0 0.0 0.0 215.0 140.0 0.0 0.0 0.0 0.0 0.0 0.0 17.0 291.0 0.0 0.0 285.0 0.0 0.0 0.0 535.0 0.0 0.0 
0.0 0.0 339.0 268.0 0.0 0.0 0.0 0.0 327.0 0.0 0.0 259.0 0.0 0.0 0.0 0.0 0.0 0.0 0.0 0.0 535.0 0.0 479.0 0.0 
202.0 0.0 0.0 0.0 0.0 0.0 0.0 251.0 0.0 0.0 0.0 0.0 263.0 0.0 0.0 0.0 0.0 0.0 0.0 265.0 0.0 479.0 0.0 392.0 
0.0 409.0 0.0 0.0 0.0 0.0 0.0 0.0 0.0 306.0 0.0 0.0 0.0 0.0 0.0 0.0 0.0 365.0 280.0 0.0 0.0 0.0 392.0 0.0 
