q
913.0 415.0 1132.0 987.0 619.0 1825.0 228.0 523.0 9.0 243.0 965.0 1025.0 703.0 1079.0 405.0 742.0 523.0 539.0 658.0 296.0 1996.0 1878.0 1531.0 1690.0 
l
0.0 73.0 127.0 0.0 0.0 0.0 0.0 0.0 2.0 0.0 0.0 157.0 0.0 0.0 0.0 0.0 0.0 173.0 0.0 0.0 0.0 0.0 324.0 0.0 
73.0 0.0 120.0 0.0 0.0 0.0 0.0 0.0 0.0 27.0 0.0 0.0 0.0 0.0 0.0 0.0 0.0 0.0 0.0 0.0 0.0 0.0 174.0 0.0 
127.0 120.0 0.0 0.0 0.0 0.0 0.0 0.0 0.0 63.0 0.0 223.0 180.0 0.0 0.0 0.0 0.0 0.0 0.0 0.0 0.0 357.0 0.0 0.0 
0.0 0.0 0.0 0.0 152.0 0.0 0.0 0.0 0.0 0.0 177.0 0.0 0.0 0.0 0.0 148.0 121.0 0.0 0.0 51.0 289.0 0.0 0.0 0.0 
0.0 0.0 0.0 152.0 0.0 267.0 0.0 0.0 0.0 0.0 0.0 0.0 0.0 0.0 0.0 0.0 108.0 0.0 0.0 65.0 0.0 0.0 0.0 0.0 
0.0 0.0 0.0 0.0 267.0 0.0 115.0 0.0 0.0 0.0 0.0 302.0 0.0 0.0 0.0 0.0 0.0 236.0 0.0 0.0 385.0 0.0 0.0 439.0 
0.0 0.0 0.0 0.0 0.0 115.0 0.0 0.0 0.0 0.0 0.0 71.0 0.0 0.0 0.0 0.0 0.0 26.0 0.0 0.0 0.0 0.0 0.0 0.0 
0.0 0.0 0.0 0.0 0.0 0.0 0.0 0.0 0.0 0.0 0.0 0.0 0.0 146.0 60.0 0.0 0.0 0.0 44.0 0.0 0.0 242.0 0.0 0.0 
2.0 0.0 0.0 0.0 0.0 0.0 0.0 0.0 0.0 0.0 0.0 0.0 0.0 0.0 0.0 0.0 0.0 0.0 0.0 0.0 0.0 0.0 7.0 0.0 
0.0 27.0 63.0 0.0 0.0 0.0 0.0 0.0 0.0 0.0 0.0 0.0 0.0 0.0 0.0 0.0 0.0 0.0 0.0 0.0 0.0 141.0 0.0 0.0 
0.0 0.0 0.0 177.0 0.0 0.0 0.0 0.0 0.0 0.0 0.0 0.0 0.0 176.0 0.0 102.0 0.0 0.0 165.0 0.0 297.0 0.0 0.0 0.0 
157.0 0.0 223.0 0.0 0.0 302.0 71.0 0.0 0.0 0.0 0.0 0.0 151.0 0.0 0.0 0.0 0.0 72.0 0.0 0.0 0.0 0.0 0.0 0.0 
0.0 0.0 180.0 0.0 0.0 0.0 0.0 0.0 0.0 0.0 0.0 151.0 0.0 0.0 0.0 0.0 0.0 0.0 0.0 0.0 332.0 0.0 0.0 0.0 
0.0 0.0 0.0 0.0 0.0 0.0 0.0 146.0 0.0 0.0 176.0 0.0 0.0 0.0 128.0 147.0 0.0 0.0 136.0 0.0 0.0 0.0 0.0 303.0 
0.0 0.0 0.0 0.0 0.0 0.0 0.0 60.0 0.0 0.0 0.0 0.0 0.0 128.0 0.0 0.0 0.0 0.0 0.0 0.0 0.0 0.0 190.0 0.0 
0.0 0.0 0.0 148.0 0.0 0.0 0.0 0.0 0.0 0.0 102.0 0.0 0.0 147.0 0.0 0.0 75.0 0.0 0.0 0.0 0.0 0.0 0.0 233.0 
0.0 0.0 0.0 121.0 108.0 0.0 0.0 0.0 0.0 0.0 0.0 0.0 0.0 0.0 0.0 75.0 0.0 0.0 0.0 0.0 0.0 0.0 0.0 197.0 
173.0 0.0 0.0 0.0 0.0 236.0 26.0 0.0 0.0 0.0 0.0 72.0 0.0 0.0 0.0 0.0 0.0 0.0 0.0 0.0 0.0 0.0 0.0 0.0 
0.0 0.0 0.0 0.0 0.0 0.0 0.0 44.0 0.0 0.0 165.0 0.0 0.0 136.0 0.0 0.0 0.0 0.0 0.0 0.0 0.0 282.0 0.0 0.0 
0.0 0.0 0.0 51.0 65.0 0.0 0.0 0.0 0.0 0.0 0.0 0.0 0.0 0.0 0.0 0.0 0.0 0.0 0.0 0.0 159.0 0.0 0.0 0.0 
0.0 0.0 0.0 289.0 0.0 385.0 0.0 0.0 0.0 0.0 297.0 0.0 332.0 0.0 0.0 0.0 0.0 0.0 0.0 159.0 0.0 441.0 0.0 0.0 
0.0 0.0 357.0 0.0 0.0 0.0 0.0 242.0 0.0 141.0 0.0 0.0 0.0 0.0 0.0 0.0 0.0 0.0 282.0 0.0 441.0 0.0 319.0 0.0 
324.0 174.0 0.0 0.0 0.0 0.0 0.0 0.0 7.0 0.0 0.0 0.0 0.0 0.0 190.0 0.0 0.0 0.0 0.0 0.0 0.0 319.0 0.0 432.0 
0.0 0.0 0.0 0.0 0.0 439.0 0.0 0.0 0.0 0.0 0.0 0.0 0.0 303.0 0.0 233.0 197.0 0.0 0.0 0.0 0.0 0.0 432.0 0.0 
