q
198.0 2007.0 1323.0 1069.0 814.0 217.0 981.0 22.0 633.0 671.0 310.0 340.0 1257.0 440.0 894.0 154.0 492.0 597.0 948.0 520.0 1442.0 2037.0 1661.0 1517.0 
l
0.0 0.0 0.0 0.0 65.0 0.0 0.0 0.0 0.0 0.0 0.0 24.0 0.0 0.0 0.0 0.0 0.0 0.0 0.0 0.0 0.0 0.0 95.0 0.0 
0.0 0.0 430.0 389.0 0.0 0.0 0.0 0.0 0.0 268.0 0.0 0.0 0.0 0.0 0.0 89.0 0.0 0.0 0.0 0.0 400.0 0.0 0.0 339.0 
0.0 430.0 0.0 0.0 242.0 0.0 0.0 0.0 236.0 138.0 0.0 0.0 0.0 0.0 218.0 0.0 0.0 0.0 0.0 0.0 0.0 0.0 0.0 0.0 
0.0 389.0 0.0 0.0 0.0 0.0 0.0 0.0 0.0 0.0 0.0 0.0 192.0 120.0 0.0 0.0 164.0 0.0 147.0 0.0 0.0 0.0 0.0 0.0 
65.0 0.0 242.0 0.0 0.0 0.0 0.0 0.0 66.0 0.0 65.0 86.0 0.0 0.0 0.0 0.0 0.0 0.0 0.0 0.0 0.0 249.0 0.0 0.0 
0.0 0.0 0.0 0.0 0.0 0.0 0.0 1.0 0.0 0.0 0.0 0.0 0.0 0.0 0.0 0.0 27.0 0.0 70.0 0.0 108.0 0.0 0.0 0.0 
0.0 0.0 0.0 0.0 0.0 0.0 0.0 0.0 0.0 0.0 0.0 0.0 229.0 0.0 0.0 0.0 0.0 134.0 189.0 0.0 0.0 380.0 0.0 0.0 
0.0 0.0 0.0 0.0 0.0 1.0 0.0 0.0 0.0 0.0 0.0 0.0 0.0 0.0 0.0 0.0 2.0 0.0 0.0 0.0 16.0 0.0 0.0 0.0 
0.0 0.0 236.0 0.0 66.0 0.0 0.0 0.0 0.0 0.0 54.0 0.0 0.0 0.0 0.0 0.0 0.0 0.0 0.0 0.0 0.0 247.0 0.0 0.0 
0.0 268.0 138.0 0.0 0.0 0.0 0.0 0.0 0.0 0.0 0.0 0.0 0.0 0.0 123.0 24.0 0.0 0.0 0.0 90.0 0.0 0.0 0.0 0.0 
0.0 0.0 0.0 0.0 65.0 0.0 0.0 0.0 54.0 0.0 0.0 0.0 0.0 0.0 0.0 0.0 0.0 0.0 0.0 0.0 0.0 180.0 0.0 0.0 
24.0 0.0 0.0 0.0 86.0 0.0 0.0 0.0 0.0 0.0 0.0 0.0 0.0 0.0 83.0 0.0 0.0 0.0 0.0 0.0 0.0 0.0 125.0 0.0 
0.0 0.0 0.0 192.0 0.0 0.0 229.0 0.0 0.0 0.0 0.0 0.0 0.0 108.0 0.0 0.0 0.0 168.0 201.0 0.0 0.0 0.0 0.0 301.0 
0.0 0.0 0.0 120.0 0.0 0.0 0.0 0.0 0.0 0.0 0.0 0.0 108.0 0.0 0.0 0.0 0.0 0.0 0.0 0.0 0.0 0.0 0.0 189.0 
0.0 0.0 218.0 0.0 0.0 0.0 0.0 0.0 0.0 123.0 0.0 83.0 0.0 0.0 0.0 0.0 0.0 0.0 0.0 124.0 0.0 0.0 306.0 0.0 
0.0 89.0 0.0 0.0 0.0 0.0 0.0 0.0 0.0 24.0 0.0 0.0 0.0 0.0 0.0 0.0 0.0 0.0 0.0 34.0 0.0 0.0 0.0 0.0 
0.0 0.0 0.0 164.0 0.0 27.0 0.0 2.0 0.0 0.0 0.0 0.0 0.0 0.0 0.0 0.0 0.0 0.0 80.0 0.0 188.0 0.0 0.0 0.0 
0.0 0.0 0.0 0.0 0.0 0.0 134.0 0.0 0.0 0.0 0.0 0.0 168.0 0.0 0.0 0.0 0.0 0.0 0.0 0.0 0.0 0.0 257.0 0.0 
0.0 0.0 0.0 147.0 0.0 70.0 189.0 0.0 0.0 0.0 0.0 0.0 201.0 0.0 0.0 0.0 80.0 0.0 0.0 0.0 203.0 0.0 0.0 0.0 
0.0 0.0 0.0 0.0 0.0 0.0 0.0 0.0 0.0 90.0 0.0 0.0 0.0 0.0 124.0 34.0 0.0 0.0 0.0 0.0 0.0 0.0 0.0 246.0 
0.0 400.0 0.0 0.0 0.0 108.0 0.0 16.0 0.0 0.0 0.0 0.0 0.0 0.0 0.0 0.0 188.0 0.0 203.0 0.0 0.0 467.0 0.0 0.0 
0.0 0.0 0.0 0.0 249.0 0.0 380.0 0.0 247.0 0.0 180.0 0.0 0.0 0.0 0.0 0.0 0.0 0.0 0.0 0.0 467.0 0.0 421.0 0.0 
95.0 0.0 0.0 0.0 0.0 0.0 0.0 0.0 0.0 0.0 0.0 125.0 0.0 0.0 306.0 0.0 0.0 257.0 0.0 0.0 0.0 421.0 0.0 365.0 
0.0 339.0 0.0 0.0 0.0 0.0 0.0 0.0 0.0 0.0 0.0 0.0 301.0 189.0 0.0 0.0 0.0 0.0 0.0 246.0 0.0 0.0 365.0 0.0 
