q
2317.0 350.0 541.0 590.0 727.0 579.0 473.0 1189.0 663.0 260.0 981.0 685.0 1068.0 90.0 819.0 1412.0 1116.0 960.0 44.0 88.0 1498.0 1231.0 2134.0 1481.0 
l
0.0 0.0 0.0 0.0 0.0 274.0 0.0 0.0 0.0 0.0 0.0 322.0 317.0 0.0 0.0 459.0 0.0 0.0 0.0 0.0 501.0 0.0 0.0 334.0 
0.0 0.0 0.0 0.0 0.0 0.0 0.0 0.0 0.0 0.0 0.0 77.0 0.0 0.0 69.0 0.0 0.0 0.0 0.0 0.0 0.0 0.0 0.0 183.0 
0.0 0.0 0.0 0.0 0.0 0.0 0.0 0.0 93.0 0.0 0.0 0.0 0.0 0.0 0.0 201.0 0.0 0.0 4.0 0.0 0.0 0.0 0.0 208.0 
0.0 0.0 0.0 0.0 0.0 0.0 77.0 0.0 0.0 0.0 101.0 0.0 0.0 0.0 0.0 0.0 154.0 0.0 0.0 0.0 219.0 0.0 0.0 0.0 
0.0 0.0 0.0 0.0 0.0 0.0 0.0 0.0 63.0 0.0 0.0 0.0 0.0 0.0 0.0 193.0 0.0 130.0 0.0 0.0 0.0 0.0 297.0 0.0 
274.0 0.0 0.0 0.0 0.0 0.0 0.0 0.0 0.0 45.0 0.0 0.0 0.0 0.0 0.0 92.0 0.0 140.0 0.0 0.0 0.0 0.0 0.0 0.0 
0.0 0.0 0.0 77.0 0.0 0.0 0.0 0.0 0.0 0.0 0.0 0.0 0.0 0.0 0.0 0.0 161.0 0.0 0.0 3.0 0.0 203.0 0.0 0.0 
0.0 0.0 0.0 0.0 0.0 0.0 0.0 0.0 0.0 0.0 169.0 0.0 196.0 0.0 235.0 0.0 193.0 0.0 0.0 0.0 0.0 0.0 328.0 0.0 
0.0 0.0 93.0 0.0 63.0 0.0 0.0 0.0 0.0 0.0 0.0 0.0 0.0 0.0 0.0 168.0 0.0 0.0 18.0 0.0 0.0 0.0 283.0 0.0 
0.0 0.0 0.0 0.0 0.0 45.0 0.0 0.0 0.0 0.0 0.0 0.0 0.0 0.0 0.0 0.0 0.0 80.0 0.0 0.0 123.0 0.0 0.0 0.0 
0.0 0.0 0.0 101.0 0.0 0.0 0.0 169.0 0.0 0.0 0.0 0.0 246.0 0.0 0.0 0.0 167.0 0.0 0.0 0.0 245.0 0.0 0.0 0.0 
322.0 77.0 0.0 0.0 0.0 0.0 0.0 0.0 0.0 0.0 0.0 0.0 136.0 0.0 112.0 0.0 0.0 0.0 0.0 0.0 0.0 0.0 0.0 0.0 
317.0 0.0 0.0 0.0 0.0 0.0 0.0 196.0 0.0 0.0 246.0 136.0 0.0 0.0 124.0 0.0 0.0 0.0 0.0 0.0 0.0 0.0 0.0 0.0 
0.0 0.0 0.0 0.0 0.0 0.0 0.0 0.0 0.0 0.0 0.0 0.0 0.0 0.0 0.0 0.0 0.0 30.0 0.0 0.0 55.0 0.0 0.0 0.0 
0.0 69.0 0.0 0.0 0.0 0.0 0.0 235.0 0.0 0.0 0.0 112.0 124.0 0.0 0.0 0.0 0.0 0.0 0.0 0.0 0.0 0.0 0.0 232.0 
459.0 0.0 201.0 0.0 193.0 92.0 0.0 0.0 168.0 0.0 0.0 0.0 0.0 0.0 0.0 0.0 0.0 231.0 0.0 0.0 0.0 0.0 0.0 0.0 
0.0 0.0 0.0 154.0 0.0 0.0 161.0 193.0 0.0 0.0 167.0 0.0 0.0 0.0 0.0 0.0 0.0 0.0 0.0 32.0 0.0 0.0 349.0 0.0 
0.0 0.0 0.0 0.0 130.0 140.0 0.0 0.0 0.0 80.0 0.0 0.0 0.0 30.0 0.0 231.0 0.0 0.0 0.0 0.0 0.0 306.0 0.0 0.0 
0.0 0.0 4.0 0.0 0.0 0.0 0.0 0.0 18.0 0.0 0.0 0.0 0.0 0.0 0.0 0.0 0.0 0.0 0.0 0.0 0.0 0.0 0.0 20.0 
0.0 0.0 0.0 0.0 0.0 0.0 3.0 0.0 0.0 0.0 0.0 0.0 0.0 0.0 0.0 0.0 32.0 0.0 0.0 0.0 0.0 43.0 0.0 0.0 
501.0 0.0 0.0 219.0 0.0 0.0 0.0 0.0 0.0 123.0 245.0 0.0 0.0 55.0 0.0 0.0 0.0 0.0 0.0 0.0 0.0 276.0 0.0 0.0 
0.0 0.0 0.0 0.0 0.0 0.0 203.0 0.0 0.0 0.0 0.0 0.0 0.0 0.0 0.0 0.0 0.0 306.0 0.0 43.0 276.0 0.0 338.0 0.0 
0.0 0.0 0.0 0.0 297.0 0.0 0.0 328.0 283.0 0.0 0.0 0.0 0.0 0.0 0.0 0.0 349.0 0.0 0.0 0.0 0.0 338.0 0.0 416.0 
334.0 183.0 208.0 0.0 0.0 0.0 0.0 0.0 0.0 0.0 0.0 0.0 0.0 0.0 232.0 0.0 0.0 0.0 20.0 0.0 0.0 0.0 416.0 0.0 
