q
2115.0 415.0 966.0 695.0 699.0 1105.0 1290.0 685.0 1900.0 3116.0 415.0 400.0 678.0 158.0 684.0 628.0 1.0 2495.0 1107.0 5.0 1132.0 0.0 687.0 552.0 
l
0.0 0.0 0.0 0.0 0.0 341.0 0.0 0.0 0.0 490.0 0.0 0.0 0.0 0.0 381.0 0.0 0.0 0.0 0.0 0.0 423.0 0.0 215.0 166.0 
0.0 0.0 0.0 0.0 0.0 0.0 378.0 0.0 0.0 0.0 0.0 0.0 0.0 0.0 0.0 0.0 0.0 0.0 0.0 0.0 0.0 0.0 0.0 0.0 
0.0 0.0 0.0 0.0 0.0 0.0 0.0 0.0 151.0 370.0 134.0 0.0 0.0 0.0 0.0 78.0 0.0 0.0 0.0 0.0 195.0 0.0 0.0 0.0 
0.0 0.0 0.0 0.0 0.0 0.0 0.0 126.0 0.0 0.0 0.0 0.0 52.0 0.0 0.0 0.0 0.0 308.0 179.0 2.0 0.0 0.0 0.0 0.0 
0.0 0.0 0.0 0.0 0.0 58.0 0.0 0.0 0.0 0.0 0.0 99.0 0.0 0.0 99.0 0.0 0.0 404.0 0.0 0.0 0.0 0.0 0.0 0.0 
341.0 0.0 0.0 0.0 58.0 0.0 0.0 0.0 0.0 0.0 0.0 194.0 0.0 0.0 88.0 0.0 0.0 372.0 0.0 0.0 0.0 0.0 0.0 0.0 
0.0 378.0 0.0 0.0 0.0 0.0 0.0 0.0 0.0 592.0 0.0 0.0 0.0 0.0 0.0 0.0 0.0 0.0 0.0 0.0 235.0 0.0 0.0 0.0 
0.0 0.0 0.0 126.0 0.0 0.0 0.0 0.0 0.0 381.0 0.0 0.0 0.0 0.0 0.0 0.0 0.0 0.0 137.0 0.0 0.0 0.0 0.0 0.0 
0.0 0.0 151.0 0.0 0.0 0.0 0.0 0.0 0.0 421.0 216.0 0.0 0.0 0.0 0.0 244.0 0.0 0.0 472.0 0.0 0.0 0.0 309.0 0.0 
490.0 0.0 370.0 0.0 0.0 0.0 592.0 381.0 421.0 0.0 0.0 0.0 0.0 0.0 0.0 0.0 0.0 703.0 0.0 0.0 0.0 0.0 0.0 0.0 
0.0 0.0 134.0 0.0 0.0 0.0 0.0 0.0 216.0 0.0 0.0 0.0 0.0 0.0 0.0 51.0 0.0 0.0 0.0 0.0 0.0 0.0 0.0 0.0 
0.0 0.0 0.0 0.0 99.0 194.0 0.0 0.0 0.0 0.0 0.0 0.0 0.0 0.0 87.0 0.0 0.0 0.0 0.0 0.0 0.0 0.0 0.0 0.0 
0.0 0.0 0.0 52.0 0.0 0.0 0.0 0.0 0.0 0.0 0.0 0.0 0.0 66.0 0.0 0.0 0.0 344.0 182.0 2.0 0.0 0.0 0.0 0.0 
0.0 0.0 0.0 0.0 0.0 0.0 0.0 0.0 0.0 0.0 0.0 0.0 66.0 0.0 0.0 0.0 0.0 0.0 84.0 0.0 0.0 0.0 0.0 0.0 
381.0 0.0 0.0 0.0 99.0 88.0 0.0 0.0 0.0 0.0 0.0 87.0 0.0 0.0 0.0 0.0 0.0 0.0 0.0 0.0 0.0 0.0 0.0 0.0 
0.0 0.0 78.0 0.0 0.0 0.0 0.0 0.0 244.0 0.0 51.0 0.0 0.0 0.0 0.0 0.0 0.0 0.0 0.0 0.0 220.0 0.0 0.0 0.0 
0.0 0.0 0.0 0.0 0.0 0.0 0.0 0.0 0.0 0.0 0.0 0.0 0.0 0.0 0.0 0.0 0.0 0.0 0.0 0.0 1.0 0.0 0.0 0.0 
0.0 0.0 0.0 308.0 404.0 372.0 0.0 0.0 0.0 703.0 0.0 0.0 344.0 0.0 0.0 0.0 0.0 0.0 0.0 0.0 0.0 0.0 0.0 247.0 
0.0 0.0 0.0 179.0 0.0 0.0 0.0 137.0 472.0 0.0 0.0 0.0 182.0 84.0 0.0 0.0 0.0 0.0 0.0 1.0 0.0 0.0 0.0 0.0 
0.0 0.0 0.0 2.0 0.0 0.0 0.0 0.0 0.0 0.0 0.0 0.0 2.0 0.0 0.0 0.0 0.0 0.0 1.0 0.0 0.0 0.0 0.0 0.0 
423.0 0.0 195.0 0.0 0.0 0.0 235.0 0.0 0.0 0.0 0.0 0.0 0.0 0.0 0.0 220.0 1.0 0.0 0.0 0.0 0.0 0.0 0.0 0.0 
0.0 0.0 0.0 0.0 0.0 0.0 0.0 0.0 0.0 0.0 0.0 0.0 0.0 0.0 0.0 0.0 0.0 0.0 0.0 0.0 0.0 0.0 0.0 0.0 
215.0 0.0 0.0 0.0 0.0 0.0 0.0 0.0 309.0 0.0 0.0 0.0 0.0 0.0 0.0 0.0 0.0 0.0 0.0 0.0 0.0 0.0 0.0 122.0 
166.0 0.0 0.0 0.0 0.0 0.0 0.0 0.0 0.0 0.0 0.0 0.0 0.0 0.0 0.0 0.0 0.0 247.0 0.0 0.0 0.0 0.0 122.0 0.0 
