q
1.0 748.0 823.0 419.0 2.0 631.0 5.0 1087.0 619.0 827.0 995.0 718.0 2271.0 684.0 356.0 530.0 805.0 636.0 1625.0 657.0 1330.0 2031.0 1952.0 2680.0 
l
0.0 0.0 0.0 0.0 0.0 0.0 0.0 0.0 0.0 0.0 0.0 0.0 0.0 0.0 0.0 0.0 0.0 0.0 0.0 0.0 1.0 0.0 0.0 0.0 
0.0 0.0 0.0 0.0 1.0 0.0 0.0 0.0 0.0 148.0 0.0 113.0 0.0 0.0 0.0 0.0 109.0 0.0 0.0 80.0 0.0 0.0 257.0 0.0 
0.0 0.0 0.0 0.0 0.0 0.0 0.0 0.0 98.0 0.0 158.0 0.0 0.0 0.0 0.0 0.0 0.0 0.0 261.0 0.0 0.0 262.0 0.0 0.0 
0.0 0.0 0.0 0.0 0.0 82.0 0.0 0.0 0.0 0.0 0.0 0.0 235.0 0.0 18.0 0.0 0.0 66.0 0.0 0.0 0.0 0.0 0.0 0.0 
0.0 1.0 0.0 0.0 0.0 0.0 0.0 0.0 0.0 0.0 0.0 0.0 0.0 0.0 0.0 0.0 0.0 0.0 0.0 0.0 0.0 0.0 1.0 0.0 
0.0 0.0 0.0 82.0 0.0 0.0 0.0 184.0 0.0 0.0 0.0 0.0 0.0 0.0 79.0 0.0 0.0 0.0 0.0 0.0 249.0 0.0 0.0 0.0 
0.0 0.0 0.0 0.0 0.0 0.0 0.0 1.0 0.0 0.0 0.0 0.0 0.0 0.0 0.0 0.0 0.0 0.0 0.0 0.0 4.0 0.0 0.0 0.0 
0.0 0.0 0.0 0.0 0.0 184.0 1.0 0.0 224.0 0.0 0.0 0.0 0.0 0.0 0.0 0.0 0.0 141.0 313.0 0.0 171.0 0.0 0.0 0.0 
0.0 0.0 98.0 0.0 0.0 0.0 0.0 224.0 0.0 0.0 0.0 0.0 0.0 0.0 0.0 0.0 0.0 0.0 0.0 0.0 0.0 266.0 0.0 0.0 
0.0 148.0 0.0 0.0 0.0 0.0 0.0 0.0 0.0 0.0 0.0 0.0 0.0 0.0 0.0 0.0 231.0 0.0 0.0 0.0 0.0 405.0 0.0 0.0 
0.0 0.0 158.0 0.0 0.0 0.0 0.0 0.0 0.0 0.0 0.0 0.0 0.0 121.0 0.0 0.0 0.0 0.0 294.0 0.0 0.0 0.0 374.0 0.0 
0.0 113.0 0.0 0.0 0.0 0.0 0.0 0.0 0.0 0.0 0.0 0.0 0.0 0.0 0.0 48.0 83.0 0.0 0.0 97.0 0.0 0.0 0.0 336.0 
0.0 0.0 0.0 235.0 0.0 0.0 0.0 0.0 0.0 0.0 0.0 0.0 0.0 0.0 230.0 0.0 0.0 246.0 282.0 0.0 339.0 0.0 0.0 819.0 
0.0 0.0 0.0 0.0 0.0 0.0 0.0 0.0 0.0 0.0 121.0 0.0 0.0 0.0 0.0 0.0 0.0 0.0 222.0 0.0 0.0 0.0 0.0 312.0 
0.0 0.0 0.0 18.0 0.0 79.0 0.0 0.0 0.0 0.0 0.0 0.0 230.0 0.0 0.0 0.0 0.0 0.0 0.0 0.0 0.0 0.0 0.0 0.0 
0.0 0.0 0.0 0.0 0.0 0.0 0.0 0.0 0.0 0.0 0.0 48.0 0.0 0.0 0.0 0.0 0.0 0.0 0.0 121.0 0.0 0.0 0.0 344.0 
0.0 109.0 0.0 0.0 0.0 0.0 0.0 0.0 0.0 231.0 0.0 83.0 0.0 0.0 0.0 0.0 0.0 0.0 0.0 0.0 0.0 0.0 0.0 350.0 
0.0 0.0 0.0 66.0 0.0 0.0 0.0 141.0 0.0 0.0 0.0 0.0 246.0 0.0 0.0 0.0 0.0 0.0 153.0 0.0 0.0 0.0 0.0 0.0 
0.0 0.0 261.0 0.0 0.0 0.0 0.0 313.0 0.0 0.0 294.0 0.0 282.0 222.0 0.0 0.0 0.0 153.0 0.0 0.0 0.0 0.0 0.0 0.0 
0.0 80.0 0.0 0.0 0.0 0.0 0.0 0.0 0.0 0.0 0.0 97.0 0.0 0.0 0.0 121.0 0.0 0.0 0.0 0.0 0.0 0.0 322.0 0.0 
1.0 0.0 0.0 0.0 0.0 249.0 4.0 171.0 0.0 0.0 0.0 0.0 339.0 0.0 0.0 0.0 0.0 0.0 0.0 0.0 0.0 504.0 0.0 0.0 
0.0 0.0 262.0 0.0 0.0 0.0 0.0 0.0 266.0 405.0 0.0 0.0 0.0 0.0 0.0 0.0 0.0 0.0 0.0 0.0 504.0 0.0 499.0 0.0 
0.0 257.0 0.0 0.0 1.0 0.0 0.0 0.0 0.0 0.0 374.0 0.0 0.0 0.0 0.0 0.0 0.0 0.0 0.0 322.0 0.0 499.0 0.0 396.0 
0.0 0.0 0.0 0.0 0.0 0.0 0.0 0.0 0.0 0.0 0.0 336.0 819.0 312.0 0.0 344.0 350.0 0.0 0.0 0.0 0.0 0.0 396.0 0.0 
