q
1837.0 416.0 572.0 717.0 583.0 1.0 498.0 478.0 869.0 1.0 1442.0 411.0 2088.0 1087.0 4.0 603.0 470.0 517.0 1634.0 851.0 1579.0 2364.0 1050.0 1806.0 
l
0.0 0.0 0.0 0.0 252.0 0.0 0.0 0.0 238.0 0.0 441.0 0.0 0.0 0.0 0.0 0.0 0.0 0.0 358.0 200.0 0.0 257.0 0.0 0.0 
0.0 0.0 0.0 0.0 0.0 0.0 0.0 0.0 0.0 0.0 146.0 39.0 0.0 0.0 1.0 0.0 0.0 49.0 0.0 0.0 0.0 0.0 156.0 0.0 
0.0 0.0 0.0 0.0 0.0 0.0 0.0 0.0 0.0 0.0 0.0 0.0 0.0 0.0 0.0 0.0 160.0 0.0 0.0 0.0 0.0 366.0 0.0 0.0 
0.0 0.0 0.0 0.0 0.0 0.0 0.0 60.0 0.0 0.0 0.0 0.0 0.0 141.0 0.0 88.0 0.0 0.0 227.0 0.0 161.0 0.0 0.0 0.0 
252.0 0.0 0.0 0.0 0.0 0.0 0.0 0.0 76.0 0.0 0.0 0.0 216.0 0.0 0.0 0.0 0.0 0.0 0.0 0.0 0.0 0.0 0.0 0.0 
0.0 0.0 0.0 0.0 0.0 0.0 0.0 0.0 0.0 0.0 0.0 0.0 0.0 0.0 0.0 0.0 0.0 0.0 0.0 0.0 0.0 0.0 1.0 0.0 
0.0 0.0 0.0 0.0 0.0 0.0 0.0 0.0 0.0 0.0 0.0 0.0 269.0 120.0 0.0 94.0 0.0 0.0 0.0 0.0 0.0 0.0 0.0 0.0 
0.0 0.0 0.0 60.0 0.0 0.0 0.0 0.0 0.0 0.0 0.0 0.0 0.0 0.0 0.0 0.0 0.0 0.0 204.0 0.0 187.0 0.0 0.0 0.0 
238.0 0.0 0.0 0.0 76.0 0.0 0.0 0.0 0.0 0.0 0.0 0.0 199.0 152.0 0.0 0.0 0.0 0.0 160.0 0.0 0.0 0.0 0.0 0.0 
0.0 0.0 0.0 0.0 0.0 0.0 0.0 0.0 0.0 0.0 0.0 0.0 0.0 0.0 0.0 0.0 0.0 0.0 0.0 0.0 1.0 0.0 0.0 0.0 
441.0 146.0 0.0 0.0 0.0 0.0 0.0 0.0 0.0 0.0 0.0 159.0 0.0 0.0 0.0 0.0 0.0 155.0 0.0 158.0 0.0 0.0 0.0 317.0 
0.0 39.0 0.0 0.0 0.0 0.0 0.0 0.0 0.0 0.0 159.0 0.0 0.0 0.0 0.0 0.0 0.0 0.0 0.0 0.0 0.0 0.0 0.0 184.0 
0.0 0.0 0.0 0.0 216.0 0.0 269.0 0.0 199.0 0.0 0.0 0.0 0.0 248.0 0.0 0.0 0.0 0.0 0.0 0.0 392.0 0.0 0.0 669.0 
0.0 0.0 0.0 141.0 0.0 0.0 120.0 0.0 152.0 0.0 0.0 0.0 248.0 0.0 0.0 129.0 0.0 0.0 238.0 0.0 0.0 0.0 0.0 0.0 
0.0 1.0 0.0 0.0 0.0 0.0 0.0 0.0 0.0 0.0 0.0 0.0 0.0 0.0 0.0 0.0 0.0 1.0 0.0 0.0 0.0 0.0 2.0 0.0 
0.0 0.0 0.0 88.0 0.0 0.0 94.0 0.0 0.0 0.0 0.0 0.0 0.0 129.0 0.0 0.0 0.0 0.0 0.0 0.0 263.0 0.0 0.0 0.0 
0.0 0.0 160.0 0.0 0.0 0.0 0.0 0.0 0.0 0.0 0.0 0.0 0.0 0.0 0.0 0.0 0.0 0.0 0.0 0.0 0.0 0.0 0.0 283.0 
0.0 49.0 0.0 0.0 0.0 0.0 0.0 0.0 0.0 0.0 155.0 0.0 0.0 0.0 1.0 0.0 0.0 0.0 0.0 148.0 0.0 0.0 135.0 0.0 
358.0 0.0 0.0 227.0 0.0 0.0 0.0 204.0 160.0 0.0 0.0 0.0 0.0 238.0 0.0 0.0 0.0 0.0 0.0 0.0 0.0 357.0 0.0 0.0 
200.0 0.0 0.0 0.0 0.0 0.0 0.0 0.0 0.0 0.0 158.0 0.0 0.0 0.0 0.0 0.0 0.0 148.0 0.0 0.0 0.0 294.0 0.0 0.0 
0.0 0.0 0.0 161.0 0.0 0.0 0.0 187.0 0.0 1.0 0.0 0.0 392.0 0.0 0.0 263.0 0.0 0.0 0.0 0.0 0.0 507.0 0.0 0.0 
257.0 0.0 366.0 0.0 0.0 0.0 0.0 0.0 0.0 0.0 0.0 0.0 0.0 0.0 0.0 0.0 0.0 0.0 357.0 294.0 507.0 0.0 441.0 0.0 
0.0 156.0 0.0 0.0 0.0 1.0 0.0 0.0 0.0 0.0 0.0 0.0 0.0 0.0 2.0 0.0 0.0 135.0 0.0 0.0 0.0 441.0 0.0 253.0 
0.0 0.0 0.0 0.0 0.0 0.0 0.0 0.0 0.0 0.0 317.0 184.0 669.0 0.0 0.0 0.0 283.0 0.0 0.0 0.0 0.0 0.0 253.0 0.0 
