q
57.0 288.0 575.0 1177.0 729.0 1471.0 347.0 1061.0 744.0 902.0 920.0 12.0 1135.0 800.0 585.0 759.0 13.0 1528.0 84.0 676.0 2101.0 980.0 1946.0 1522.0 850.0 
l
0.0 0.0 0.0 0.0 0.0 29.0 0.0 15.0 0.0 9.0 0.0 0.0 0.0 0.0 0.0 0.0 0.0 0.0 0.0 0.0 0.0 0.0 0.0 0.0 0.0 
0.0 0.0 0.0 0.0 0.0 0.0 0.0 0.0 0.0 0.0 86.0 0.0 113.0 0.0 0.0 60.0 0.0 0.0 5.0 0.0 0.0 0.0 0.0 0.0 0.0 
0.0 0.0 0.0 0.0 0.0 0.0 0.0 0.0 0.0 0.0 0.0 0.0 0.0 0.0 70.0 0.0 0.0 0.0 0.0 0.0 0.0 0.0 245.0 233.0 0.0 
0.0 0.0 0.0 0.0 192.0 313.0 0.0 0.0 200.0 0.0 0.0 6.0 0.0 0.0 0.0 0.0 0.0 0.0 0.0 128.0 0.0 0.0 0.0 283.0 0.0 
0.0 0.0 0.0 192.0 0.0 0.0 0.0 0.0 0.0 0.0 0.0 0.0 0.0 84.0 0.0 0.0 0.0 0.0 0.0 104.0 312.0 0.0 0.0 0.0 0.0 
29.0 0.0 0.0 313.0 0.0 0.0 0.0 226.0 158.0 222.0 0.0 0.0 0.0 0.0 0.0 0.0 0.0 0.0 0.0 0.0 456.0 0.0 0.0 0.0 0.0 
0.0 0.0 0.0 0.0 0.0 0.0 0.0 0.0 0.0 0.0 0.0 0.0 123.0 0.0 0.0 0.0 0.0 189.0 0.0 0.0 0.0 0.0 0.0 0.0 0.0 
15.0 0.0 0.0 0.0 0.0 226.0 0.0 0.0 130.0 180.0 0.0 0.0 209.0 0.0 0.0 0.0 0.0 250.0 0.0 0.0 0.0 0.0 0.0 0.0 0.0 
0.0 0.0 0.0 200.0 0.0 158.0 0.0 130.0 0.0 0.0 0.0 1.0 0.0 0.0 0.0 0.0 0.0 215.0 0.0 0.0 0.0 0.0 0.0 0.0 0.0 
9.0 0.0 0.0 0.0 0.0 222.0 0.0 180.0 0.0 0.0 0.0 0.0 207.0 0.0 0.0 215.0 0.0 0.0 28.0 0.0 0.0 0.0 0.0 0.0 0.0 
0.0 86.0 0.0 0.0 0.0 0.0 0.0 0.0 0.0 0.0 0.0 0.0 0.0 0.0 0.0 145.0 0.0 0.0 0.0 0.0 287.0 0.0 363.0 0.0 0.0 
0.0 0.0 0.0 6.0 0.0 0.0 0.0 0.0 1.0 0.0 0.0 0.0 0.0 0.0 0.0 0.0 0.0 5.0 0.0 0.0 0.0 0.0 0.0 0.0 0.0 
0.0 113.0 0.0 0.0 0.0 0.0 123.0 209.0 0.0 207.0 0.0 0.0 0.0 0.0 0.0 0.0 0.0 0.0 27.0 0.0 0.0 0.0 397.0 0.0 0.0 
0.0 0.0 0.0 0.0 84.0 0.0 0.0 0.0 0.0 0.0 0.0 0.0 0.0 0.0 0.0 0.0 0.0 0.0 0.0 168.0 295.0 0.0 0.0 0.0 209.0 
0.0 0.0 70.0 0.0 0.0 0.0 0.0 0.0 0.0 0.0 0.0 0.0 0.0 0.0 0.0 0.0 4.0 0.0 0.0 0.0 0.0 117.0 228.0 0.0 146.0 
0.0 60.0 0.0 0.0 0.0 0.0 0.0 0.0 0.0 215.0 145.0 0.0 0.0 0.0 0.0 0.0 0.0 0.0 21.0 0.0 280.0 0.0 0.0 0.0 0.0 
0.0 0.0 0.0 0.0 0.0 0.0 0.0 0.0 0.0 0.0 0.0 0.0 0.0 0.0 4.0 0.0 0.0 0.0 0.0 0.0 0.0 0.0 0.0 7.0 0.0 
0.0 0.0 0.0 0.0 0.0 0.0 189.0 250.0 215.0 0.0 0.0 5.0 0.0 0.0 0.0 0.0 0.0 0.0 0.0 0.0 0.0 0.0 367.0 394.0 0.0 
0.0 5.0 0.0 0.0 0.0 0.0 0.0 0.0 0.0 28.0 0.0 0.0 27.0 0.0 0.0 21.0 0.0 0.0 0.0 0.0 0.0 0.0 0.0 0.0 0.0 
0.0 0.0 0.0 128.0 104.0 0.0 0.0 0.0 0.0 0.0 0.0 0.0 0.0 168.0 0.0 0.0 0.0 0.0 0.0 0.0 0.0 0.0 0.0 246.0 0.0 
0.0 0.0 0.0 0.0 312.0 456.0 0.0 0.0 0.0 0.0 287.0 0.0 0.0 295.0 0.0 280.0 0.0 0.0 0.0 0.0 0.0 375.0 0.0 0.0 0.0 
0.0 0.0 0.0 0.0 0.0 0.0 0.0 0.0 0.0 0.0 0.0 0.0 0.0 0.0 117.0 0.0 0.0 0.0 0.0 0.0 375.0 0.0 262.0 0.0 189.0 
0.0 0.0 245.0 0.0 0.0 0.0 0.0 0.0 0.0 0.0 363.0 0.0 397.0 0.0 228.0 0.0 0.0 367.0 0.0 0.0 0.0 262.0 0.0 0.0 0.0 
0.0 0.0 233.0 283.0 0.0 0.0 0.0 0.0 0.0 0.0 0.0 0.0 0.0 0.0 0.0 0.0 7.0 394.0 0.0 246.0 0.0 0.0 0.0 0.0 264.0 
0.0 0.0 0.0 0.0 0.0 0.0 0.0 0.0 0.0 0.0 0.0 0.0 0.0 209.0 146.0 0.0 0.0 0.0 0.0 0.0 0.0 189.0 0.0 264.0 0.0 
