q
967.0 460.0 435.0 942.0 1002.0 615.0 725.0 399.0 689.0 599.0 578.0 2357.0 621.0 129.0 771.0 101.0 244.0 54.0 1722.0 667.0 1929.0 2025.0 1715.0 2036.0 
l
0.0 0.0 0.0 134.0 0.0 0.0 0.0 0.0 0.0 0.0 239.0 0.0 0.0 0.0 0.0 0.0 0.0 0.0 301.0 0.0 238.0 0.0 0.0 0.0 
0.0 0.0 0.0 102.0 0.0 0.0 0.0 0.0 0.0 0.0 0.0 0.0 0.0 0.0 0.0 0.0 0.0 3.0 0.0 103.0 222.0 0.0 0.0 0.0 
0.0 0.0 0.0 0.0 75.0 0.0 0.0 0.0 0.0 0.0 0.0 244.0 0.0 0.0 88.0 0.0 0.0 0.0 0.0 0.0 0.0 0.0 0.0 0.0 
134.0 102.0 0.0 0.0 0.0 0.0 0.0 0.0 0.0 0.0 0.0 0.0 0.0 0.0 0.0 0.0 0.0 12.0 273.0 170.0 204.0 0.0 0.0 0.0 
0.0 0.0 75.0 0.0 0.0 0.0 0.0 50.0 0.0 157.0 0.0 396.0 126.0 0.0 151.0 0.0 0.0 0.0 0.0 0.0 0.0 0.0 0.0 0.0 
0.0 0.0 0.0 0.0 0.0 0.0 0.0 0.0 51.0 0.0 0.0 0.0 0.0 0.0 0.0 0.0 0.0 0.0 234.0 97.0 0.0 205.0 0.0 0.0 
0.0 0.0 0.0 0.0 0.0 0.0 0.0 0.0 117.0 0.0 0.0 0.0 0.0 44.0 0.0 0.0 77.0 0.0 165.0 0.0 0.0 0.0 0.0 274.0 
0.0 0.0 0.0 0.0 50.0 0.0 0.0 0.0 0.0 0.0 0.0 220.0 114.0 0.0 0.0 0.0 0.0 0.0 0.0 0.0 0.0 0.0 0.0 0.0 
0.0 0.0 0.0 0.0 0.0 51.0 117.0 0.0 0.0 0.0 0.0 0.0 0.0 0.0 0.0 0.0 35.0 0.0 188.0 0.0 0.0 262.0 0.0 0.0 
0.0 0.0 0.0 0.0 157.0 0.0 0.0 0.0 0.0 0.0 0.0 0.0 44.0 0.0 101.0 13.0 0.0 0.0 0.0 0.0 0.0 0.0 251.0 0.0 
239.0 0.0 0.0 0.0 0.0 0.0 0.0 0.0 0.0 0.0 0.0 306.0 0.0 0.0 0.0 0.0 0.0 0.0 0.0 0.0 0.0 0.0 0.0 0.0 
0.0 0.0 244.0 0.0 396.0 0.0 0.0 220.0 0.0 0.0 306.0 0.0 0.0 0.0 0.0 0.0 0.0 0.0 0.0 0.0 625.0 0.0 0.0 450.0 
0.0 0.0 0.0 0.0 126.0 0.0 0.0 114.0 0.0 44.0 0.0 0.0 0.0 0.0 0.0 0.0 0.0 0.0 0.0 0.0 0.0 0.0 308.0 0.0 
0.0 0.0 0.0 0.0 0.0 0.0 44.0 0.0 0.0 0.0 0.0 0.0 0.0 0.0 0.0 0.0 8.0 0.0 0.0 0.0 0.0 0.0 66.0 0.0 
0.0 0.0 88.0 0.0 151.0 0.0 0.0 0.0 0.0 101.0 0.0 0.0 0.0 0.0 0.0 22.0 0.0 0.0 0.0 0.0 0.0 0.0 0.0 368.0 
0.0 0.0 0.0 0.0 0.0 0.0 0.0 0.0 0.0 13.0 0.0 0.0 0.0 0.0 22.0 0.0 0.0 0.0 0.0 0.0 0.0 0.0 59.0 0.0 
0.0 0.0 0.0 0.0 0.0 0.0 77.0 0.0 35.0 0.0 0.0 0.0 0.0 8.0 0.0 0.0 0.0 0.0 0.0 0.0 0.0 107.0 0.0 0.0 
0.0 3.0 0.0 12.0 0.0 0.0 0.0 0.0 0.0 0.0 0.0 0.0 0.0 0.0 0.0 0.0 0.0 0.0 0.0 0.0 36.0 0.0 0.0 0.0 
301.0 0.0 0.0 273.0 0.0 234.0 165.0 0.0 188.0 0.0 0.0 0.0 0.0 0.0 0.0 0.0 0.0 0.0 0.0 0.0 0.0 0.0 0.0 487.0 
0.0 103.0 0.0 170.0 0.0 97.0 0.0 0.0 0.0 0.0 0.0 0.0 0.0 0.0 0.0 0.0 0.0 0.0 0.0 0.0 0.0 265.0 0.0 0.0 
238.0 222.0 0.0 204.0 0.0 0.0 0.0 0.0 0.0 0.0 0.0 625.0 0.0 0.0 0.0 0.0 0.0 36.0 0.0 0.0 0.0 499.0 0.0 0.0 
0.0 0.0 0.0 0.0 0.0 205.0 0.0 0.0 262.0 0.0 0.0 0.0 0.0 0.0 0.0 0.0 107.0 0.0 0.0 265.0 499.0 0.0 579.0 0.0 
0.0 0.0 0.0 0.0 0.0 0.0 0.0 0.0 0.0 251.0 0.0 0.0 308.0 66.0 0.0 59.0 0.0 0.0 0.0 0.0 0.0 579.0 0.0 360.0 
0.0 0.0 0.0 0.0 0.0 0.0 274.0 0.0 0.0 0.0 0.0 450.0 0.0 0.0 368.0 0.0 0.0 0.0 487.0 0.0 0.0 0.0 360.0 0.0 
