q
784.0 771.0 888.0 630.0 646.0 997.0 44.0 131.0 1050.0 595.0 2200.0 670.0 482.0 864.0 506.0 993.0 1053.0 86.0 548.0 20.0 2604.0 2448.0 1158.0 1576.0 
l
0.0 0.0 0.0 0.0 104.0 0.0 0.0 0.0 0.0 0.0 0.0 176.0 0.0 0.0 0.0 0.0 0.0 0.0 48.0 0.0 407.0 0.0 0.0 0.0 
0.0 0.0 120.0 0.0 0.0 0.0 0.0 0.0 0.0 61.0 0.0 0.0 0.0 144.0 0.0 0.0 133.0 0.0 0.0 0.0 0.0 280.0 0.0 0.0 
0.0 120.0 0.0 0.0 0.0 0.0 0.0 0.0 137.0 0.0 0.0 0.0 0.0 0.0 0.0 170.0 149.0 0.0 0.0 0.0 0.0 272.0 0.0 0.0 
0.0 0.0 0.0 0.0 0.0 136.0 0.0 0.0 169.0 0.0 0.0 0.0 0.0 0.0 36.0 0.0 0.0 0.0 0.0 0.0 266.0 0.0 0.0 0.0 
104.0 0.0 0.0 0.0 0.0 0.0 4.0 0.0 0.0 0.0 0.0 111.0 0.0 0.0 0.0 0.0 0.0 11.0 117.0 0.0 0.0 0.0 259.0 0.0 
0.0 0.0 0.0 136.0 0.0 0.0 0.0 0.0 177.0 0.0 257.0 0.0 91.0 0.0 154.0 132.0 0.0 0.0 0.0 0.0 0.0 0.0 0.0 0.0 
0.0 0.0 0.0 0.0 4.0 0.0 0.0 0.0 0.0 0.0 0.0 0.0 0.0 0.0 0.0 0.0 0.0 0.0 15.0 0.0 0.0 0.0 24.0 0.0 
0.0 0.0 0.0 0.0 0.0 0.0 0.0 0.0 0.0 0.0 0.0 0.0 0.0 12.0 0.0 0.0 59.0 0.0 0.0 0.0 0.0 0.0 0.0 49.0 
0.0 0.0 137.0 169.0 0.0 177.0 0.0 0.0 0.0 0.0 0.0 0.0 0.0 0.0 0.0 139.0 0.0 0.0 0.0 0.0 0.0 372.0 0.0 0.0 
0.0 61.0 0.0 0.0 0.0 0.0 0.0 0.0 0.0 0.0 0.0 0.0 0.0 154.0 0.0 0.0 0.0 0.0 0.0 0.0 0.0 340.0 0.0 0.0 
0.0 0.0 0.0 0.0 0.0 257.0 0.0 0.0 0.0 0.0 0.0 0.0 245.0 0.0 0.0 220.0 300.0 0.0 0.0 0.0 560.0 0.0 0.0 494.0 
176.0 0.0 0.0 0.0 111.0 0.0 0.0 0.0 0.0 0.0 0.0 0.0 0.0 0.0 0.0 0.0 0.0 16.0 0.0 1.0 0.0 0.0 0.0 316.0 
0.0 0.0 0.0 0.0 0.0 91.0 0.0 0.0 0.0 0.0 245.0 0.0 0.0 0.0 0.0 118.0 0.0 0.0 0.0 0.0 0.0 0.0 0.0 0.0 
0.0 144.0 0.0 0.0 0.0 0.0 0.0 12.0 0.0 154.0 0.0 0.0 0.0 0.0 0.0 0.0 198.0 0.0 0.0 0.0 0.0 0.0 0.0 308.0 
0.0 0.0 0.0 36.0 0.0 154.0 0.0 0.0 0.0 0.0 0.0 0.0 0.0 0.0 0.0 0.0 0.0 0.0 0.0 0.0 288.0 0.0 0.0 0.0 
0.0 0.0 170.0 0.0 0.0 132.0 0.0 0.0 139.0 0.0 220.0 0.0 118.0 0.0 0.0 0.0 170.0 0.0 0.0 0.0 0.0 0.0 0.0 0.0 
0.0 133.0 149.0 0.0 0.0 0.0 0.0 59.0 0.0 0.0 300.0 0.0 0.0 198.0 0.0 170.0 0.0 0.0 0.0 0.0 0.0 0.0 0.0 0.0 
0.0 0.0 0.0 0.0 11.0 0.0 0.0 0.0 0.0 0.0 0.0 16.0 0.0 0.0 0.0 0.0 0.0 0.0 0.0 3.0 0.0 0.0 52.0 0.0 
48.0 0.0 0.0 0.0 117.0 0.0 15.0 0.0 0.0 0.0 0.0 0.0 0.0 0.0 0.0 0.0 0.0 0.0 0.0 0.0 341.0 0.0 0.0 0.0 
0.0 0.0 0.0 0.0 0.0 0.0 0.0 0.0 0.0 0.0 0.0 1.0 0.0 0.0 0.0 0.0 0.0 3.0 0.0 0.0 0.0 0.0 0.0 14.0 
407.0 0.0 0.0 266.0 0.0 0.0 0.0 0.0 0.0 0.0 560.0 0.0 0.0 0.0 288.0 0.0 0.0 0.0 341.0 0.0 0.0 601.0 0.0 0.0 
0.0 280.0 272.0 0.0 0.0 0.0 0.0 0.0 372.0 340.0 0.0 0.0 0.0 0.0 0.0 0.0 0.0 0.0 0.0 0.0 601.0 0.0 465.0 0.0 
0.0 0.0 0.0 0.0 259.0 0.0 24.0 0.0 0.0 0.0 0.0 0.0 0.0 0.0 0.0 0.0 0.0 52.0 0.0 0.0 0.0 465.0 0.0 296.0 
0.0 0.0 0.0 0.0 0.0 0.0 0.0 49.0 0.0 0.0 494.0 316.0 0.0 308.0 0.0 0.0 0.0 0.0 0.0 14.0 0.0 0.0 296.0 0.0 
