q
1043.0 832.0 864.0 96.0 768.0 846.0 874.0 593.0 952.0 901.0 660.0 466.0 2544.0 824.0 1.0 322.0 2.0 651.0 1039.0 269.0 1455.0 1902.0 2343.0 2177.0 
l
0.0 0.0 170.0 0.0 136.0 0.0 0.0 135.0 0.0 0.0 117.0 0.0 0.0 0.0 0.0 114.0 0.0 0.0 0.0 0.0 0.0 309.0 0.0 0.0 
0.0 0.0 0.0 33.0 0.0 153.0 0.0 0.0 0.0 0.0 0.0 0.0 0.0 82.0 0.0 0.0 0.0 0.0 0.0 82.0 0.0 0.0 427.0 0.0 
170.0 0.0 0.0 0.0 116.0 0.0 0.0 0.0 139.0 0.0 0.0 0.0 0.0 0.0 0.0 0.0 0.0 0.0 148.0 0.0 0.0 240.0 0.0 0.0 
0.0 33.0 0.0 0.0 0.0 0.0 0.0 0.0 0.0 0.0 0.0 0.0 0.0 0.0 0.0 0.0 0.0 0.0 0.0 4.0 53.0 0.0 0.0 0.0 
136.0 0.0 116.0 0.0 0.0 0.0 0.0 0.0 135.0 0.0 78.0 0.0 0.0 0.0 0.0 0.0 0.0 0.0 0.0 0.0 0.0 0.0 0.0 263.0 
0.0 153.0 0.0 0.0 0.0 0.0 179.0 0.0 0.0 0.0 0.0 0.0 0.0 138.0 0.0 0.0 0.0 0.0 0.0 46.0 295.0 0.0 0.0 0.0 
0.0 0.0 0.0 0.0 0.0 179.0 0.0 0.0 0.0 0.0 0.0 0.0 453.0 194.0 0.0 0.0 0.0 0.0 0.0 0.0 0.0 0.0 0.0 0.0 
135.0 0.0 0.0 0.0 0.0 0.0 0.0 0.0 0.0 0.0 120.0 0.0 0.0 0.0 0.0 32.0 0.0 0.0 0.0 0.0 0.0 0.0 274.0 0.0 
0.0 0.0 139.0 0.0 135.0 0.0 0.0 0.0 0.0 233.0 0.0 0.0 0.0 0.0 0.0 0.0 0.0 0.0 123.0 0.0 0.0 0.0 0.0 281.0 
0.0 0.0 0.0 0.0 0.0 0.0 0.0 0.0 233.0 0.0 0.0 98.0 307.0 0.0 0.0 0.0 0.0 62.0 153.0 0.0 0.0 0.0 0.0 0.0 
117.0 0.0 0.0 0.0 78.0 0.0 0.0 120.0 0.0 0.0 0.0 0.0 0.0 0.0 0.0 0.0 0.0 0.0 0.0 0.0 0.0 0.0 0.0 297.0 
0.0 0.0 0.0 0.0 0.0 0.0 0.0 0.0 0.0 98.0 0.0 0.0 285.0 0.0 0.0 0.0 0.0 61.0 0.0 0.0 0.0 0.0 0.0 0.0 
0.0 0.0 0.0 0.0 0.0 0.0 453.0 0.0 0.0 307.0 0.0 285.0 0.0 0.0 0.0 0.0 0.0 297.0 0.0 0.0 414.0 0.0 0.0 666.0 
0.0 82.0 0.0 0.0 0.0 138.0 194.0 0.0 0.0 0.0 0.0 0.0 0.0 0.0 0.0 0.0 0.0 0.0 0.0 0.0 0.0 0.0 368.0 0.0 
0.0 0.0 0.0 0.0 0.0 0.0 0.0 0.0 0.0 0.0 0.0 0.0 0.0 0.0 0.0 0.0 0.0 0.0 0.0 0.0 0.0 0.0 0.0 1.0 
114.0 0.0 0.0 0.0 0.0 0.0 0.0 32.0 0.0 0.0 0.0 0.0 0.0 0.0 0.0 0.0 0.0 0.0 0.0 0.0 0.0 0.0 157.0 0.0 
0.0 0.0 0.0 0.0 0.0 0.0 0.0 0.0 0.0 0.0 0.0 0.0 0.0 0.0 0.0 0.0 0.0 0.0 0.0 1.0 1.0 0.0 0.0 0.0 
0.0 0.0 0.0 0.0 0.0 0.0 0.0 0.0 0.0 62.0 0.0 61.0 297.0 0.0 0.0 0.0 0.0 0.0 213.0 0.0 0.0 0.0 0.0 0.0 
0.0 0.0 148.0 0.0 0.0 0.0 0.0 0.0 123.0 153.0 0.0 0.0 0.0 0.0 0.0 0.0 0.0 213.0 0.0 0.0 0.0 354.0 0.0 0.0 
0.0 82.0 0.0 4.0 0.0 46.0 0.0 0.0 0.0 0.0 0.0 0.0 0.0 0.0 0.0 0.0 1.0 0.0 0.0 0.0 126.0 0.0 0.0 0.0 
0.0 0.0 0.0 53.0 0.0 295.0 0.0 0.0 0.0 0.0 0.0 0.0 414.0 0.0 0.0 0.0 1.0 0.0 0.0 126.0 0.0 477.0 0.0 0.0 
309.0 0.0 240.0 0.0 0.0 0.0 0.0 0.0 0.0 0.0 0.0 0.0 0.0 0.0 0.0 0.0 0.0 0.0 354.0 0.0 477.0 0.0 421.0 0.0 
0.0 427.0 0.0 0.0 0.0 0.0 0.0 274.0 0.0 0.0 0.0 0.0 0.0 368.0 0.0 157.0 0.0 0.0 0.0 0.0 0.0 421.0 0.0 560.0 
0.0 0.0 0.0 0.0 263.0 0.0 0.0 0.0 281.0 0.0 297.0 0.0 666.0 0.0 1.0 0.0 0.0 0.0 0.0 0.0 0.0 0.0 560.0 0.0 
