q
322.0 1210.0 681.0 811.0 78.0 228.0 646.0 603.0 1034.0 1620.0 424.0 603.0 933.0 241.0 780.0 554.0 1012.0 1150.0 45.0 1109.0 2390.0 1802.0 1654.0 1604.0 
l
0.0 0.0 0.0 0.0 0.0 0.0 66.0 0.0 0.0 0.0 0.0 0.0 67.0 0.0 0.0 0.0 0.0 0.0 9.0 0.0 0.0 157.0 0.0 0.0 
0.0 0.0 0.0 0.0 37.0 118.0 0.0 0.0 0.0 0.0 0.0 0.0 0.0 94.0 0.0 0.0 0.0 252.0 0.0 0.0 326.0 0.0 0.0 326.0 
0.0 0.0 0.0 0.0 0.0 0.0 0.0 0.0 101.0 214.0 0.0 106.0 0.0 0.0 0.0 0.0 0.0 0.0 0.0 0.0 0.0 0.0 226.0 0.0 
0.0 0.0 0.0 0.0 0.0 0.0 0.0 0.0 0.0 0.0 0.0 0.0 0.0 70.0 164.0 0.0 133.0 0.0 0.0 148.0 0.0 0.0 0.0 265.0 
0.0 37.0 0.0 0.0 0.0 0.0 0.0 0.0 0.0 0.0 0.0 0.0 0.0 0.0 0.0 14.0 0.0 26.0 0.0 0.0 0.0 0.0 0.0 0.0 
0.0 118.0 0.0 0.0 0.0 0.0 0.0 0.0 0.0 0.0 0.0 0.0 0.0 16.0 83.0 0.0 0.0 0.0 0.0 0.0 0.0 0.0 0.0 0.0 
66.0 0.0 0.0 0.0 0.0 0.0 0.0 0.0 0.0 0.0 0.0 0.0 115.0 0.0 0.0 0.0 164.0 0.0 8.0 0.0 0.0 0.0 258.0 0.0 
0.0 0.0 0.0 0.0 0.0 0.0 0.0 0.0 148.0 0.0 0.0 0.0 0.0 0.0 0.0 0.0 0.0 162.0 0.0 0.0 0.0 0.0 0.0 259.0 
0.0 0.0 101.0 0.0 0.0 0.0 0.0 148.0 0.0 245.0 0.0 0.0 0.0 0.0 0.0 0.0 0.0 206.0 0.0 0.0 0.0 0.0 288.0 0.0 
0.0 0.0 214.0 0.0 0.0 0.0 0.0 0.0 245.0 0.0 170.0 172.0 0.0 0.0 0.0 0.0 0.0 260.0 0.0 0.0 477.0 0.0 0.0 0.0 
0.0 0.0 0.0 0.0 0.0 0.0 0.0 0.0 0.0 170.0 0.0 32.0 0.0 0.0 0.0 0.0 0.0 0.0 0.0 0.0 0.0 196.0 0.0 0.0 
0.0 0.0 106.0 0.0 0.0 0.0 0.0 0.0 0.0 172.0 32.0 0.0 0.0 0.0 0.0 0.0 0.0 0.0 0.0 0.0 0.0 257.0 0.0 0.0 
67.0 0.0 0.0 0.0 0.0 0.0 115.0 0.0 0.0 0.0 0.0 0.0 0.0 0.0 0.0 0.0 196.0 0.0 0.0 207.0 0.0 299.0 0.0 0.0 
0.0 94.0 0.0 70.0 0.0 16.0 0.0 0.0 0.0 0.0 0.0 0.0 0.0 0.0 48.0 0.0 0.0 0.0 0.0 0.0 0.0 0.0 0.0 0.0 
0.0 0.0 0.0 164.0 0.0 83.0 0.0 0.0 0.0 0.0 0.0 0.0 0.0 48.0 0.0 0.0 0.0 0.0 0.0 128.0 315.0 0.0 0.0 0.0 
0.0 0.0 0.0 0.0 14.0 0.0 0.0 0.0 0.0 0.0 0.0 0.0 0.0 0.0 0.0 0.0 0.0 187.0 0.0 0.0 318.0 0.0 0.0 0.0 
0.0 0.0 0.0 133.0 0.0 0.0 164.0 0.0 0.0 0.0 0.0 0.0 196.0 0.0 0.0 0.0 0.0 0.0 0.0 188.0 0.0 0.0 0.0 286.0 
0.0 252.0 0.0 0.0 26.0 0.0 0.0 162.0 206.0 260.0 0.0 0.0 0.0 0.0 0.0 187.0 0.0 0.0 0.0 0.0 0.0 0.0 0.0 0.0 
9.0 0.0 0.0 0.0 0.0 0.0 8.0 0.0 0.0 0.0 0.0 0.0 0.0 0.0 0.0 0.0 0.0 0.0 0.0 0.0 0.0 0.0 27.0 0.0 
0.0 0.0 0.0 148.0 0.0 0.0 0.0 0.0 0.0 0.0 0.0 0.0 207.0 0.0 128.0 0.0 188.0 0.0 0.0 0.0 386.0 0.0 0.0 0.0 
0.0 326.0 0.0 0.0 0.0 0.0 0.0 0.0 0.0 477.0 0.0 0.0 0.0 0.0 315.0 318.0 0.0 0.0 0.0 386.0 0.0 446.0 0.0 0.0 
157.0 0.0 0.0 0.0 0.0 0.0 0.0 0.0 0.0 0.0 196.0 257.0 299.0 0.0 0.0 0.0 0.0 0.0 0.0 0.0 446.0 0.0 374.0 0.0 
0.0 0.0 226.0 0.0 0.0 0.0 258.0 0.0 288.0 0.0 0.0 0.0 0.0 0.0 0.0 0.0 0.0 0.0 27.0 0.0 0.0 374.0 0.0 402.0 
0.0 326.0 0.0 265.0 0.0 0.0 0.0 259.0 0.0 0.0 0.0 0.0 0.0 0.0 0.0 0.0 286.0 0.0 0.0 0.0 0.0 0.0 402.0 0.0 
