q
1.0 525.0 534.0 474.0 663.0 968.0 795.0 1142.0 405.0 586.0 34.0 45.0 139.0 829.0 2042.0 1306.0 651.0 534.0 783.0 1400.0 1392.0 2125.0 2165.0 1878.0 
l
0.0 0.0 0.0 0.0 0.0 0.0 0.0 0.0 0.0 0.0 0.0 0.0 1.0 0.0 0.0 0.0 0.0 0.0 0.0 0.0 0.0 0.0 0.0 0.0 
0.0 0.0 0.0 0.0 0.0 0.0 0.0 122.0 0.0 0.0 0.0 0.0 0.0 0.0 0.0 0.0 0.0 0.0 123.0 0.0 0.0 0.0 0.0 252.0 
0.0 0.0 0.0 0.0 157.0 0.0 0.0 0.0 0.0 0.0 0.0 0.0 0.0 0.0 0.0 0.0 77.0 0.0 0.0 0.0 0.0 0.0 274.0 0.0 
0.0 0.0 0.0 0.0 0.0 0.0 0.0 0.0 0.0 0.0 0.0 0.0 17.0 75.0 0.0 165.0 0.0 0.0 0.0 0.0 192.0 0.0 0.0 0.0 
0.0 0.0 157.0 0.0 0.0 0.0 0.0 0.0 0.0 0.0 0.0 1.0 0.0 0.0 291.0 0.0 0.0 0.0 0.0 178.0 0.0 0.0 0.0 0.0 
0.0 0.0 0.0 0.0 0.0 0.0 114.0 0.0 81.0 144.0 0.0 0.0 0.0 0.0 0.0 0.0 108.0 0.0 0.0 228.0 0.0 0.0 249.0 0.0 
0.0 0.0 0.0 0.0 0.0 114.0 0.0 0.0 0.0 59.0 11.0 0.0 0.0 0.0 0.0 0.0 0.0 0.0 0.0 253.0 0.0 321.0 0.0 0.0 
0.0 122.0 0.0 0.0 0.0 0.0 0.0 0.0 0.0 0.0 0.0 0.0 0.0 187.0 0.0 245.0 0.0 94.0 150.0 0.0 0.0 0.0 0.0 294.0 
0.0 0.0 0.0 0.0 0.0 81.0 0.0 0.0 0.0 69.0 0.0 0.0 0.0 0.0 0.0 0.0 0.0 0.0 0.0 0.0 0.0 0.0 232.0 0.0 
0.0 0.0 0.0 0.0 0.0 144.0 59.0 0.0 69.0 0.0 2.0 0.0 0.0 0.0 0.0 0.0 0.0 0.0 0.0 0.0 0.0 280.0 0.0 0.0 
0.0 0.0 0.0 0.0 0.0 0.0 11.0 0.0 0.0 2.0 0.0 0.0 0.0 0.0 0.0 0.0 0.0 0.0 0.0 0.0 0.0 19.0 0.0 0.0 
0.0 0.0 0.0 0.0 1.0 0.0 0.0 0.0 0.0 0.0 0.0 0.0 0.0 0.0 30.0 0.0 0.0 0.0 0.0 13.0 0.0 0.0 0.0 0.0 
1.0 0.0 0.0 17.0 0.0 0.0 0.0 0.0 0.0 0.0 0.0 0.0 0.0 43.0 0.0 0.0 0.0 0.0 0.0 0.0 67.0 0.0 0.0 0.0 
0.0 0.0 0.0 75.0 0.0 0.0 0.0 187.0 0.0 0.0 0.0 0.0 43.0 0.0 0.0 143.0 0.0 0.0 145.0 0.0 202.0 0.0 0.0 0.0 
0.0 0.0 0.0 0.0 291.0 0.0 0.0 0.0 0.0 0.0 0.0 30.0 0.0 0.0 0.0 0.0 0.0 0.0 328.0 468.0 429.0 0.0 0.0 390.0 
0.0 0.0 0.0 165.0 0.0 0.0 0.0 245.0 0.0 0.0 0.0 0.0 0.0 143.0 0.0 0.0 0.0 161.0 0.0 0.0 0.0 525.0 0.0 0.0 
0.0 0.0 77.0 0.0 0.0 108.0 0.0 0.0 0.0 0.0 0.0 0.0 0.0 0.0 0.0 0.0 0.0 0.0 0.0 186.0 0.0 0.0 245.0 0.0 
0.0 0.0 0.0 0.0 0.0 0.0 0.0 94.0 0.0 0.0 0.0 0.0 0.0 0.0 0.0 161.0 0.0 0.0 0.0 0.0 0.0 0.0 0.0 250.0 
0.0 123.0 0.0 0.0 0.0 0.0 0.0 150.0 0.0 0.0 0.0 0.0 0.0 145.0 328.0 0.0 0.0 0.0 0.0 0.0 0.0 0.0 0.0 0.0 
0.0 0.0 0.0 0.0 178.0 228.0 253.0 0.0 0.0 0.0 0.0 13.0 0.0 0.0 468.0 0.0 186.0 0.0 0.0 0.0 0.0 0.0 0.0 0.0 
0.0 0.0 0.0 192.0 0.0 0.0 0.0 0.0 0.0 0.0 0.0 0.0 67.0 202.0 429.0 0.0 0.0 0.0 0.0 0.0 0.0 425.0 0.0 0.0 
0.0 0.0 0.0 0.0 0.0 0.0 321.0 0.0 0.0 280.0 19.0 0.0 0.0 0.0 0.0 525.0 0.0 0.0 0.0 0.0 425.0 0.0 451.0 0.0 
0.0 0.0 274.0 0.0 0.0 249.0 0.0 0.0 232.0 0.0 0.0 0.0 0.0 0.0 0.0 0.0 245.0 0.0 0.0 0.0 0.0 451.0 0.0 606.0 
0.0 252.0 0.0 0.0 0.0 0.0 0.0 294.0 0.0 0.0 0.0 0.0 0.0 0.0 390.0 0.0 0.0 250.0 0.0 0.0 0.0 0.0 606.0 0.0 
