q
1465.0 668.0 1164.0 1766.0 1750.0 594.0 724.0 630.0 516.0 31.0 507.0 11.0 2033.0 555.0 650.0 2.0 788.0 473.0 522.0 34.0 1343.0 2223.0 2199.0 1212.0 
l
0.0 0.0 251.0 0.0 293.0 0.0 0.0 0.0 0.0 14.0 0.0 0.0 496.0 0.0 183.0 0.0 0.0 157.0 0.0 0.0 0.0 0.0 0.0 0.0 
0.0 0.0 185.0 178.0 0.0 0.0 0.0 0.0 0.0 0.0 0.0 0.0 0.0 72.0 0.0 0.0 0.0 0.0 0.0 0.0 0.0 0.0 208.0 0.0 
251.0 185.0 0.0 341.0 0.0 0.0 0.0 0.0 0.0 0.0 0.0 0.0 0.0 0.0 151.0 0.0 0.0 0.0 0.0 0.0 0.0 0.0 0.0 182.0 
0.0 178.0 341.0 0.0 0.0 0.0 0.0 0.0 0.0 0.0 0.0 0.0 430.0 184.0 0.0 0.0 268.0 0.0 0.0 0.0 0.0 283.0 0.0 0.0 
293.0 0.0 0.0 0.0 0.0 0.0 0.0 359.0 0.0 14.0 0.0 0.0 0.0 0.0 0.0 0.0 0.0 194.0 0.0 0.0 461.0 0.0 0.0 325.0 
0.0 0.0 0.0 0.0 0.0 0.0 0.0 0.0 69.0 0.0 36.0 3.0 242.0 0.0 0.0 0.0 0.0 0.0 0.0 0.0 208.0 0.0 0.0 0.0 
0.0 0.0 0.0 0.0 0.0 0.0 0.0 226.0 0.0 0.0 0.0 0.0 0.0 0.0 0.0 0.0 0.0 0.0 0.0 0.0 0.0 0.0 437.0 0.0 
0.0 0.0 0.0 0.0 359.0 0.0 226.0 0.0 0.0 0.0 0.0 0.0 0.0 0.0 0.0 0.0 0.0 0.0 0.0 0.0 0.0 0.0 0.0 0.0 
0.0 0.0 0.0 0.0 0.0 69.0 0.0 0.0 0.0 0.0 0.0 0.0 177.0 0.0 0.0 1.0 0.0 0.0 0.0 0.0 0.0 241.0 0.0 0.0 
14.0 0.0 0.0 0.0 14.0 0.0 0.0 0.0 0.0 0.0 0.0 0.0 0.0 0.0 0.0 0.0 0.0 2.0 0.0 0.0 0.0 0.0 0.0 0.0 
0.0 0.0 0.0 0.0 0.0 36.0 0.0 0.0 0.0 0.0 0.0 0.0 279.0 0.0 0.0 0.0 0.0 0.0 0.0 0.0 166.0 0.0 0.0 0.0 
0.0 0.0 0.0 0.0 0.0 3.0 0.0 0.0 0.0 0.0 0.0 0.0 0.0 0.0 0.0 0.0 0.0 0.0 0.0 0.0 7.0 0.0 0.0 0.0 
496.0 0.0 0.0 430.0 0.0 242.0 0.0 0.0 177.0 0.0 279.0 0.0 0.0 0.0 0.0 0.0 0.0 0.0 0.0 0.0 0.0 314.0 0.0 0.0 
0.0 72.0 0.0 184.0 0.0 0.0 0.0 0.0 0.0 0.0 0.0 0.0 0.0 0.0 0.0 0.0 70.0 0.0 0.0 0.0 0.0 0.0 196.0 0.0 
183.0 0.0 151.0 0.0 0.0 0.0 0.0 0.0 0.0 0.0 0.0 0.0 0.0 0.0 0.0 0.0 0.0 88.0 0.0 9.0 0.0 0.0 0.0 189.0 
0.0 0.0 0.0 0.0 0.0 0.0 0.0 0.0 1.0 0.0 0.0 0.0 0.0 0.0 0.0 0.0 0.0 0.0 0.0 0.0 1.0 0.0 0.0 0.0 
0.0 0.0 0.0 268.0 0.0 0.0 0.0 0.0 0.0 0.0 0.0 0.0 0.0 70.0 0.0 0.0 0.0 0.0 155.0 0.0 0.0 0.0 258.0 0.0 
157.0 0.0 0.0 0.0 194.0 0.0 0.0 0.0 0.0 2.0 0.0 0.0 0.0 0.0 88.0 0.0 0.0 0.0 0.0 4.0 0.0 0.0 0.0 0.0 
0.0 0.0 0.0 0.0 0.0 0.0 0.0 0.0 0.0 0.0 0.0 0.0 0.0 0.0 0.0 0.0 155.0 0.0 0.0 0.0 0.0 337.0 0.0 0.0 
0.0 0.0 0.0 0.0 0.0 0.0 0.0 0.0 0.0 0.0 0.0 0.0 0.0 0.0 9.0 0.0 0.0 4.0 0.0 0.0 0.0 0.0 0.0 18.0 
0.0 0.0 0.0 0.0 461.0 208.0 0.0 0.0 0.0 0.0 166.0 7.0 0.0 0.0 0.0 1.0 0.0 0.0 0.0 0.0 0.0 415.0 0.0 0.0 
0.0 0.0 0.0 283.0 0.0 0.0 0.0 0.0 241.0 0.0 0.0 0.0 314.0 0.0 0.0 0.0 0.0 0.0 337.0 0.0 415.0 0.0 531.0 0.0 
0.0 208.0 0.0 0.0 0.0 0.0 437.0 0.0 0.0 0.0 0.0 0.0 0.0 196.0 0.0 0.0 258.0 0.0 0.0 0.0 0.0 531.0 0.0 441.0 
0.0 0.0 182.0 0.0 325.0 0.0 0.0 0.0 0.0 0.0 0.0 0.0 0.0 0.0 189.0 0.0 0.0 0.0 0.0 18.0 0.0 0.0 441.0 0.0 
