q
778.0 530.0 1466.0 136.0 576.0 524.0 1475.0 178.0 3.0 4.0 740.0 1076.0 853.0 1094.0 726.0 283.0 1653.0 610.0 1623.0 586.0 2276.0 1646.0 1749.0 1839.0 
l
0.0 0.0 0.0 0.0 0.0 0.0 0.0 36.0 0.0 0.0 139.0 0.0 0.0 195.0 0.0 0.0 0.0 0.0 0.0 147.0 0.0 0.0 224.0 0.0 
0.0 0.0 0.0 0.0 45.0 0.0 0.0 0.0 0.0 0.0 0.0 0.0 156.0 0.0 0.0 0.0 0.0 0.0 0.0 0.0 296.0 0.0 0.0 0.0 
0.0 0.0 0.0 0.0 0.0 0.0 0.0 0.0 1.0 0.0 0.0 0.0 236.0 0.0 128.0 0.0 0.0 215.0 0.0 0.0 416.0 0.0 0.0 401.0 
0.0 0.0 0.0 0.0 0.0 0.0 0.0 0.0 0.0 0.0 0.0 0.0 0.0 0.0 0.0 17.0 0.0 0.0 0.0 13.0 0.0 96.0 0.0 0.0 
0.0 45.0 0.0 0.0 0.0 0.0 0.0 0.0 0.0 0.0 0.0 0.0 94.0 0.0 0.0 0.0 185.0 0.0 0.0 0.0 217.0 0.0 0.0 0.0 
0.0 0.0 0.0 0.0 0.0 0.0 165.0 0.0 0.0 0.0 0.0 0.0 0.0 0.0 0.0 0.0 0.0 89.0 0.0 0.0 0.0 0.0 0.0 243.0 
0.0 0.0 0.0 0.0 0.0 165.0 0.0 0.0 0.0 0.0 0.0 283.0 0.0 0.0 161.0 0.0 349.0 179.0 0.0 0.0 0.0 0.0 0.0 275.0 
36.0 0.0 0.0 0.0 0.0 0.0 0.0 0.0 0.0 0.0 0.0 0.0 0.0 0.0 0.0 4.0 0.0 0.0 0.0 27.0 0.0 0.0 101.0 0.0 
0.0 0.0 1.0 0.0 0.0 0.0 0.0 0.0 0.0 0.0 0.0 0.0 0.0 0.0 2.0 0.0 0.0 0.0 0.0 0.0 0.0 0.0 0.0 0.0 
0.0 0.0 0.0 0.0 0.0 0.0 0.0 0.0 0.0 0.0 0.0 0.0 0.0 0.0 0.0 0.0 0.0 0.0 0.0 1.0 0.0 3.0 0.0 0.0 
139.0 0.0 0.0 0.0 0.0 0.0 0.0 0.0 0.0 0.0 0.0 0.0 0.0 99.0 0.0 0.0 0.0 0.0 281.0 0.0 0.0 183.0 0.0 0.0 
0.0 0.0 0.0 0.0 0.0 0.0 283.0 0.0 0.0 0.0 0.0 0.0 0.0 283.0 0.0 0.0 0.0 0.0 253.0 0.0 0.0 0.0 0.0 204.0 
0.0 156.0 236.0 0.0 94.0 0.0 0.0 0.0 0.0 0.0 0.0 0.0 0.0 0.0 116.0 0.0 207.0 0.0 0.0 0.0 0.0 0.0 0.0 0.0 
195.0 0.0 0.0 0.0 0.0 0.0 0.0 0.0 0.0 0.0 99.0 283.0 0.0 0.0 0.0 0.0 0.0 0.0 265.0 0.0 0.0 0.0 209.0 0.0 
0.0 0.0 128.0 0.0 0.0 0.0 161.0 0.0 2.0 0.0 0.0 0.0 116.0 0.0 0.0 0.0 188.0 97.0 0.0 0.0 0.0 0.0 0.0 0.0 
0.0 0.0 0.0 17.0 0.0 0.0 0.0 4.0 0.0 0.0 0.0 0.0 0.0 0.0 0.0 0.0 0.0 0.0 0.0 56.0 0.0 0.0 194.0 0.0 
0.0 0.0 0.0 0.0 185.0 0.0 349.0 0.0 0.0 0.0 0.0 0.0 207.0 0.0 188.0 0.0 0.0 0.0 403.0 0.0 239.0 0.0 0.0 0.0 
0.0 0.0 215.0 0.0 0.0 89.0 179.0 0.0 0.0 0.0 0.0 0.0 0.0 0.0 97.0 0.0 0.0 0.0 0.0 0.0 0.0 0.0 0.0 0.0 
0.0 0.0 0.0 0.0 0.0 0.0 0.0 0.0 0.0 0.0 281.0 253.0 0.0 265.0 0.0 0.0 403.0 0.0 0.0 0.0 355.0 0.0 0.0 0.0 
147.0 0.0 0.0 13.0 0.0 0.0 0.0 27.0 0.0 1.0 0.0 0.0 0.0 0.0 0.0 56.0 0.0 0.0 0.0 0.0 0.0 297.0 0.0 0.0 
0.0 296.0 416.0 0.0 217.0 0.0 0.0 0.0 0.0 0.0 0.0 0.0 0.0 0.0 0.0 0.0 239.0 0.0 355.0 0.0 0.0 641.0 0.0 0.0 
0.0 0.0 0.0 96.0 0.0 0.0 0.0 0.0 0.0 3.0 183.0 0.0 0.0 0.0 0.0 0.0 0.0 0.0 0.0 297.0 641.0 0.0 314.0 0.0 
224.0 0.0 0.0 0.0 0.0 0.0 0.0 101.0 0.0 0.0 0.0 0.0 0.0 209.0 0.0 194.0 0.0 0.0 0.0 0.0 0.0 314.0 0.0 610.0 
0.0 0.0 401.0 0.0 0.0 243.0 275.0 0.0 0.0 0.0 0.0 204.0 0.0 0.0 0.0 0.0 0.0 0.0 0.0 0.0 0.0 0.0 610.0 0.0 
