q
637.0 613.0 1258.0 1992.0 859.0 525.0 103.0 968.0 11.0 463.0 492.0 28.0 695.0 840.0 624.0 773.0 823.0 1.0 1749.0 926.0 2582.0 1450.0 1129.0 2073.0 
l
0.0 0.0 0.0 175.0 0.0 0.0 0.0 0.0 0.0 70.0 0.0 0.0 0.0 0.0 0.0 0.0 75.0 0.0 177.0 120.0 0.0 0.0 0.0 0.0 
0.0 0.0 0.0 0.0 171.0 0.0 3.0 139.0 0.0 0.0 0.0 0.0 0.0 0.0 0.0 0.0 0.0 0.0 0.0 0.0 0.0 258.0 0.0 0.0 
0.0 0.0 0.0 0.0 0.0 0.0 0.0 0.0 0.0 0.0 174.0 0.0 157.0 165.0 0.0 0.0 0.0 0.0 321.0 164.0 0.0 0.0 219.0 0.0 
175.0 0.0 0.0 0.0 0.0 0.0 0.0 0.0 0.0 287.0 0.0 0.0 0.0 0.0 0.0 0.0 204.0 0.0 0.0 251.0 442.0 0.0 0.0 554.0 
0.0 171.0 0.0 0.0 0.0 0.0 40.0 154.0 0.0 0.0 0.0 13.0 0.0 0.0 0.0 77.0 0.0 0.0 0.0 0.0 0.0 0.0 0.0 365.0 
0.0 0.0 0.0 0.0 0.0 0.0 0.0 0.0 0.0 0.0 0.0 0.0 0.0 0.0 0.0 0.0 170.0 0.0 0.0 0.0 323.0 0.0 0.0 0.0 
0.0 3.0 0.0 0.0 40.0 0.0 0.0 0.0 0.0 0.0 0.0 2.0 0.0 0.0 0.0 0.0 0.0 0.0 0.0 0.0 0.0 56.0 0.0 0.0 
0.0 139.0 0.0 0.0 154.0 0.0 0.0 0.0 0.0 0.0 0.0 0.0 0.0 0.0 89.0 124.0 0.0 0.0 0.0 0.0 400.0 0.0 0.0 0.0 
0.0 0.0 0.0 0.0 0.0 0.0 0.0 0.0 0.0 0.0 0.0 2.0 0.0 0.0 0.0 0.0 0.0 0.0 0.0 0.0 0.0 0.0 9.0 0.0 
70.0 0.0 0.0 287.0 0.0 0.0 0.0 0.0 0.0 0.0 0.0 0.0 0.0 0.0 0.0 0.0 83.0 0.0 0.0 0.0 0.0 0.0 0.0 0.0 
0.0 0.0 174.0 0.0 0.0 0.0 0.0 0.0 0.0 0.0 0.0 0.0 0.0 123.0 0.0 0.0 0.0 0.0 0.0 0.0 0.0 0.0 159.0 0.0 
0.0 0.0 0.0 0.0 13.0 0.0 2.0 0.0 2.0 0.0 0.0 0.0 0.0 0.0 0.0 0.0 0.0 0.0 0.0 0.0 0.0 10.0 0.0 0.0 
0.0 0.0 157.0 0.0 0.0 0.0 0.0 0.0 0.0 0.0 0.0 0.0 0.0 0.0 0.0 0.0 0.0 0.0 233.0 0.0 0.0 261.0 0.0 0.0 
0.0 0.0 165.0 0.0 0.0 0.0 0.0 0.0 0.0 0.0 123.0 0.0 0.0 0.0 0.0 0.0 0.0 0.0 0.0 164.0 0.0 0.0 0.0 339.0 
0.0 0.0 0.0 0.0 0.0 0.0 0.0 89.0 0.0 0.0 0.0 0.0 0.0 0.0 0.0 157.0 0.0 0.0 0.0 0.0 347.0 0.0 0.0 0.0 
0.0 0.0 0.0 0.0 77.0 0.0 0.0 124.0 0.0 0.0 0.0 0.0 0.0 0.0 157.0 0.0 0.0 0.0 0.0 0.0 0.0 0.0 0.0 376.0 
75.0 0.0 0.0 204.0 0.0 170.0 0.0 0.0 0.0 83.0 0.0 0.0 0.0 0.0 0.0 0.0 0.0 0.0 248.0 0.0 0.0 0.0 0.0 0.0 
0.0 0.0 0.0 0.0 0.0 0.0 0.0 0.0 0.0 0.0 0.0 0.0 0.0 0.0 0.0 0.0 0.0 0.0 0.0 0.0 0.0 0.0 1.0 0.0 
177.0 0.0 321.0 0.0 0.0 0.0 0.0 0.0 0.0 0.0 0.0 0.0 233.0 0.0 0.0 0.0 248.0 0.0 0.0 179.0 483.0 0.0 0.0 0.0 
120.0 0.0 164.0 251.0 0.0 0.0 0.0 0.0 0.0 0.0 0.0 0.0 0.0 164.0 0.0 0.0 0.0 0.0 179.0 0.0 0.0 0.0 0.0 0.0 
0.0 0.0 0.0 442.0 0.0 323.0 0.0 400.0 0.0 0.0 0.0 0.0 0.0 0.0 347.0 0.0 0.0 0.0 483.0 0.0 0.0 441.0 0.0 0.0 
0.0 258.0 0.0 0.0 0.0 0.0 56.0 0.0 0.0 0.0 0.0 10.0 261.0 0.0 0.0 0.0 0.0 0.0 0.0 0.0 441.0 0.0 343.0 0.0 
0.0 0.0 219.0 0.0 0.0 0.0 0.0 0.0 9.0 0.0 159.0 0.0 0.0 0.0 0.0 0.0 0.0 1.0 0.0 0.0 0.0 343.0 0.0 343.0 
0.0 0.0 0.0 554.0 365.0 0.0 0.0 0.0 0.0 0.0 0.0 0.0 0.0 339.0 0.0 376.0 0.0 0.0 0.0 0.0 0.0 0.0 343.0 0.0 
