q
1488.0 680.0 435.0 736.0 770.0 525.0 424.0 1050.0 19.0 542.0 5.0 147.0 1.0 807.0 1618.0 558.0 1112.0 793.0 1131.0 613.0 2251.0 1659.0 2512.0 1532.0 
l
0.0 0.0 0.0 204.0 0.0 0.0 124.0 0.0 0.0 220.0 0.0 0.0 0.0 0.0 344.0 0.0 0.0 137.0 0.0 0.0 372.0 0.0 0.0 0.0 
0.0 0.0 0.0 0.0 0.0 45.0 0.0 0.0 0.0 0.0 0.0 0.0 0.0 169.0 191.0 0.0 0.0 0.0 0.0 0.0 0.0 0.0 0.0 240.0 
0.0 0.0 0.0 80.0 0.0 0.0 0.0 0.0 0.0 49.0 0.0 0.0 0.0 0.0 0.0 0.0 0.0 0.0 0.0 0.0 0.0 281.0 0.0 0.0 
204.0 0.0 80.0 0.0 0.0 0.0 0.0 0.0 0.0 56.0 0.0 0.0 0.0 0.0 0.0 0.0 0.0 185.0 0.0 0.0 0.0 164.0 0.0 0.0 
0.0 0.0 0.0 0.0 0.0 0.0 0.0 210.0 0.0 0.0 0.0 23.0 0.0 0.0 0.0 0.0 182.0 0.0 182.0 132.0 0.0 0.0 0.0 0.0 
0.0 45.0 0.0 0.0 0.0 0.0 0.0 0.0 0.0 0.0 0.0 0.0 0.0 0.0 243.0 0.0 0.0 0.0 0.0 0.0 0.0 0.0 0.0 201.0 
124.0 0.0 0.0 0.0 0.0 0.0 0.0 0.0 0.0 0.0 0.0 0.0 0.0 90.0 0.0 0.0 0.0 0.0 0.0 0.0 187.0 0.0 0.0 0.0 
0.0 0.0 0.0 0.0 210.0 0.0 0.0 0.0 15.0 0.0 1.0 64.0 0.0 0.0 0.0 0.0 0.0 0.0 0.0 0.0 402.0 0.0 0.0 297.0 
0.0 0.0 0.0 0.0 0.0 0.0 0.0 15.0 0.0 0.0 0.0 3.0 0.0 0.0 0.0 0.0 0.0 0.0 0.0 0.0 0.0 0.0 0.0 0.0 
220.0 0.0 49.0 56.0 0.0 0.0 0.0 0.0 0.0 0.0 0.0 0.0 0.0 0.0 0.0 0.0 0.0 0.0 0.0 0.0 0.0 188.0 0.0 0.0 
0.0 0.0 0.0 0.0 0.0 0.0 0.0 1.0 0.0 0.0 0.0 0.0 0.0 0.0 0.0 0.0 4.0 0.0 0.0 0.0 0.0 0.0 0.0 0.0 
0.0 0.0 0.0 0.0 23.0 0.0 0.0 64.0 3.0 0.0 0.0 0.0 0.0 0.0 0.0 0.0 50.0 0.0 0.0 0.0 0.0 0.0 0.0 0.0 
0.0 0.0 0.0 0.0 0.0 0.0 0.0 0.0 0.0 0.0 0.0 0.0 0.0 0.0 0.0 0.0 0.0 0.0 0.0 0.0 0.0 1.0 0.0 0.0 
0.0 169.0 0.0 0.0 0.0 0.0 90.0 0.0 0.0 0.0 0.0 0.0 0.0 0.0 207.0 0.0 0.0 0.0 0.0 0.0 301.0 0.0 0.0 0.0 
344.0 191.0 0.0 0.0 0.0 243.0 0.0 0.0 0.0 0.0 0.0 0.0 0.0 207.0 0.0 0.0 0.0 154.0 0.0 0.0 0.0 0.0 396.0 0.0 
0.0 0.0 0.0 0.0 0.0 0.0 0.0 0.0 0.0 0.0 0.0 0.0 0.0 0.0 0.0 0.0 157.0 0.0 76.0 0.0 0.0 0.0 287.0 0.0 
0.0 0.0 0.0 0.0 182.0 0.0 0.0 0.0 0.0 0.0 4.0 50.0 0.0 0.0 0.0 157.0 0.0 0.0 178.0 0.0 475.0 0.0 0.0 0.0 
137.0 0.0 0.0 185.0 0.0 0.0 0.0 0.0 0.0 0.0 0.0 0.0 0.0 0.0 154.0 0.0 0.0 0.0 0.0 0.0 0.0 0.0 276.0 0.0 
0.0 0.0 0.0 0.0 182.0 0.0 0.0 0.0 0.0 0.0 0.0 0.0 0.0 0.0 0.0 76.0 178.0 0.0 0.0 176.0 0.0 0.0 454.0 0.0 
0.0 0.0 0.0 0.0 132.0 0.0 0.0 0.0 0.0 0.0 0.0 0.0 0.0 0.0 0.0 0.0 0.0 0.0 176.0 0.0 0.0 0.0 0.0 274.0 
372.0 0.0 0.0 0.0 0.0 0.0 187.0 402.0 0.0 0.0 0.0 0.0 0.0 301.0 0.0 0.0 475.0 0.0 0.0 0.0 0.0 393.0 0.0 0.0 
0.0 0.0 281.0 164.0 0.0 0.0 0.0 0.0 0.0 188.0 0.0 0.0 1.0 0.0 0.0 0.0 0.0 0.0 0.0 0.0 393.0 0.0 533.0 0.0 
0.0 0.0 0.0 0.0 0.0 0.0 0.0 0.0 0.0 0.0 0.0 0.0 0.0 0.0 396.0 287.0 0.0 276.0 454.0 0.0 0.0 533.0 0.0 439.0 
0.0 240.0 0.0 0.0 0.0 201.0 0.0 297.0 0.0 0.0 0.0 0.0 0.0 0.0 0.0 0.0 0.0 0.0 0.0 274.0 0.0 0.0 439.0 0.0 
