q
565.0 1111.0 996.0 319.0 877.0 1345.0 589.0 1091.0 711.0 13.0 831.0 700.0 610.0 605.0 155.0 972.0 618.0 12.0 372.0 1056.0 1912.0 1671.0 2365.0 1820.0 
l
0.0 0.0 83.0 0.0 0.0 0.0 85.0 0.0 0.0 0.0 121.0 0.0 0.0 0.0 0.0 0.0 0.0 0.0 0.0 0.0 0.0 0.0 0.0 251.0 
0.0 0.0 0.0 64.0 161.0 0.0 0.0 234.0 0.0 0.0 0.0 0.0 0.0 120.0 0.0 178.0 0.0 0.0 0.0 0.0 298.0 0.0 0.0 0.0 
83.0 0.0 0.0 0.0 0.0 0.0 0.0 0.0 230.0 0.0 140.0 0.0 128.0 0.0 0.0 0.0 0.0 0.0 0.0 0.0 0.0 0.0 0.0 366.0 
0.0 64.0 0.0 0.0 0.0 0.0 0.0 95.0 0.0 0.0 0.0 0.0 0.0 0.0 0.0 0.0 0.0 0.0 0.0 0.0 149.0 0.0 0.0 0.0 
0.0 161.0 0.0 0.0 0.0 0.0 0.0 160.0 0.0 0.0 0.0 0.0 0.0 0.0 0.0 128.0 0.0 0.0 0.0 123.0 0.0 0.0 278.0 0.0 
0.0 0.0 0.0 0.0 0.0 0.0 0.0 219.0 0.0 8.0 0.0 183.0 0.0 0.0 81.0 0.0 0.0 0.0 0.0 0.0 408.0 0.0 0.0 394.0 
85.0 0.0 0.0 0.0 0.0 0.0 0.0 0.0 0.0 0.0 140.0 0.0 0.0 0.0 0.0 0.0 0.0 0.0 0.0 0.0 0.0 0.0 327.0 0.0 
0.0 234.0 0.0 95.0 160.0 219.0 0.0 0.0 0.0 0.0 0.0 171.0 0.0 0.0 0.0 0.0 0.0 0.0 0.0 167.0 0.0 0.0 0.0 0.0 
0.0 0.0 230.0 0.0 0.0 0.0 0.0 0.0 0.0 0.0 0.0 0.0 107.0 0.0 0.0 0.0 0.0 0.0 0.0 0.0 340.0 0.0 0.0 0.0 
0.0 0.0 0.0 0.0 0.0 8.0 0.0 0.0 0.0 0.0 0.0 0.0 0.0 0.0 2.0 0.0 3.0 0.0 0.0 0.0 0.0 0.0 0.0 0.0 
121.0 0.0 140.0 0.0 0.0 0.0 140.0 0.0 0.0 0.0 0.0 0.0 91.0 0.0 0.0 0.0 0.0 3.0 0.0 0.0 0.0 297.0 0.0 0.0 
0.0 0.0 0.0 0.0 0.0 183.0 0.0 171.0 0.0 0.0 0.0 0.0 0.0 0.0 35.0 0.0 116.0 0.0 0.0 166.0 0.0 0.0 0.0 0.0 
0.0 0.0 128.0 0.0 0.0 0.0 0.0 0.0 107.0 0.0 91.0 0.0 0.0 0.0 0.0 0.0 0.0 1.0 0.0 0.0 0.0 255.0 0.0 0.0 
0.0 120.0 0.0 0.0 0.0 0.0 0.0 0.0 0.0 0.0 0.0 0.0 0.0 0.0 0.0 155.0 0.0 0.0 72.0 0.0 231.0 0.0 0.0 0.0 
0.0 0.0 0.0 0.0 0.0 81.0 0.0 0.0 0.0 2.0 0.0 35.0 0.0 0.0 0.0 0.0 28.0 0.0 0.0 0.0 0.0 0.0 0.0 0.0 
0.0 178.0 0.0 0.0 128.0 0.0 0.0 0.0 0.0 0.0 0.0 0.0 0.0 155.0 0.0 0.0 0.0 0.0 99.0 0.0 0.0 0.0 360.0 0.0 
0.0 0.0 0.0 0.0 0.0 0.0 0.0 0.0 0.0 3.0 0.0 116.0 0.0 0.0 28.0 0.0 0.0 0.0 0.0 156.0 0.0 0.0 0.0 288.0 
0.0 0.0 0.0 0.0 0.0 0.0 0.0 0.0 0.0 0.0 3.0 0.0 1.0 0.0 0.0 0.0 0.0 0.0 0.0 0.0 0.0 8.0 0.0 0.0 
0.0 0.0 0.0 0.0 0.0 0.0 0.0 0.0 0.0 0.0 0.0 0.0 0.0 72.0 0.0 99.0 0.0 0.0 0.0 0.0 0.0 180.0 0.0 0.0 
0.0 0.0 0.0 0.0 123.0 0.0 0.0 167.0 0.0 0.0 0.0 166.0 0.0 0.0 0.0 0.0 156.0 0.0 0.0 0.0 0.0 0.0 398.0 0.0 
0.0 298.0 0.0 149.0 0.0 408.0 0.0 0.0 340.0 0.0 0.0 0.0 0.0 231.0 0.0 0.0 0.0 0.0 0.0 0.0 0.0 402.0 0.0 0.0 
0.0 0.0 0.0 0.0 0.0 0.0 0.0 0.0 0.0 0.0 297.0 0.0 255.0 0.0 0.0 0.0 0.0 8.0 180.0 0.0 402.0 0.0 444.0 0.0 
0.0 0.0 0.0 0.0 278.0 0.0 327.0 0.0 0.0 0.0 0.0 0.0 0.0 0.0 0.0 360.0 0.0 0.0 0.0 398.0 0.0 444.0 0.0 446.0 
251.0 0.0 366.0 0.0 0.0 394.0 0.0 0.0 0.0 0.0 0.0 0.0 0.0 0.0 0.0 0.0 288.0 0.0 0.0 0.0 0.0 0.0 446.0 0.0 
