q
402.0 717.0 974.0 495.0 699.0 1506.0 1124.0 586.0 916.0 1678.0 838.0 188.0 351.0 1595.0 685.0 277.0 4.0 1092.0 1.0 601.0 2689.0 1322.0 1756.0 1892.0 
l
0.0 0.0 0.0 0.0 0.0 0.0 0.0 0.0 0.0 0.0 95.0 0.0 0.0 0.0 0.0 0.0 0.0 106.0 0.0 0.0 0.0 0.0 0.0 180.0 
0.0 0.0 0.0 0.0 100.0 0.0 0.0 0.0 0.0 0.0 0.0 0.0 93.0 183.0 0.0 0.0 0.0 0.0 0.0 0.0 312.0 0.0 0.0 0.0 
0.0 0.0 0.0 0.0 0.0 223.0 147.0 173.0 0.0 0.0 0.0 0.0 0.0 0.0 0.0 0.0 0.0 0.0 0.0 0.0 386.0 0.0 0.0 0.0 
0.0 0.0 0.0 0.0 0.0 0.0 180.0 48.0 0.0 0.0 0.0 0.0 0.0 0.0 0.0 0.0 0.0 0.0 0.0 0.0 0.0 248.0 0.0 0.0 
0.0 100.0 0.0 0.0 0.0 0.0 0.0 0.0 0.0 181.0 87.0 34.0 52.0 207.0 0.0 0.0 0.0 0.0 0.0 0.0 0.0 0.0 0.0 0.0 
0.0 0.0 223.0 0.0 0.0 0.0 305.0 0.0 0.0 0.0 0.0 0.0 0.0 361.0 0.0 0.0 0.0 290.0 0.0 0.0 0.0 0.0 268.0 0.0 
0.0 0.0 147.0 180.0 0.0 305.0 0.0 143.0 0.0 0.0 0.0 0.0 0.0 0.0 0.0 0.0 0.0 0.0 0.0 0.0 0.0 0.0 299.0 0.0 
0.0 0.0 173.0 48.0 0.0 0.0 143.0 0.0 0.0 0.0 0.0 0.0 0.0 0.0 0.0 0.0 2.0 0.0 0.0 0.0 0.0 186.0 0.0 0.0 
0.0 0.0 0.0 0.0 0.0 0.0 0.0 0.0 0.0 0.0 0.0 0.0 0.0 0.0 179.0 0.0 0.0 0.0 0.0 165.0 508.0 0.0 0.0 0.0 
0.0 0.0 0.0 0.0 181.0 0.0 0.0 0.0 0.0 0.0 190.0 97.0 187.0 0.0 0.0 0.0 0.0 0.0 0.0 0.0 495.0 0.0 0.0 442.0 
95.0 0.0 0.0 0.0 87.0 0.0 0.0 0.0 0.0 190.0 0.0 46.0 0.0 196.0 0.0 0.0 0.0 170.0 0.0 0.0 0.0 0.0 0.0 0.0 
0.0 0.0 0.0 0.0 34.0 0.0 0.0 0.0 0.0 97.0 46.0 0.0 0.0 0.0 0.0 0.0 0.0 0.0 0.0 0.0 0.0 0.0 0.0 0.0 
0.0 93.0 0.0 0.0 52.0 0.0 0.0 0.0 0.0 187.0 0.0 0.0 0.0 0.0 0.0 0.0 0.0 0.0 0.0 0.0 0.0 0.0 0.0 0.0 
0.0 183.0 0.0 0.0 207.0 361.0 0.0 0.0 0.0 0.0 196.0 0.0 0.0 0.0 0.0 0.0 0.0 220.0 0.0 0.0 350.0 0.0 0.0 0.0 
0.0 0.0 0.0 0.0 0.0 0.0 0.0 0.0 179.0 0.0 0.0 0.0 0.0 0.0 0.0 64.0 0.0 0.0 0.0 92.0 0.0 0.0 318.0 0.0 
0.0 0.0 0.0 0.0 0.0 0.0 0.0 0.0 0.0 0.0 0.0 0.0 0.0 0.0 64.0 0.0 0.0 0.0 0.0 35.0 0.0 0.0 0.0 163.0 
0.0 0.0 0.0 0.0 0.0 0.0 0.0 2.0 0.0 0.0 0.0 0.0 0.0 0.0 0.0 0.0 0.0 0.0 0.0 0.0 0.0 2.0 0.0 0.0 
106.0 0.0 0.0 0.0 0.0 290.0 0.0 0.0 0.0 0.0 170.0 0.0 0.0 220.0 0.0 0.0 0.0 0.0 0.0 0.0 0.0 0.0 0.0 268.0 
0.0 0.0 0.0 0.0 0.0 0.0 0.0 0.0 0.0 0.0 0.0 0.0 0.0 0.0 0.0 0.0 0.0 0.0 0.0 0.0 0.0 1.0 0.0 0.0 
0.0 0.0 0.0 0.0 0.0 0.0 0.0 0.0 165.0 0.0 0.0 0.0 0.0 0.0 92.0 35.0 0.0 0.0 0.0 0.0 0.0 0.0 0.0 274.0 
0.0 312.0 386.0 0.0 0.0 0.0 0.0 0.0 508.0 495.0 0.0 0.0 0.0 350.0 0.0 0.0 0.0 0.0 0.0 0.0 0.0 509.0 0.0 0.0 
0.0 0.0 0.0 248.0 0.0 0.0 0.0 186.0 0.0 0.0 0.0 0.0 0.0 0.0 0.0 0.0 2.0 0.0 1.0 0.0 509.0 0.0 317.0 0.0 
0.0 0.0 0.0 0.0 0.0 268.0 299.0 0.0 0.0 0.0 0.0 0.0 0.0 0.0 318.0 0.0 0.0 0.0 0.0 0.0 0.0 317.0 0.0 462.0 
180.0 0.0 0.0 0.0 0.0 0.0 0.0 0.0 0.0 442.0 0.0 0.0 0.0 0.0 0.0 163.0 0.0 268.0 0.0 274.0 0.0 0.0 462.0 0.0 
