q
645.0 593.0 452.0 442.0 158.0 2271.0 698.0 1.0 567.0 1010.0 1369.0 1047.0 1321.0 1.0 727.0 771.0 111.0 541.0 982.0 656.0 2333.0 2015.0 2570.0 2053.0 
l
0.0 0.0 0.0 0.0 26.0 272.0 0.0 0.0 43.0 0.0 139.0 130.0 0.0 0.0 0.0 0.0 0.0 0.0 0.0 0.0 0.0 0.0 0.0 0.0 
0.0 0.0 0.0 0.0 0.0 0.0 0.0 0.0 0.0 0.0 152.0 112.0 0.0 0.0 66.0 0.0 0.0 0.0 0.0 0.0 220.0 0.0 0.0 0.0 
0.0 0.0 0.0 0.0 0.0 0.0 0.0 0.0 72.0 0.0 0.0 103.0 0.0 0.0 0.0 0.0 0.0 0.0 0.0 0.0 254.0 0.0 0.0 0.0 
0.0 0.0 0.0 0.0 0.0 0.0 0.0 0.0 0.0 88.0 0.0 0.0 0.0 0.0 0.0 0.0 3.0 0.0 0.0 92.0 0.0 0.0 0.0 236.0 
26.0 0.0 0.0 0.0 0.0 104.0 0.0 0.0 18.0 0.0 0.0 0.0 0.0 0.0 0.0 0.0 0.0 0.0 0.0 0.0 0.0 0.0 0.0 0.0 
272.0 0.0 0.0 0.0 104.0 0.0 0.0 0.0 265.0 0.0 306.0 0.0 0.0 0.0 0.0 0.0 0.0 0.0 0.0 0.0 388.0 0.0 0.0 826.0 
0.0 0.0 0.0 0.0 0.0 0.0 0.0 1.0 0.0 0.0 0.0 0.0 0.0 0.0 0.0 66.0 0.0 109.0 153.0 0.0 0.0 338.0 0.0 0.0 
0.0 0.0 0.0 0.0 0.0 0.0 1.0 0.0 0.0 0.0 0.0 0.0 0.0 0.0 0.0 0.0 0.0 0.0 0.0 0.0 0.0 0.0 0.0 0.0 
43.0 0.0 72.0 0.0 18.0 265.0 0.0 0.0 0.0 0.0 0.0 135.0 0.0 0.0 0.0 0.0 0.0 0.0 0.0 0.0 0.0 0.0 0.0 0.0 
0.0 0.0 0.0 88.0 0.0 0.0 0.0 0.0 0.0 0.0 0.0 0.0 0.0 0.0 0.0 215.0 41.0 0.0 166.0 95.0 0.0 0.0 0.0 352.0 
139.0 152.0 0.0 0.0 0.0 306.0 0.0 0.0 0.0 0.0 0.0 208.0 371.0 0.0 123.0 0.0 0.0 0.0 0.0 0.0 0.0 0.0 0.0 0.0 
130.0 112.0 103.0 0.0 0.0 0.0 0.0 0.0 135.0 0.0 208.0 0.0 0.0 0.0 0.0 0.0 0.0 0.0 0.0 0.0 306.0 0.0 0.0 0.0 
0.0 0.0 0.0 0.0 0.0 0.0 0.0 0.0 0.0 0.0 371.0 0.0 0.0 0.0 266.0 0.0 0.0 0.0 0.0 0.0 0.0 0.0 599.0 0.0 
0.0 0.0 0.0 0.0 0.0 0.0 0.0 0.0 0.0 0.0 0.0 0.0 0.0 0.0 0.0 0.0 0.0 0.0 0.0 0.0 0.0 0.0 0.0 1.0 
0.0 66.0 0.0 0.0 0.0 0.0 0.0 0.0 0.0 0.0 123.0 0.0 266.0 0.0 0.0 0.0 0.0 0.0 0.0 0.0 239.0 0.0 0.0 0.0 
0.0 0.0 0.0 0.0 0.0 0.0 66.0 0.0 0.0 215.0 0.0 0.0 0.0 0.0 0.0 0.0 0.0 0.0 111.0 0.0 0.0 334.0 0.0 0.0 
0.0 0.0 0.0 3.0 0.0 0.0 0.0 0.0 0.0 41.0 0.0 0.0 0.0 0.0 0.0 0.0 0.0 0.0 0.0 0.0 0.0 0.0 0.0 60.0 
0.0 0.0 0.0 0.0 0.0 0.0 109.0 0.0 0.0 0.0 0.0 0.0 0.0 0.0 0.0 0.0 0.0 0.0 97.0 0.0 0.0 0.0 311.0 0.0 
0.0 0.0 0.0 0.0 0.0 0.0 153.0 0.0 0.0 166.0 0.0 0.0 0.0 0.0 0.0 111.0 0.0 97.0 0.0 104.0 0.0 0.0 303.0 0.0 
0.0 0.0 0.0 92.0 0.0 0.0 0.0 0.0 0.0 95.0 0.0 0.0 0.0 0.0 0.0 0.0 0.0 0.0 104.0 0.0 0.0 0.0 337.0 0.0 
0.0 220.0 254.0 0.0 0.0 388.0 0.0 0.0 0.0 0.0 0.0 306.0 0.0 0.0 239.0 0.0 0.0 0.0 0.0 0.0 0.0 815.0 0.0 0.0 
0.0 0.0 0.0 0.0 0.0 0.0 338.0 0.0 0.0 0.0 0.0 0.0 0.0 0.0 0.0 334.0 0.0 0.0 0.0 0.0 815.0 0.0 417.0 0.0 
0.0 0.0 0.0 0.0 0.0 0.0 0.0 0.0 0.0 0.0 0.0 0.0 599.0 0.0 0.0 0.0 0.0 311.0 303.0 337.0 0.0 417.0 0.0 461.0 
0.0 0.0 0.0 236.0 0.0 826.0 0.0 0.0 0.0 352.0 0.0 0.0 0.0 1.0 0.0 0.0 60.0 0.0 0.0 0.0 0.0 0.0 461.0 0.0 
