q
1079.0 751.0 169.0 8.0 737.0 1621.0 616.0 979.0 154.0 566.0 821.0 733.0 132.0 192.0 2040.0 602.0 563.0 555.0 1845.0 540.0 2785.0 1999.0 1928.0 1171.0 
l
0.0 0.0 0.0 0.0 0.0 0.0 0.0 127.0 94.0 0.0 0.0 0.0 0.0 0.0 239.0 0.0 0.0 0.0 304.0 0.0 0.0 0.0 270.0 0.0 
0.0 0.0 34.0 0.0 0.0 0.0 0.0 0.0 0.0 0.0 0.0 0.0 36.0 51.0 0.0 0.0 0.0 73.0 308.0 0.0 0.0 0.0 0.0 212.0 
0.0 34.0 0.0 2.0 0.0 111.0 0.0 0.0 0.0 0.0 0.0 0.0 8.0 4.0 0.0 0.0 0.0 0.0 0.0 0.0 0.0 0.0 0.0 0.0 
0.0 0.0 2.0 0.0 0.0 0.0 0.0 0.0 0.0 0.0 0.0 0.0 0.0 0.0 0.0 0.0 0.0 0.0 0.0 0.0 0.0 0.0 0.0 5.0 
0.0 0.0 0.0 0.0 0.0 0.0 0.0 0.0 0.0 52.0 143.0 0.0 0.0 0.0 0.0 126.0 0.0 0.0 0.0 0.0 379.0 0.0 0.0 0.0 
0.0 0.0 111.0 0.0 0.0 0.0 0.0 0.0 0.0 0.0 0.0 0.0 0.0 107.0 0.0 0.0 0.0 221.0 219.0 0.0 627.0 0.0 0.0 249.0 
0.0 0.0 0.0 0.0 0.0 0.0 0.0 0.0 0.0 0.0 0.0 0.0 0.0 0.0 0.0 0.0 0.0 0.0 246.0 0.0 322.0 0.0 0.0 0.0 
127.0 0.0 0.0 0.0 0.0 0.0 0.0 0.0 0.0 0.0 0.0 110.0 0.0 0.0 253.0 0.0 0.0 0.0 0.0 169.0 0.0 0.0 265.0 0.0 
94.0 0.0 0.0 0.0 0.0 0.0 0.0 0.0 0.0 0.0 0.0 0.0 0.0 0.0 0.0 0.0 0.0 0.0 0.0 0.0 0.0 0.0 0.0 51.0 
0.0 0.0 0.0 0.0 52.0 0.0 0.0 0.0 0.0 0.0 147.0 0.0 0.0 0.0 0.0 0.0 0.0 0.0 0.0 0.0 337.0 0.0 0.0 0.0 
0.0 0.0 0.0 0.0 143.0 0.0 0.0 0.0 0.0 147.0 0.0 0.0 0.0 0.0 0.0 118.0 0.0 0.0 0.0 0.0 0.0 0.0 373.0 0.0 
0.0 0.0 0.0 0.0 0.0 0.0 0.0 110.0 0.0 0.0 0.0 0.0 0.0 0.0 270.0 0.0 60.0 0.0 0.0 85.0 0.0 178.0 0.0 0.0 
0.0 36.0 8.0 0.0 0.0 0.0 0.0 0.0 0.0 0.0 0.0 0.0 0.0 0.0 0.0 0.0 0.0 0.0 0.0 0.0 0.0 0.0 0.0 75.0 
0.0 51.0 4.0 0.0 0.0 107.0 0.0 0.0 0.0 0.0 0.0 0.0 0.0 0.0 0.0 0.0 0.0 18.0 0.0 0.0 0.0 0.0 0.0 0.0 
239.0 0.0 0.0 0.0 0.0 0.0 0.0 253.0 0.0 0.0 0.0 270.0 0.0 0.0 0.0 0.0 251.0 0.0 456.0 0.0 474.0 0.0 0.0 0.0 
0.0 0.0 0.0 0.0 126.0 0.0 0.0 0.0 0.0 0.0 118.0 0.0 0.0 0.0 0.0 0.0 0.0 0.0 0.0 0.0 0.0 319.0 0.0 0.0 
0.0 0.0 0.0 0.0 0.0 0.0 0.0 0.0 0.0 0.0 0.0 60.0 0.0 0.0 251.0 0.0 0.0 0.0 0.0 0.0 0.0 219.0 0.0 0.0 
0.0 73.0 0.0 0.0 0.0 221.0 0.0 0.0 0.0 0.0 0.0 0.0 0.0 18.0 0.0 0.0 0.0 0.0 217.0 0.0 0.0 0.0 0.0 0.0 
304.0 308.0 0.0 0.0 0.0 219.0 246.0 0.0 0.0 0.0 0.0 0.0 0.0 0.0 456.0 0.0 0.0 217.0 0.0 0.0 0.0 0.0 0.0 0.0 
0.0 0.0 0.0 0.0 0.0 0.0 0.0 169.0 0.0 0.0 0.0 85.0 0.0 0.0 0.0 0.0 0.0 0.0 0.0 0.0 0.0 257.0 0.0 0.0 
0.0 0.0 0.0 0.0 379.0 627.0 322.0 0.0 0.0 337.0 0.0 0.0 0.0 0.0 474.0 0.0 0.0 0.0 0.0 0.0 0.0 515.0 0.0 0.0 
0.0 0.0 0.0 0.0 0.0 0.0 0.0 0.0 0.0 0.0 0.0 178.0 0.0 0.0 0.0 319.0 219.0 0.0 0.0 257.0 515.0 0.0 408.0 0.0 
270.0 0.0 0.0 0.0 0.0 0.0 0.0 265.0 0.0 0.0 373.0 0.0 0.0 0.0 0.0 0.0 0.0 0.0 0.0 0.0 0.0 408.0 0.0 506.0 
0.0 212.0 0.0 5.0 0.0 249.0 0.0 0.0 51.0 0.0 0.0 0.0 75.0 0.0 0.0 0.0 0.0 0.0 0.0 0.0 0.0 0.0 506.0 0.0 
