q
72.0 643.0 599.0 2118.0 493.0 186.0 554.0 1342.0 627.0 139.0 584.0 953.0 480.0 387.0 8.0 1206.0 1026.0 2508.0 943.0 530.0 2027.0 1730.0 1656.0 2121.0 
l
0.0 0.0 0.0 0.0 0.0 7.0 0.0 0.0 0.0 0.0 0.0 12.0 0.0 0.0 0.0 0.0 0.0 0.0 0.0 0.0 0.0 0.0 51.0 0.0 
0.0 0.0 0.0 0.0 0.0 0.0 94.0 0.0 0.0 8.0 0.0 187.0 0.0 0.0 0.0 0.0 0.0 0.0 0.0 0.0 314.0 0.0 0.0 0.0 
0.0 0.0 0.0 198.0 0.0 0.0 0.0 0.0 0.0 0.0 0.0 0.0 0.0 0.0 0.0 170.0 0.0 0.0 0.0 0.0 0.0 206.0 0.0 0.0 
0.0 0.0 198.0 0.0 0.0 0.0 0.0 441.0 0.0 0.0 0.0 0.0 0.0 0.0 0.0 256.0 396.0 0.0 326.0 0.0 0.0 386.0 0.0 0.0 
0.0 0.0 0.0 0.0 0.0 0.0 0.0 126.0 56.0 0.0 0.0 0.0 30.0 0.0 0.0 0.0 0.0 245.0 0.0 0.0 0.0 0.0 0.0 0.0 
7.0 0.0 0.0 0.0 0.0 0.0 17.0 0.0 0.0 0.0 0.0 39.0 0.0 0.0 0.0 0.0 0.0 0.0 0.0 0.0 0.0 107.0 0.0 0.0 
0.0 94.0 0.0 0.0 0.0 17.0 0.0 0.0 0.0 28.0 0.0 100.0 0.0 0.0 0.0 0.0 0.0 0.0 0.0 0.0 0.0 284.0 0.0 0.0 
0.0 0.0 0.0 441.0 126.0 0.0 0.0 0.0 92.0 0.0 0.0 0.0 160.0 0.0 0.0 180.0 0.0 272.0 0.0 0.0 0.0 0.0 0.0 0.0 
0.0 0.0 0.0 0.0 56.0 0.0 0.0 92.0 0.0 0.0 0.0 0.0 0.0 0.0 0.0 198.0 0.0 237.0 0.0 0.0 0.0 0.0 0.0 0.0 
0.0 8.0 0.0 0.0 0.0 0.0 28.0 0.0 0.0 0.0 0.0 0.0 0.0 0.0 0.0 0.0 0.0 0.0 0.0 0.0 96.0 0.0 0.0 0.0 
0.0 0.0 0.0 0.0 0.0 0.0 0.0 0.0 0.0 0.0 0.0 0.0 0.0 0.0 1.0 0.0 88.0 0.0 171.0 60.0 0.0 0.0 0.0 239.0 
12.0 187.0 0.0 0.0 0.0 39.0 100.0 0.0 0.0 0.0 0.0 0.0 0.0 145.0 0.0 0.0 0.0 0.0 0.0 0.0 0.0 0.0 425.0 0.0 
0.0 0.0 0.0 0.0 30.0 0.0 0.0 160.0 0.0 0.0 0.0 0.0 0.0 0.0 0.0 0.0 0.0 265.0 0.0 0.0 0.0 0.0 0.0 0.0 
0.0 0.0 0.0 0.0 0.0 0.0 0.0 0.0 0.0 0.0 0.0 145.0 0.0 0.0 0.0 0.0 0.0 0.0 0.0 0.0 220.0 0.0 0.0 0.0 
0.0 0.0 0.0 0.0 0.0 0.0 0.0 0.0 0.0 0.0 1.0 0.0 0.0 0.0 0.0 0.0 0.0 0.0 4.0 0.0 0.0 0.0 0.0 3.0 
0.0 0.0 170.0 256.0 0.0 0.0 0.0 180.0 198.0 0.0 0.0 0.0 0.0 0.0 0.0 0.0 0.0 0.0 0.0 0.0 336.0 0.0 0.0 0.0 
0.0 0.0 0.0 396.0 0.0 0.0 0.0 0.0 0.0 0.0 88.0 0.0 0.0 0.0 0.0 0.0 0.0 0.0 118.0 140.0 0.0 0.0 0.0 223.0 
0.0 0.0 0.0 0.0 245.0 0.0 0.0 272.0 237.0 0.0 0.0 0.0 265.0 0.0 0.0 0.0 0.0 0.0 0.0 0.0 609.0 0.0 0.0 740.0 
0.0 0.0 0.0 326.0 0.0 0.0 0.0 0.0 0.0 0.0 171.0 0.0 0.0 0.0 4.0 0.0 118.0 0.0 0.0 0.0 0.0 0.0 278.0 0.0 
0.0 0.0 0.0 0.0 0.0 0.0 0.0 0.0 0.0 0.0 60.0 0.0 0.0 0.0 0.0 0.0 140.0 0.0 0.0 0.0 0.0 0.0 0.0 292.0 
0.0 314.0 0.0 0.0 0.0 0.0 0.0 0.0 0.0 96.0 0.0 0.0 0.0 220.0 0.0 336.0 0.0 609.0 0.0 0.0 0.0 343.0 0.0 0.0 
0.0 0.0 206.0 386.0 0.0 107.0 284.0 0.0 0.0 0.0 0.0 0.0 0.0 0.0 0.0 0.0 0.0 0.0 0.0 0.0 343.0 0.0 320.0 0.0 
51.0 0.0 0.0 0.0 0.0 0.0 0.0 0.0 0.0 0.0 0.0 425.0 0.0 0.0 0.0 0.0 0.0 0.0 278.0 0.0 0.0 320.0 0.0 502.0 
0.0 0.0 0.0 0.0 0.0 0.0 0.0 0.0 0.0 0.0 239.0 0.0 0.0 0.0 3.0 0.0 223.0 740.0 0.0 292.0 0.0 0.0 502.0 0.0 
