q
1861.0 1.0 1238.0 909.0 298.0 1054.0 307.0 680.0 2223.0 260.0 622.0 536.0 601.0 655.0 663.0 1000.0 173.0 492.0 1967.0 67.0 2494.0 1499.0 1688.0 1210.0 
l
0.0 0.0 0.0 0.0 0.0 0.0 0.0 233.0 0.0 0.0 0.0 0.0 0.0 0.0 0.0 134.0 96.0 249.0 0.0 0.0 690.0 0.0 0.0 342.0 
0.0 0.0 0.0 0.0 0.0 0.0 0.0 0.0 0.0 0.0 0.0 0.0 0.0 0.0 0.0 0.0 0.0 0.0 0.0 0.0 0.0 1.0 0.0 0.0 
0.0 0.0 0.0 227.0 105.0 0.0 0.0 192.0 330.0 0.0 0.0 0.0 0.0 0.0 0.0 136.0 0.0 0.0 0.0 0.0 0.0 0.0 0.0 192.0 
0.0 0.0 227.0 0.0 0.0 0.0 0.0 0.0 196.0 0.0 0.0 0.0 0.0 0.0 0.0 0.0 0.0 0.0 207.0 45.0 0.0 0.0 189.0 0.0 
0.0 0.0 105.0 0.0 0.0 0.0 0.0 59.0 0.0 0.0 0.0 0.0 0.0 0.0 0.0 0.0 0.0 0.0 0.0 0.0 0.0 0.0 0.0 119.0 
0.0 0.0 0.0 0.0 0.0 0.0 0.0 0.0 0.0 64.0 151.0 0.0 0.0 0.0 183.0 0.0 0.0 0.0 430.0 0.0 0.0 169.0 0.0 0.0 
0.0 0.0 0.0 0.0 0.0 0.0 0.0 0.0 0.0 0.0 0.0 31.0 0.0 80.0 0.0 0.0 0.0 0.0 0.0 0.0 0.0 0.0 169.0 0.0 
233.0 0.0 192.0 0.0 59.0 0.0 0.0 0.0 0.0 0.0 0.0 0.0 0.0 0.0 0.0 89.0 0.0 60.0 0.0 0.0 0.0 0.0 0.0 0.0 
0.0 0.0 330.0 196.0 0.0 0.0 0.0 0.0 0.0 0.0 0.0 0.0 270.0 0.0 0.0 391.0 0.0 0.0 526.0 0.0 393.0 0.0 0.0 0.0 
0.0 0.0 0.0 0.0 0.0 64.0 0.0 0.0 0.0 0.0 53.0 0.0 0.0 0.0 0.0 0.0 0.0 0.0 0.0 0.0 0.0 126.0 0.0 0.0 
0.0 0.0 0.0 0.0 0.0 151.0 0.0 0.0 0.0 53.0 0.0 0.0 0.0 0.0 62.0 0.0 0.0 0.0 0.0 0.0 332.0 0.0 0.0 0.0 
0.0 0.0 0.0 0.0 0.0 0.0 31.0 0.0 0.0 0.0 0.0 0.0 0.0 58.0 0.0 0.0 0.0 0.0 247.0 0.0 0.0 0.0 172.0 0.0 
0.0 0.0 0.0 0.0 0.0 0.0 0.0 0.0 270.0 0.0 0.0 0.0 0.0 0.0 135.0 0.0 0.0 0.0 0.0 0.0 169.0 0.0 0.0 0.0 
0.0 0.0 0.0 0.0 0.0 0.0 80.0 0.0 0.0 0.0 0.0 58.0 0.0 0.0 0.0 0.0 0.0 0.0 234.0 0.0 0.0 250.0 0.0 0.0 
0.0 0.0 0.0 0.0 0.0 183.0 0.0 0.0 0.0 0.0 62.0 0.0 135.0 0.0 0.0 0.0 0.0 0.0 0.0 0.0 254.0 0.0 0.0 0.0 
134.0 0.0 136.0 0.0 0.0 0.0 0.0 89.0 391.0 0.0 0.0 0.0 0.0 0.0 0.0 0.0 54.0 144.0 0.0 0.0 0.0 0.0 0.0 0.0 
96.0 0.0 0.0 0.0 0.0 0.0 0.0 0.0 0.0 0.0 0.0 0.0 0.0 0.0 0.0 54.0 0.0 12.0 0.0 0.0 0.0 0.0 0.0 0.0 
249.0 0.0 0.0 0.0 0.0 0.0 0.0 60.0 0.0 0.0 0.0 0.0 0.0 0.0 0.0 144.0 12.0 0.0 0.0 0.0 0.0 0.0 0.0 0.0 
0.0 0.0 0.0 207.0 0.0 430.0 0.0 0.0 526.0 0.0 0.0 247.0 0.0 234.0 0.0 0.0 0.0 0.0 0.0 0.0 0.0 0.0 221.0 0.0 
0.0 0.0 0.0 45.0 0.0 0.0 0.0 0.0 0.0 0.0 0.0 0.0 0.0 0.0 0.0 0.0 0.0 0.0 0.0 0.0 0.0 0.0 0.0 17.0 
690.0 0.0 0.0 0.0 0.0 0.0 0.0 0.0 393.0 0.0 332.0 0.0 169.0 0.0 254.0 0.0 0.0 0.0 0.0 0.0 0.0 521.0 0.0 0.0 
0.0 1.0 0.0 0.0 0.0 169.0 0.0 0.0 0.0 126.0 0.0 0.0 0.0 250.0 0.0 0.0 0.0 0.0 0.0 0.0 521.0 0.0 355.0 0.0 
0.0 0.0 0.0 189.0 0.0 0.0 169.0 0.0 0.0 0.0 0.0 172.0 0.0 0.0 0.0 0.0 0.0 0.0 221.0 0.0 0.0 355.0 0.0 472.0 
342.0 0.0 192.0 0.0 119.0 0.0 0.0 0.0 0.0 0.0 0.0 0.0 0.0 0.0 0.0 0.0 0.0 0.0 0.0 17.0 0.0 0.0 472.0 0.0 
