q
989.0 576.0 540.0 1034.0 512.0 1374.0 7.0 1.0 666.0 1585.0 2126.0 1446.0 537.0 1233.0 1161.0 618.0 462.0 790.0 10.0 1.0 2133.0 1834.0 859.0 1808.0 
l
0.0 0.0 0.0 0.0 0.0 0.0 0.0 0.0 109.0 0.0 0.0 0.0 164.0 183.0 0.0 0.0 0.0 136.0 0.0 0.0 0.0 338.0 0.0 0.0 
0.0 0.0 0.0 0.0 52.0 124.0 0.0 0.0 0.0 0.0 225.0 0.0 0.0 0.0 142.0 0.0 0.0 0.0 0.0 0.0 0.0 0.0 0.0 0.0 
0.0 0.0 0.0 0.0 0.0 0.0 0.0 0.0 0.0 0.0 0.0 0.0 0.0 0.0 194.0 49.0 0.0 0.0 0.0 0.0 269.0 0.0 0.0 0.0 
0.0 0.0 0.0 0.0 0.0 377.0 0.0 0.0 0.0 0.0 0.0 194.0 0.0 214.0 0.0 0.0 0.0 0.0 0.0 0.0 0.0 0.0 0.0 195.0 
0.0 52.0 0.0 0.0 0.0 180.0 0.0 0.0 0.0 0.0 245.0 0.0 0.0 0.0 0.0 0.0 0.0 0.0 0.0 0.0 0.0 0.0 0.0 0.0 
0.0 124.0 0.0 377.0 180.0 0.0 0.0 0.0 0.0 279.0 168.0 0.0 0.0 0.0 163.0 0.0 0.0 0.0 0.0 0.0 0.0 0.0 0.0 0.0 
0.0 0.0 0.0 0.0 0.0 0.0 0.0 0.0 0.0 0.0 0.0 0.0 0.0 0.0 0.0 0.0 0.0 2.0 1.0 0.0 0.0 0.0 0.0 3.0 
0.0 0.0 0.0 0.0 0.0 0.0 0.0 0.0 0.0 0.0 0.0 0.0 0.0 0.0 0.0 0.0 0.0 0.0 0.0 0.0 0.0 0.0 1.0 0.0 
109.0 0.0 0.0 0.0 0.0 0.0 0.0 0.0 0.0 0.0 0.0 204.0 0.0 141.0 0.0 0.0 0.0 0.0 0.0 0.0 0.0 186.0 0.0 0.0 
0.0 0.0 0.0 0.0 0.0 279.0 0.0 0.0 0.0 0.0 0.0 497.0 0.0 0.0 224.0 150.0 176.0 0.0 0.0 0.0 183.0 0.0 0.0 0.0 
0.0 225.0 0.0 0.0 245.0 168.0 0.0 0.0 0.0 0.0 0.0 0.0 0.0 0.0 257.0 0.0 0.0 0.0 0.0 0.0 460.0 0.0 0.0 673.0 
0.0 0.0 0.0 194.0 0.0 0.0 0.0 0.0 204.0 497.0 0.0 0.0 0.0 257.0 0.0 0.0 0.0 0.0 0.0 0.0 0.0 218.0 0.0 0.0 
164.0 0.0 0.0 0.0 0.0 0.0 0.0 0.0 0.0 0.0 0.0 0.0 0.0 0.0 0.0 0.0 0.0 137.0 0.0 0.0 0.0 0.0 205.0 0.0 
183.0 0.0 0.0 214.0 0.0 0.0 0.0 0.0 141.0 0.0 0.0 257.0 0.0 0.0 0.0 0.0 0.0 165.0 0.0 0.0 0.0 0.0 0.0 235.0 
0.0 142.0 194.0 0.0 0.0 163.0 0.0 0.0 0.0 224.0 257.0 0.0 0.0 0.0 0.0 142.0 0.0 0.0 0.0 0.0 0.0 0.0 0.0 0.0 
0.0 0.0 49.0 0.0 0.0 0.0 0.0 0.0 0.0 150.0 0.0 0.0 0.0 0.0 142.0 0.0 40.0 0.0 0.0 0.0 210.0 0.0 0.0 0.0 
0.0 0.0 0.0 0.0 0.0 0.0 0.0 0.0 0.0 176.0 0.0 0.0 0.0 0.0 0.0 40.0 0.0 0.0 0.0 0.0 223.0 0.0 0.0 0.0 
136.0 0.0 0.0 0.0 0.0 0.0 2.0 0.0 0.0 0.0 0.0 0.0 137.0 165.0 0.0 0.0 0.0 0.0 5.0 0.0 0.0 0.0 0.0 305.0 
0.0 0.0 0.0 0.0 0.0 0.0 1.0 0.0 0.0 0.0 0.0 0.0 0.0 0.0 0.0 0.0 0.0 5.0 0.0 0.0 0.0 0.0 4.0 0.0 
0.0 0.0 0.0 0.0 0.0 0.0 0.0 0.0 0.0 0.0 0.0 0.0 0.0 0.0 0.0 0.0 0.0 0.0 0.0 0.0 0.0 0.0 1.0 0.0 
0.0 0.0 269.0 0.0 0.0 0.0 0.0 0.0 0.0 183.0 460.0 0.0 0.0 0.0 0.0 210.0 223.0 0.0 0.0 0.0 0.0 694.0 0.0 0.0 
338.0 0.0 0.0 0.0 0.0 0.0 0.0 0.0 186.0 0.0 0.0 218.0 0.0 0.0 0.0 0.0 0.0 0.0 0.0 0.0 694.0 0.0 308.0 0.0 
0.0 0.0 0.0 0.0 0.0 0.0 0.0 1.0 0.0 0.0 0.0 0.0 205.0 0.0 0.0 0.0 0.0 0.0 4.0 1.0 0.0 308.0 0.0 310.0 
0.0 0.0 0.0 195.0 0.0 0.0 3.0 0.0 0.0 0.0 673.0 0.0 0.0 235.0 0.0 0.0 0.0 305.0 0.0 0.0 0.0 0.0 310.0 0.0 
