q
474.0 1368.0 734.0 718.0 1934.0 4.0 5.0 550.0 1548.0 1.0 2135.0 603.0 1479.0 596.0 832.0 457.0 696.0 540.0 685.0 1666.0 2669.0 1544.0 1576.0 
l
0.0 0.0 93.0 0.0 0.0 0.0 0.0 0.0 0.0 0.0 0.0 0.0 0.0 0.0 0.0 0.0 0.0 0.0 85.0 270.0 0.0 0.0 0.0 
0.0 0.0 0.0 92.0 0.0 0.0 0.0 0.0 0.0 0.0 0.0 117.0 163.0 0.0 139.0 254.0 0.0 0.0 0.0 0.0 514.0 0.0 0.0 
93.0 0.0 0.0 0.0 307.0 0.0 0.0 0.0 0.0 0.0 0.0 0.0 0.0 0.0 0.0 0.0 79.0 0.0 70.0 148.0 0.0 0.0 0.0 
0.0 92.0 0.0 0.0 0.0 0.0 0.0 0.0 162.0 0.0 0.0 0.0 0.0 0.0 105.0 0.0 0.0 0.0 0.0 0.0 321.0 0.0 0.0 
0.0 0.0 307.0 0.0 0.0 0.0 0.0 0.0 0.0 0.0 0.0 0.0 0.0 0.0 0.0 0.0 242.0 247.0 0.0 206.0 822.0 0.0 0.0 
0.0 0.0 0.0 0.0 0.0 0.0 0.0 0.0 0.0 0.0 0.0 0.0 0.0 0.0 0.0 0.0 2.0 0.0 2.0 0.0 0.0 0.0 0.0 
0.0 0.0 0.0 0.0 0.0 0.0 0.0 0.0 0.0 0.0 0.0 1.0 0.0 0.0 3.0 1.0 0.0 0.0 0.0 0.0 0.0 0.0 0.0 
0.0 0.0 0.0 0.0 0.0 0.0 0.0 0.0 191.0 0.0 281.0 0.0 0.0 41.0 0.0 0.0 0.0 0.0 0.0 0.0 0.0 0.0 0.0 
0.0 0.0 0.0 162.0 0.0 0.0 0.0 191.0 0.0 0.0 0.0 0.0 192.0 153.0 333.0 0.0 0.0 0.0 0.0 0.0 0.0 438.0 0.0 
0.0 0.0 0.0 0.0 0.0 0.0 0.0 0.0 0.0 0.0 0.0 0.0 0.0 0.0 0.0 0.0 0.0 0.0 0.0 0.0 0.0 1.0 0.0 
0.0 0.0 0.0 0.0 0.0 0.0 0.0 281.0 0.0 0.0 0.0 0.0 338.0 239.0 0.0 0.0 0.0 0.0 0.0 0.0 322.0 190.0 656.0 
0.0 117.0 0.0 0.0 0.0 0.0 1.0 0.0 0.0 0.0 0.0 0.0 294.0 0.0 97.0 63.0 0.0 0.0 0.0 0.0 0.0 0.0 0.0 
0.0 163.0 0.0 0.0 0.0 0.0 0.0 0.0 192.0 0.0 338.0 294.0 0.0 134.0 0.0 0.0 0.0 0.0 0.0 0.0 288.0 0.0 0.0 
0.0 0.0 0.0 0.0 0.0 0.0 0.0 41.0 153.0 0.0 239.0 0.0 134.0 0.0 0.0 0.0 0.0 0.0 0.0 0.0 0.0 0.0 0.0 
0.0 139.0 0.0 105.0 0.0 0.0 3.0 0.0 333.0 0.0 0.0 97.0 0.0 0.0 0.0 106.0 0.0 0.0 0.0 0.0 0.0 0.0 0.0 
0.0 254.0 0.0 0.0 0.0 0.0 1.0 0.0 0.0 0.0 0.0 63.0 0.0 0.0 106.0 0.0 0.0 0.0 0.0 0.0 0.0 0.0 0.0 
0.0 0.0 79.0 0.0 242.0 2.0 0.0 0.0 0.0 0.0 0.0 0.0 0.0 0.0 0.0 0.0 0.0 65.0 88.0 0.0 0.0 0.0 186.0 
0.0 0.0 0.0 0.0 247.0 0.0 0.0 0.0 0.0 0.0 0.0 0.0 0.0 0.0 0.0 0.0 65.0 0.0 0.0 0.0 0.0 0.0 199.0 
85.0 0.0 70.0 0.0 0.0 2.0 0.0 0.0 0.0 0.0 0.0 0.0 0.0 0.0 0.0 0.0 88.0 0.0 0.0 163.0 0.0 0.0 243.0 
270.0 0.0 148.0 0.0 206.0 0.0 0.0 0.0 0.0 0.0 0.0 0.0 0.0 0.0 0.0 0.0 0.0 0.0 163.0 0.0 0.0 581.0 200.0 
0.0 514.0 0.0 321.0 822.0 0.0 0.0 0.0 0.0 0.0 322.0 0.0 288.0 0.0 0.0 0.0 0.0 0.0 0.0 0.0 0.0 261.0 0.0 
0.0 0.0 0.0 0.0 0.0 0.0 0.0 0.0 438.0 1.0 190.0 0.0 0.0 0.0 0.0 0.0 0.0 0.0 0.0 581.0 261.0 0.0 0.0 
0.0 0.0 0.0 0.0 0.0 0.0 0.0 0.0 0.0 0.0 656.0 0.0 0.0 0.0 0.0 0.0 186.0 199.0 243.0 200.0 0.0 0.0 0.0 
