q
215.0 740.0 86.0 537.0 737.0 119.0 1385.0 745.0 561.0 541.0 757.0 1027.0 652.0 706.0 947.0 1.0 595.0 1647.0 988.0 2720.0 1455.0 1747.0 1764.0 2560.0 
l
0.0 0.0 0.0 0.0 0.0 0.0 76.0 0.0 0.0 0.0 0.0 0.0 0.0 0.0 22.0 0.0 0.0 0.0 0.0 0.0 0.0 0.0 0.0 108.0 
0.0 0.0 0.0 57.0 0.0 23.0 0.0 0.0 0.0 136.0 0.0 0.0 0.0 0.0 0.0 0.0 0.0 251.0 0.0 0.0 0.0 0.0 235.0 0.0 
0.0 0.0 0.0 0.0 0.0 0.0 0.0 0.0 0.0 0.0 22.0 0.0 0.0 17.0 0.0 0.0 0.0 0.0 0.0 0.0 44.0 0.0 0.0 0.0 
0.0 57.0 0.0 0.0 0.0 0.0 0.0 0.0 0.0 0.0 0.0 0.0 0.0 0.0 0.0 0.0 84.0 162.0 0.0 0.0 0.0 0.0 209.0 0.0 
0.0 0.0 0.0 0.0 0.0 0.0 224.0 0.0 0.0 0.0 0.0 0.0 0.0 0.0 0.0 0.0 63.0 161.0 0.0 0.0 0.0 257.0 0.0 0.0 
0.0 23.0 0.0 0.0 0.0 0.0 0.0 0.0 0.0 27.0 0.0 0.0 0.0 0.0 0.0 0.0 0.0 0.0 0.0 0.0 0.0 0.0 62.0 0.0 
76.0 0.0 0.0 0.0 224.0 0.0 0.0 0.0 0.0 0.0 0.0 0.0 0.0 194.0 210.0 0.0 0.0 316.0 0.0 0.0 297.0 0.0 0.0 0.0 
0.0 0.0 0.0 0.0 0.0 0.0 0.0 0.0 0.0 0.0 0.0 229.0 0.0 0.0 0.0 0.0 0.0 0.0 113.0 0.0 0.0 0.0 355.0 0.0 
0.0 0.0 0.0 0.0 0.0 0.0 0.0 0.0 0.0 0.0 0.0 117.0 56.0 0.0 0.0 0.0 0.0 0.0 0.0 362.0 0.0 0.0 0.0 0.0 
0.0 136.0 0.0 0.0 0.0 27.0 0.0 0.0 0.0 0.0 0.0 0.0 0.0 0.0 0.0 0.0 0.0 0.0 0.0 0.0 0.0 0.0 0.0 343.0 
0.0 0.0 22.0 0.0 0.0 0.0 0.0 0.0 0.0 0.0 0.0 0.0 0.0 136.0 180.0 0.0 0.0 0.0 0.0 373.0 0.0 0.0 0.0 0.0 
0.0 0.0 0.0 0.0 0.0 0.0 0.0 229.0 117.0 0.0 0.0 0.0 69.0 0.0 0.0 0.0 0.0 0.0 180.0 373.0 0.0 0.0 0.0 0.0 
0.0 0.0 0.0 0.0 0.0 0.0 0.0 0.0 56.0 0.0 0.0 69.0 0.0 0.0 0.0 0.0 0.0 0.0 190.0 305.0 0.0 0.0 0.0 0.0 
0.0 0.0 17.0 0.0 0.0 0.0 194.0 0.0 0.0 0.0 136.0 0.0 0.0 0.0 122.0 1.0 0.0 0.0 0.0 0.0 211.0 0.0 0.0 0.0 
22.0 0.0 0.0 0.0 0.0 0.0 210.0 0.0 0.0 0.0 180.0 0.0 0.0 122.0 0.0 0.0 0.0 0.0 0.0 0.0 0.0 0.0 0.0 366.0 
0.0 0.0 0.0 0.0 0.0 0.0 0.0 0.0 0.0 0.0 0.0 0.0 0.0 1.0 0.0 0.0 0.0 0.0 0.0 0.0 0.0 0.0 0.0 0.0 
0.0 0.0 0.0 84.0 63.0 0.0 0.0 0.0 0.0 0.0 0.0 0.0 0.0 0.0 0.0 0.0 0.0 214.0 0.0 0.0 0.0 211.0 0.0 0.0 
0.0 251.0 0.0 162.0 161.0 0.0 316.0 0.0 0.0 0.0 0.0 0.0 0.0 0.0 0.0 0.0 214.0 0.0 0.0 0.0 0.0 0.0 0.0 461.0 
0.0 0.0 0.0 0.0 0.0 0.0 0.0 113.0 0.0 0.0 0.0 180.0 190.0 0.0 0.0 0.0 0.0 0.0 0.0 0.0 0.0 452.0 0.0 0.0 
0.0 0.0 0.0 0.0 0.0 0.0 0.0 0.0 362.0 0.0 373.0 373.0 305.0 0.0 0.0 0.0 0.0 0.0 0.0 0.0 469.0 0.0 0.0 702.0 
0.0 0.0 44.0 0.0 0.0 0.0 297.0 0.0 0.0 0.0 0.0 0.0 0.0 211.0 0.0 0.0 0.0 0.0 0.0 469.0 0.0 361.0 0.0 0.0 
0.0 0.0 0.0 0.0 257.0 0.0 0.0 0.0 0.0 0.0 0.0 0.0 0.0 0.0 0.0 0.0 211.0 0.0 452.0 0.0 361.0 0.0 374.0 0.0 
0.0 235.0 0.0 209.0 0.0 62.0 0.0 355.0 0.0 0.0 0.0 0.0 0.0 0.0 0.0 0.0 0.0 0.0 0.0 0.0 0.0 374.0 0.0 435.0 
108.0 0.0 0.0 0.0 0.0 0.0 0.0 0.0 0.0 343.0 0.0 0.0 0.0 0.0 366.0 0.0 0.0 461.0 0.0 702.0 0.0 0.0 435.0 0.0 
