q
547.0 885.0 2139.0 1290.0 130.0 769.0 1331.0 86.0 1.0 777.0 1144.0 697.0 701.0 520.0 605.0 31.0 440.0 757.0 1329.0 1038.0 2257.0 2029.0 1448.0 2431.0 
l
0.0 0.0 0.0 0.0 0.0 0.0 0.0 0.0 0.0 0.0 0.0 0.0 0.0 0.0 51.0 0.0 0.0 0.0 163.0 0.0 303.0 0.0 0.0 0.0 
0.0 0.0 0.0 0.0 0.0 0.0 0.0 0.0 0.0 139.0 0.0 0.0 0.0 0.0 0.0 0.0 0.0 0.0 217.0 155.0 0.0 0.0 327.0 0.0 
0.0 0.0 0.0 0.0 89.0 266.0 0.0 0.0 0.0 0.0 0.0 0.0 0.0 0.0 0.0 0.0 243.0 244.0 0.0 0.0 726.0 0.0 0.0 467.0 
0.0 0.0 0.0 0.0 0.0 128.0 259.0 0.0 0.0 0.0 206.0 153.0 0.0 0.0 0.0 0.0 0.0 219.0 0.0 0.0 0.0 0.0 0.0 260.0 
0.0 0.0 89.0 0.0 0.0 0.0 0.0 0.0 0.0 0.0 0.0 0.0 0.0 0.0 0.0 0.0 6.0 30.0 0.0 0.0 0.0 0.0 0.0 0.0 
0.0 0.0 266.0 128.0 0.0 0.0 262.0 0.0 0.0 0.0 0.0 0.0 0.0 0.0 0.0 0.0 0.0 76.0 0.0 0.0 0.0 0.0 0.0 0.0 
0.0 0.0 0.0 259.0 0.0 262.0 0.0 0.0 0.0 0.0 157.0 0.0 124.0 0.0 0.0 11.0 0.0 0.0 0.0 0.0 0.0 459.0 0.0 0.0 
0.0 0.0 0.0 0.0 0.0 0.0 0.0 0.0 0.0 0.0 39.0 0.0 0.0 1.0 0.0 0.0 0.0 0.0 0.0 0.0 0.0 0.0 41.0 0.0 
0.0 0.0 0.0 0.0 0.0 0.0 0.0 0.0 0.0 0.0 0.0 0.0 0.0 0.0 0.0 0.0 0.0 0.0 0.0 0.0 1.0 0.0 0.0 0.0 
0.0 139.0 0.0 0.0 0.0 0.0 0.0 0.0 0.0 0.0 0.0 0.0 0.0 0.0 121.0 0.0 0.0 0.0 152.0 0.0 0.0 333.0 0.0 0.0 
0.0 0.0 0.0 206.0 0.0 0.0 157.0 39.0 0.0 0.0 0.0 0.0 168.0 154.0 0.0 0.0 0.0 0.0 0.0 0.0 0.0 0.0 0.0 364.0 
0.0 0.0 0.0 153.0 0.0 0.0 0.0 0.0 0.0 0.0 0.0 0.0 0.0 0.0 0.0 0.0 115.0 92.0 0.0 0.0 0.0 0.0 0.0 313.0 
0.0 0.0 0.0 0.0 0.0 0.0 124.0 0.0 0.0 0.0 168.0 0.0 0.0 107.0 0.0 1.0 0.0 0.0 0.0 0.0 0.0 268.0 0.0 0.0 
0.0 0.0 0.0 0.0 0.0 0.0 0.0 1.0 0.0 0.0 154.0 0.0 107.0 0.0 0.0 0.0 0.0 0.0 0.0 0.0 0.0 0.0 228.0 0.0 
51.0 0.0 0.0 0.0 0.0 0.0 0.0 0.0 0.0 121.0 0.0 0.0 0.0 0.0 0.0 0.0 0.0 0.0 112.0 0.0 287.0 0.0 0.0 0.0 
0.0 0.0 0.0 0.0 0.0 0.0 11.0 0.0 0.0 0.0 0.0 0.0 1.0 0.0 0.0 0.0 0.0 0.0 0.0 0.0 0.0 18.0 0.0 0.0 
0.0 0.0 243.0 0.0 6.0 0.0 0.0 0.0 0.0 0.0 0.0 115.0 0.0 0.0 0.0 0.0 0.0 59.0 0.0 0.0 0.0 0.0 0.0 0.0 
0.0 0.0 244.0 219.0 30.0 76.0 0.0 0.0 0.0 0.0 0.0 92.0 0.0 0.0 0.0 0.0 59.0 0.0 0.0 0.0 0.0 0.0 0.0 0.0 
163.0 217.0 0.0 0.0 0.0 0.0 0.0 0.0 0.0 152.0 0.0 0.0 0.0 0.0 112.0 0.0 0.0 0.0 0.0 325.0 314.0 0.0 0.0 0.0 
0.0 155.0 0.0 0.0 0.0 0.0 0.0 0.0 0.0 0.0 0.0 0.0 0.0 0.0 0.0 0.0 0.0 0.0 325.0 0.0 0.0 0.0 0.0 513.0 
303.0 0.0 726.0 0.0 0.0 0.0 0.0 0.0 1.0 0.0 0.0 0.0 0.0 0.0 287.0 0.0 0.0 0.0 314.0 0.0 0.0 514.0 0.0 0.0 
0.0 0.0 0.0 0.0 0.0 0.0 459.0 0.0 0.0 333.0 0.0 0.0 268.0 0.0 0.0 18.0 0.0 0.0 0.0 0.0 514.0 0.0 360.0 0.0 
0.0 327.0 0.0 0.0 0.0 0.0 0.0 41.0 0.0 0.0 0.0 0.0 0.0 228.0 0.0 0.0 0.0 0.0 0.0 0.0 0.0 360.0 0.0 411.0 
0.0 0.0 467.0 260.0 0.0 0.0 0.0 0.0 0.0 0.0 364.0 313.0 0.0 0.0 0.0 0.0 0.0 0.0 0.0 513.0 0.0 0.0 411.0 0.0 
