q
1324.0 874.0 1027.0 219.0 1691.0 391.0 2195.0 632.0 669.0 1013.0 563.0 2121.0 736.0 2436.0 5.0 501.0 634.0 1025.0 2110.0 743.0 614.0 2003.0 
l
0.0 189.0 0.0 66.0 325.0 0.0 339.0 210.0 0.0 139.0 0.0 0.0 0.0 0.0 0.0 0.0 0.0 0.0 0.0 0.0 0.0 0.0 
189.0 0.0 0.0 32.0 0.0 0.0 0.0 116.0 0.0 0.0 0.0 0.0 0.0 0.0 0.0 0.0 0.0 0.0 0.0 163.0 0.0 311.0 
0.0 0.0 0.0 0.0 0.0 0.0 0.0 0.0 0.0 0.0 101.0 0.0 52.0 454.0 0.0 163.0 0.0 0.0 196.0 0.0 0.0 0.0 
66.0 32.0 0.0 0.0 0.0 0.0 0.0 0.0 0.0 0.0 0.0 0.0 0.0 0.0 0.0 0.0 0.0 0.0 0.0 0.0 0.0 108.0 
325.0 0.0 0.0 0.0 0.0 0.0 298.0 0.0 0.0 0.0 0.0 261.0 0.0 0.0 0.0 0.0 295.0 201.0 0.0 0.0 0.0 239.0 
0.0 0.0 0.0 0.0 0.0 0.0 0.0 0.0 36.0 0.0 0.0 248.0 0.0 0.0 0.0 0.0 78.0 0.0 0.0 0.0 0.0 0.0 
339.0 0.0 0.0 0.0 298.0 0.0 0.0 0.0 0.0 313.0 0.0 395.0 0.0 291.0 0.0 0.0 0.0 0.0 481.0 0.0 0.0 0.0 
210.0 116.0 0.0 0.0 0.0 0.0 0.0 0.0 0.0 168.0 0.0 0.0 0.0 0.0 0.0 0.0 0.0 0.0 0.0 98.0 0.0 0.0 
0.0 0.0 0.0 0.0 0.0 36.0 0.0 0.0 0.0 0.0 0.0 306.0 0.0 0.0 1.0 0.0 96.0 188.0 0.0 0.0 0.0 0.0 
139.0 0.0 0.0 0.0 0.0 0.0 313.0 168.0 0.0 0.0 0.0 0.0 0.0 245.0 0.0 0.0 0.0 0.0 0.0 113.0 0.0 0.0 
0.0 0.0 101.0 0.0 0.0 0.0 0.0 0.0 0.0 0.0 0.0 0.0 105.0 0.0 0.0 28.0 0.0 0.0 296.0 0.0 0.0 0.0 
0.0 0.0 0.0 0.0 261.0 248.0 395.0 0.0 306.0 0.0 0.0 0.0 0.0 0.0 0.0 0.0 0.0 0.0 571.0 0.0 248.0 0.0 
0.0 0.0 52.0 0.0 0.0 0.0 0.0 0.0 0.0 0.0 105.0 0.0 0.0 350.0 0.0 0.0 0.0 0.0 186.0 0.0 0.0 0.0 
0.0 0.0 454.0 0.0 0.0 0.0 291.0 0.0 0.0 245.0 0.0 0.0 350.0 0.0 0.0 0.0 0.0 0.0 0.0 329.0 0.0 635.0 
0.0 0.0 0.0 0.0 0.0 0.0 0.0 0.0 1.0 0.0 0.0 0.0 0.0 0.0 0.0 0.0 2.0 1.0 0.0 0.0 0.0 0.0 
0.0 0.0 163.0 0.0 0.0 0.0 0.0 0.0 0.0 0.0 28.0 0.0 0.0 0.0 0.0 0.0 0.0 0.0 284.0 0.0 0.0 0.0 
0.0 0.0 0.0 0.0 295.0 78.0 0.0 0.0 96.0 0.0 0.0 0.0 0.0 0.0 2.0 0.0 0.0 120.0 0.0 0.0 0.0 0.0 
0.0 0.0 0.0 0.0 201.0 0.0 0.0 0.0 188.0 0.0 0.0 0.0 0.0 0.0 1.0 0.0 120.0 0.0 0.0 0.0 102.0 362.0 
0.0 0.0 196.0 0.0 0.0 0.0 481.0 0.0 0.0 0.0 296.0 571.0 186.0 0.0 0.0 284.0 0.0 0.0 0.0 0.0 0.0 0.0 
0.0 163.0 0.0 0.0 0.0 0.0 0.0 98.0 0.0 113.0 0.0 0.0 0.0 329.0 0.0 0.0 0.0 0.0 0.0 0.0 0.0 0.0 
0.0 0.0 0.0 0.0 0.0 0.0 0.0 0.0 0.0 0.0 0.0 248.0 0.0 0.0 0.0 0.0 0.0 102.0 0.0 0.0 0.0 241.0 
0.0 311.0 0.0 108.0 239.0 0.0 0.0 0.0 0.0 0.0 0.0 0.0 0.0 635.0 0.0 0.0 0.0 362.0 0.0 0.0 241.0 0.0 
