q
779.0 580.0 659.0 1211.0 1030.0 24.0 337.0 590.0 282.0 478.0 1423.0 762.0 6.0 1465.0 1017.0 1348.0 1555.0 812.0 445.0 547.0 2304.0 2538.0 1751.0 1939.0 
l
0.0 0.0 90.0 0.0 0.0 0.0 60.0 0.0 0.0 0.0 0.0 147.0 0.0 0.0 0.0 218.0 227.0 0.0 0.0 0.0 0.0 0.0 0.0 0.0 
0.0 0.0 0.0 0.0 166.0 6.0 0.0 44.0 0.0 0.0 0.0 0.0 0.0 0.0 0.0 0.0 0.0 0.0 0.0 0.0 0.0 326.0 0.0 0.0 
90.0 0.0 0.0 0.0 0.0 0.0 62.0 0.0 34.0 0.0 0.0 0.0 0.0 0.0 0.0 155.0 0.0 0.0 0.0 0.0 278.0 0.0 0.0 0.0 
0.0 0.0 0.0 0.0 0.0 0.0 0.0 0.0 0.0 0.0 158.0 173.0 0.0 338.0 0.0 205.0 0.0 0.0 0.0 0.0 0.0 0.0 0.0 286.0 
0.0 166.0 0.0 0.0 0.0 0.0 0.0 128.0 0.0 0.0 0.0 0.0 0.0 226.0 125.0 0.0 0.0 0.0 0.0 100.0 0.0 0.0 240.0 0.0 
0.0 6.0 0.0 0.0 0.0 0.0 0.0 0.0 0.0 0.0 0.0 0.0 0.0 0.0 0.0 0.0 0.0 0.0 0.0 0.0 0.0 0.0 17.0 0.0 
60.0 0.0 62.0 0.0 0.0 0.0 0.0 0.0 50.0 0.0 0.0 0.0 1.0 0.0 0.0 0.0 145.0 0.0 0.0 0.0 0.0 0.0 0.0 0.0 
0.0 44.0 0.0 0.0 128.0 0.0 0.0 0.0 0.0 0.0 0.0 0.0 0.0 0.0 142.0 0.0 0.0 0.0 0.0 0.0 0.0 258.0 0.0 0.0 
0.0 0.0 34.0 0.0 0.0 0.0 50.0 0.0 0.0 0.0 0.0 0.0 1.0 0.0 0.0 0.0 0.0 0.0 0.0 0.0 172.0 0.0 0.0 0.0 
0.0 0.0 0.0 0.0 0.0 0.0 0.0 0.0 0.0 0.0 0.0 0.0 0.0 0.0 0.0 0.0 0.0 171.0 0.0 0.0 0.0 0.0 0.0 273.0 
0.0 0.0 0.0 158.0 0.0 0.0 0.0 0.0 0.0 0.0 0.0 0.0 0.0 296.0 291.0 273.0 0.0 0.0 0.0 0.0 341.0 0.0 0.0 0.0 
147.0 0.0 0.0 173.0 0.0 0.0 0.0 0.0 0.0 0.0 0.0 0.0 0.0 0.0 0.0 151.0 0.0 0.0 0.0 0.0 0.0 0.0 0.0 262.0 
0.0 0.0 0.0 0.0 0.0 0.0 1.0 0.0 1.0 0.0 0.0 0.0 0.0 0.0 0.0 0.0 3.0 0.0 0.0 0.0 0.0 0.0 0.0 0.0 
0.0 0.0 0.0 338.0 226.0 0.0 0.0 0.0 0.0 0.0 296.0 0.0 0.0 0.0 166.0 0.0 0.0 0.0 0.0 179.0 0.0 0.0 198.0 0.0 
0.0 0.0 0.0 0.0 125.0 0.0 0.0 142.0 0.0 0.0 291.0 0.0 0.0 166.0 0.0 0.0 0.0 0.0 0.0 0.0 0.0 257.0 0.0 0.0 
218.0 0.0 155.0 205.0 0.0 0.0 0.0 0.0 0.0 0.0 273.0 151.0 0.0 0.0 0.0 0.0 0.0 0.0 0.0 0.0 291.0 0.0 0.0 0.0 
227.0 0.0 0.0 0.0 0.0 0.0 145.0 0.0 0.0 0.0 0.0 0.0 3.0 0.0 0.0 0.0 0.0 0.0 249.0 0.0 381.0 0.0 0.0 460.0 
0.0 0.0 0.0 0.0 0.0 0.0 0.0 0.0 0.0 171.0 0.0 0.0 0.0 0.0 0.0 0.0 0.0 0.0 170.0 0.0 0.0 424.0 0.0 0.0 
0.0 0.0 0.0 0.0 0.0 0.0 0.0 0.0 0.0 0.0 0.0 0.0 0.0 0.0 0.0 0.0 249.0 170.0 0.0 0.0 0.0 0.0 0.0 0.0 
0.0 0.0 0.0 0.0 100.0 0.0 0.0 0.0 0.0 0.0 0.0 0.0 0.0 179.0 0.0 0.0 0.0 0.0 0.0 0.0 0.0 0.0 239.0 0.0 
0.0 0.0 278.0 0.0 0.0 0.0 0.0 0.0 172.0 0.0 341.0 0.0 0.0 0.0 0.0 291.0 381.0 0.0 0.0 0.0 0.0 711.0 0.0 0.0 
0.0 326.0 0.0 0.0 0.0 0.0 0.0 258.0 0.0 0.0 0.0 0.0 0.0 0.0 257.0 0.0 0.0 424.0 0.0 0.0 711.0 0.0 433.0 0.0 
0.0 0.0 0.0 0.0 240.0 17.0 0.0 0.0 0.0 0.0 0.0 0.0 0.0 198.0 0.0 0.0 0.0 0.0 0.0 239.0 0.0 433.0 0.0 553.0 
0.0 0.0 0.0 286.0 0.0 0.0 0.0 0.0 0.0 273.0 0.0 262.0 0.0 0.0 0.0 0.0 460.0 0.0 0.0 0.0 0.0 0.0 553.0 0.0 
