q
2260.0 2.0 1516.0 888.0 1007.0 547.0 559.0 563.0 1958.0 1120.0 555.0 30.0 57.0 1144.0 633.0 709.0 893.0 1.0 694.0 988.0 2076.0 1361.0 1963.0 1790.0 
l
0.0 0.0 0.0 422.0 0.0 0.0 0.0 321.0 0.0 232.0 0.0 0.0 0.0 0.0 219.0 0.0 0.0 0.0 0.0 0.0 457.0 0.0 0.0 489.0 
0.0 0.0 0.0 0.0 0.0 0.0 0.0 0.0 0.0 0.0 0.0 0.0 1.0 0.0 0.0 0.0 0.0 0.0 0.0 0.0 1.0 0.0 0.0 0.0 
0.0 0.0 0.0 0.0 198.0 0.0 0.0 0.0 317.0 0.0 237.0 0.0 0.0 0.0 0.0 208.0 201.0 0.0 0.0 0.0 0.0 0.0 0.0 274.0 
422.0 0.0 0.0 0.0 0.0 0.0 0.0 0.0 0.0 0.0 0.0 0.0 0.0 246.0 0.0 0.0 0.0 0.0 0.0 177.0 0.0 0.0 0.0 0.0 
0.0 0.0 198.0 0.0 0.0 0.0 0.0 0.0 296.0 0.0 0.0 0.0 0.0 0.0 0.0 155.0 0.0 0.0 0.0 0.0 0.0 291.0 0.0 0.0 
0.0 0.0 0.0 0.0 0.0 0.0 0.0 0.0 0.0 173.0 0.0 0.0 0.0 0.0 0.0 0.0 103.0 0.0 0.0 0.0 0.0 0.0 0.0 247.0 
0.0 0.0 0.0 0.0 0.0 0.0 0.0 0.0 0.0 0.0 0.0 0.0 14.0 0.0 0.0 0.0 0.0 0.0 99.0 93.0 318.0 0.0 0.0 0.0 
321.0 0.0 0.0 0.0 0.0 0.0 0.0 0.0 0.0 137.0 0.0 0.0 0.0 0.0 72.0 0.0 0.0 0.0 0.0 0.0 0.0 0.0 0.0 0.0 
0.0 0.0 317.0 0.0 296.0 0.0 0.0 0.0 0.0 284.0 0.0 0.0 0.0 0.0 247.0 0.0 204.0 0.0 0.0 0.0 529.0 0.0 0.0 0.0 
232.0 0.0 0.0 0.0 0.0 173.0 0.0 137.0 284.0 0.0 0.0 0.0 0.0 0.0 70.0 0.0 172.0 0.0 0.0 0.0 0.0 0.0 0.0 0.0 
0.0 0.0 237.0 0.0 0.0 0.0 0.0 0.0 0.0 0.0 0.0 1.0 0.0 0.0 0.0 43.0 0.0 0.0 0.0 0.0 0.0 0.0 242.0 0.0 
0.0 0.0 0.0 0.0 0.0 0.0 0.0 0.0 0.0 0.0 1.0 0.0 0.0 0.0 0.0 3.0 0.0 0.0 0.0 0.0 0.0 0.0 26.0 0.0 
0.0 1.0 0.0 0.0 0.0 0.0 14.0 0.0 0.0 0.0 0.0 0.0 0.0 0.0 0.0 0.0 0.0 0.0 5.0 0.0 0.0 33.0 0.0 0.0 
0.0 0.0 0.0 246.0 0.0 0.0 0.0 0.0 0.0 0.0 0.0 0.0 0.0 0.0 0.0 0.0 0.0 0.0 164.0 213.0 0.0 0.0 470.0 0.0 
219.0 0.0 0.0 0.0 0.0 0.0 0.0 72.0 247.0 70.0 0.0 0.0 0.0 0.0 0.0 0.0 0.0 0.0 0.0 0.0 0.0 0.0 0.0 0.0 
0.0 0.0 208.0 0.0 155.0 0.0 0.0 0.0 0.0 0.0 43.0 3.0 0.0 0.0 0.0 0.0 0.0 0.0 0.0 0.0 0.0 0.0 261.0 0.0 
0.0 0.0 201.0 0.0 0.0 103.0 0.0 0.0 204.0 172.0 0.0 0.0 0.0 0.0 0.0 0.0 0.0 0.0 0.0 0.0 0.0 0.0 0.0 173.0 
0.0 0.0 0.0 0.0 0.0 0.0 0.0 0.0 0.0 0.0 0.0 0.0 0.0 0.0 0.0 0.0 0.0 0.0 0.0 0.0 0.0 0.0 0.0 1.0 
0.0 0.0 0.0 0.0 0.0 0.0 99.0 0.0 0.0 0.0 0.0 0.0 5.0 164.0 0.0 0.0 0.0 0.0 0.0 108.0 0.0 277.0 0.0 0.0 
0.0 0.0 0.0 177.0 0.0 0.0 93.0 0.0 0.0 0.0 0.0 0.0 0.0 213.0 0.0 0.0 0.0 0.0 108.0 0.0 344.0 0.0 0.0 0.0 
457.0 1.0 0.0 0.0 0.0 0.0 318.0 0.0 529.0 0.0 0.0 0.0 0.0 0.0 0.0 0.0 0.0 0.0 0.0 344.0 0.0 323.0 0.0 0.0 
0.0 0.0 0.0 0.0 291.0 0.0 0.0 0.0 0.0 0.0 0.0 0.0 33.0 0.0 0.0 0.0 0.0 0.0 277.0 0.0 323.0 0.0 352.0 0.0 
0.0 0.0 0.0 0.0 0.0 0.0 0.0 0.0 0.0 0.0 242.0 26.0 0.0 470.0 0.0 261.0 0.0 0.0 0.0 0.0 0.0 352.0 0.0 504.0 
489.0 0.0 274.0 0.0 0.0 247.0 0.0 0.0 0.0 0.0 0.0 0.0 0.0 0.0 0.0 0.0 173.0 1.0 0.0 0.0 0.0 0.0 504.0 0.0 
