q
116.0 1102.0 566.0 1699.0 319.0 541.0 1921.0 1964.0 658.0 734.0 983.0 27.0 11.0 525.0 595.0 912.0 547.0 712.0 514.0 1038.0 1584.0 2718.0 2017.0 1919.0 
l
0.0 0.0 0.0 0.0 13.0 0.0 0.0 0.0 0.0 0.0 0.0 0.0 0.0 0.0 0.0 0.0 0.0 0.0 0.0 39.0 63.0 0.0 0.0 0.0 
0.0 0.0 165.0 0.0 0.0 0.0 0.0 0.0 0.0 0.0 179.0 0.0 0.0 0.0 87.0 211.0 0.0 0.0 0.0 0.0 0.0 415.0 0.0 0.0 
0.0 165.0 0.0 0.0 0.0 0.0 0.0 0.0 0.0 0.0 0.0 0.0 0.0 0.0 0.0 122.0 0.0 0.0 0.0 0.0 256.0 0.0 0.0 0.0 
0.0 0.0 0.0 0.0 0.0 162.0 615.0 0.0 0.0 0.0 0.0 0.0 0.0 175.0 0.0 0.0 218.0 0.0 153.0 0.0 0.0 0.0 292.0 0.0 
13.0 0.0 0.0 0.0 0.0 0.0 0.0 0.0 0.0 78.0 0.0 0.0 0.0 0.0 0.0 0.0 0.0 0.0 0.0 61.0 150.0 0.0 0.0 0.0 
0.0 0.0 0.0 162.0 0.0 0.0 0.0 0.0 0.0 0.0 0.0 0.0 0.0 0.0 0.0 0.0 33.0 0.0 73.0 0.0 0.0 0.0 0.0 241.0 
0.0 0.0 0.0 615.0 0.0 0.0 0.0 352.0 0.0 220.0 0.0 11.0 0.0 0.0 0.0 0.0 0.0 303.0 0.0 307.0 0.0 0.0 0.0 0.0 
0.0 0.0 0.0 0.0 0.0 0.0 352.0 0.0 0.0 272.0 0.0 6.0 0.0 0.0 0.0 376.0 0.0 0.0 0.0 0.0 337.0 0.0 0.0 521.0 
0.0 0.0 0.0 0.0 0.0 0.0 0.0 0.0 0.0 0.0 0.0 0.0 0.0 0.0 0.0 0.0 0.0 84.0 0.0 200.0 0.0 334.0 0.0 0.0 
0.0 0.0 0.0 0.0 78.0 0.0 220.0 272.0 0.0 0.0 0.0 6.0 0.0 0.0 0.0 0.0 0.0 0.0 0.0 125.0 0.0 0.0 0.0 0.0 
0.0 179.0 0.0 0.0 0.0 0.0 0.0 0.0 0.0 0.0 0.0 0.0 0.0 0.0 165.0 151.0 0.0 0.0 0.0 0.0 0.0 0.0 0.0 433.0 
0.0 0.0 0.0 0.0 0.0 0.0 11.0 6.0 0.0 6.0 0.0 0.0 0.0 0.0 0.0 0.0 0.0 0.0 0.0 0.0 0.0 0.0 0.0 0.0 
0.0 0.0 0.0 0.0 0.0 0.0 0.0 0.0 0.0 0.0 0.0 0.0 0.0 1.0 0.0 0.0 0.0 0.0 1.0 0.0 0.0 0.0 9.0 0.0 
0.0 0.0 0.0 175.0 0.0 0.0 0.0 0.0 0.0 0.0 0.0 0.0 1.0 0.0 0.0 0.0 0.0 0.0 43.0 0.0 0.0 0.0 273.0 0.0 
0.0 87.0 0.0 0.0 0.0 0.0 0.0 0.0 0.0 0.0 165.0 0.0 0.0 0.0 0.0 0.0 0.0 0.0 0.0 0.0 0.0 317.0 0.0 0.0 
0.0 211.0 122.0 0.0 0.0 0.0 0.0 376.0 0.0 0.0 151.0 0.0 0.0 0.0 0.0 0.0 0.0 0.0 0.0 0.0 0.0 0.0 0.0 0.0 
0.0 0.0 0.0 218.0 0.0 33.0 0.0 0.0 0.0 0.0 0.0 0.0 0.0 0.0 0.0 0.0 0.0 0.0 0.0 0.0 0.0 0.0 0.0 270.0 
0.0 0.0 0.0 0.0 0.0 0.0 303.0 0.0 84.0 0.0 0.0 0.0 0.0 0.0 0.0 0.0 0.0 0.0 0.0 0.0 0.0 290.0 0.0 0.0 
0.0 0.0 0.0 153.0 0.0 73.0 0.0 0.0 0.0 0.0 0.0 0.0 1.0 43.0 0.0 0.0 0.0 0.0 0.0 0.0 0.0 0.0 213.0 0.0 
39.0 0.0 0.0 0.0 61.0 0.0 307.0 0.0 200.0 125.0 0.0 0.0 0.0 0.0 0.0 0.0 0.0 0.0 0.0 0.0 244.0 0.0 0.0 0.0 
63.0 0.0 256.0 0.0 150.0 0.0 0.0 337.0 0.0 0.0 0.0 0.0 0.0 0.0 0.0 0.0 0.0 0.0 0.0 244.0 0.0 451.0 0.0 0.0 
0.0 415.0 0.0 0.0 0.0 0.0 0.0 0.0 334.0 0.0 0.0 0.0 0.0 0.0 317.0 0.0 0.0 290.0 0.0 0.0 451.0 0.0 764.0 0.0 
0.0 0.0 0.0 292.0 0.0 0.0 0.0 0.0 0.0 0.0 0.0 0.0 9.0 273.0 0.0 0.0 0.0 0.0 213.0 0.0 0.0 764.0 0.0 350.0 
0.0 0.0 0.0 0.0 0.0 241.0 0.0 521.0 0.0 0.0 433.0 0.0 0.0 0.0 0.0 0.0 270.0 0.0 0.0 0.0 0.0 0.0 350.0 0.0 
