q
833.0 584.0 921.0 740.0 834.0 1269.0 418.0 154.0 11.0 1.0 569.0 1290.0 590.0 1421.0 2023.0 909.0 1.0 509.0 1322.0 565.0 2719.0 1450.0 2239.0 1830.0 
l
0.0 0.0 0.0 0.0 88.0 0.0 0.0 0.0 0.0 0.0 163.0 0.0 0.0 148.0 0.0 0.0 0.0 0.0 0.0 0.0 386.0 0.0 0.0 0.0 
0.0 0.0 0.0 128.0 0.0 140.0 0.0 0.0 2.0 0.0 0.0 0.0 0.0 0.0 266.0 0.0 0.0 24.0 0.0 0.0 0.0 0.0 0.0 0.0 
0.0 0.0 0.0 0.0 0.0 0.0 0.0 0.0 0.0 0.0 0.0 189.0 0.0 0.0 0.0 128.0 0.0 0.0 226.0 111.0 0.0 222.0 0.0 0.0 
0.0 128.0 0.0 0.0 98.0 136.0 0.0 0.0 0.0 0.0 0.0 0.0 0.0 0.0 0.0 0.0 0.0 0.0 0.0 0.0 334.0 0.0 0.0 0.0 
88.0 0.0 0.0 98.0 0.0 146.0 0.0 0.0 0.0 0.0 0.0 0.0 0.0 197.0 0.0 0.0 0.0 0.0 0.0 0.0 261.0 0.0 0.0 0.0 
0.0 140.0 0.0 136.0 146.0 0.0 0.0 0.0 0.0 0.0 0.0 0.0 0.0 364.0 256.0 0.0 0.0 154.0 0.0 0.0 0.0 0.0 0.0 0.0 
0.0 0.0 0.0 0.0 0.0 0.0 0.0 0.0 0.0 0.0 0.0 137.0 0.0 0.0 0.0 43.0 0.0 0.0 0.0 0.0 0.0 0.0 208.0 0.0 
0.0 0.0 0.0 0.0 0.0 0.0 0.0 0.0 0.0 0.0 0.0 0.0 12.0 0.0 0.0 0.0 0.0 0.0 54.0 0.0 0.0 0.0 0.0 78.0 
0.0 2.0 0.0 0.0 0.0 0.0 0.0 0.0 0.0 0.0 0.0 0.0 0.0 0.0 7.0 0.0 0.0 1.0 0.0 0.0 0.0 0.0 0.0 0.0 
0.0 0.0 0.0 0.0 0.0 0.0 0.0 0.0 0.0 0.0 0.0 0.0 0.0 0.0 0.0 0.0 0.0 0.0 0.0 0.0 0.0 0.0 0.0 1.0 
163.0 0.0 0.0 0.0 0.0 0.0 0.0 0.0 0.0 0.0 0.0 0.0 0.0 114.0 0.0 0.0 0.0 0.0 0.0 0.0 0.0 0.0 266.0 0.0 
0.0 0.0 189.0 0.0 0.0 0.0 137.0 0.0 0.0 0.0 0.0 0.0 124.0 0.0 0.0 184.0 0.0 0.0 229.0 0.0 0.0 0.0 0.0 348.0 
0.0 0.0 0.0 0.0 0.0 0.0 0.0 12.0 0.0 0.0 0.0 124.0 0.0 0.0 0.0 0.0 0.0 0.0 173.0 0.0 0.0 0.0 0.0 254.0 
148.0 0.0 0.0 0.0 197.0 364.0 0.0 0.0 0.0 0.0 114.0 0.0 0.0 0.0 0.0 0.0 0.0 0.0 0.0 0.0 0.0 0.0 523.0 0.0 
0.0 266.0 0.0 0.0 0.0 256.0 0.0 0.0 7.0 0.0 0.0 0.0 0.0 0.0 0.0 0.0 0.0 303.0 0.0 0.0 472.0 0.0 0.0 621.0 
0.0 0.0 128.0 0.0 0.0 0.0 43.0 0.0 0.0 0.0 0.0 184.0 0.0 0.0 0.0 0.0 0.0 0.0 0.0 143.0 0.0 0.0 361.0 0.0 
0.0 0.0 0.0 0.0 0.0 0.0 0.0 0.0 0.0 0.0 0.0 0.0 0.0 0.0 0.0 0.0 0.0 0.0 0.0 0.0 0.0 1.0 0.0 0.0 
0.0 24.0 0.0 0.0 0.0 154.0 0.0 0.0 1.0 0.0 0.0 0.0 0.0 0.0 303.0 0.0 0.0 0.0 0.0 0.0 0.0 0.0 0.0 0.0 
0.0 0.0 226.0 0.0 0.0 0.0 0.0 54.0 0.0 0.0 0.0 229.0 173.0 0.0 0.0 0.0 0.0 0.0 0.0 0.0 579.0 0.0 0.0 0.0 
0.0 0.0 111.0 0.0 0.0 0.0 0.0 0.0 0.0 0.0 0.0 0.0 0.0 0.0 0.0 143.0 0.0 0.0 0.0 0.0 0.0 284.0 0.0 0.0 
386.0 0.0 0.0 334.0 261.0 0.0 0.0 0.0 0.0 0.0 0.0 0.0 0.0 0.0 472.0 0.0 0.0 0.0 579.0 0.0 0.0 540.0 0.0 0.0 
0.0 0.0 222.0 0.0 0.0 0.0 0.0 0.0 0.0 0.0 0.0 0.0 0.0 0.0 0.0 0.0 1.0 0.0 0.0 284.0 540.0 0.0 329.0 0.0 
0.0 0.0 0.0 0.0 0.0 0.0 208.0 0.0 0.0 0.0 266.0 0.0 0.0 523.0 0.0 361.0 0.0 0.0 0.0 0.0 0.0 329.0 0.0 436.0 
0.0 0.0 0.0 0.0 0.0 0.0 0.0 78.0 0.0 1.0 0.0 348.0 254.0 0.0 621.0 0.0 0.0 0.0 0.0 0.0 0.0 0.0 436.0 0.0 
