q
816.0 70.0 1291.0 145.0 1394.0 2517.0 9.0 903.0 500.0 704.0 879.0 15.0 515.0 519.0 1104.0 1493.0 485.0 995.0 721.0 577.0 2266.0 1923.0 1263.0 1966.0 
l
0.0 0.0 0.0 0.0 216.0 0.0 0.0 0.0 85.0 0.0 165.0 0.0 0.0 0.0 0.0 0.0 0.0 76.0 0.0 0.0 0.0 0.0 0.0 233.0 
0.0 0.0 0.0 0.0 0.0 0.0 0.0 0.0 0.0 0.0 0.0 0.0 0.0 0.0 23.0 0.0 11.0 0.0 0.0 0.0 0.0 34.0 0.0 0.0 
0.0 0.0 0.0 54.0 0.0 0.0 0.0 0.0 0.0 196.0 0.0 0.0 0.0 192.0 185.0 259.0 0.0 0.0 0.0 0.0 0.0 0.0 337.0 0.0 
0.0 0.0 54.0 0.0 0.0 0.0 0.0 0.0 0.0 0.0 0.0 0.0 0.0 19.0 0.0 0.0 0.0 0.0 0.0 0.0 0.0 0.0 67.0 0.0 
216.0 0.0 0.0 0.0 0.0 0.0 0.0 200.0 0.0 0.0 164.0 0.0 0.0 0.0 0.0 0.0 0.0 201.0 0.0 142.0 420.0 0.0 0.0 0.0 
0.0 0.0 0.0 0.0 0.0 0.0 0.0 0.0 0.0 305.0 380.0 0.0 273.0 0.0 0.0 398.0 0.0 0.0 0.0 0.0 463.0 0.0 0.0 602.0 
0.0 0.0 0.0 0.0 0.0 0.0 0.0 0.0 0.0 6.0 0.0 0.0 0.0 0.0 0.0 0.0 0.0 0.0 0.0 0.0 0.0 0.0 3.0 0.0 
0.0 0.0 0.0 0.0 200.0 0.0 0.0 0.0 0.0 0.0 0.0 0.0 0.0 0.0 0.0 0.0 0.0 241.0 0.0 0.0 0.0 411.0 0.0 0.0 
85.0 0.0 0.0 0.0 0.0 0.0 0.0 0.0 0.0 0.0 0.0 1.0 0.0 0.0 0.0 0.0 0.0 122.0 0.0 0.0 0.0 0.0 0.0 265.0 
0.0 0.0 196.0 0.0 0.0 305.0 6.0 0.0 0.0 0.0 0.0 0.0 55.0 0.0 0.0 103.0 0.0 0.0 0.0 0.0 0.0 0.0 0.0 0.0 
165.0 0.0 0.0 0.0 164.0 380.0 0.0 0.0 0.0 0.0 0.0 0.0 0.0 0.0 0.0 0.0 0.0 0.0 0.0 128.0 0.0 0.0 0.0 0.0 
0.0 0.0 0.0 0.0 0.0 0.0 0.0 0.0 1.0 0.0 0.0 0.0 0.0 0.0 0.0 0.0 0.0 3.0 0.0 0.0 0.0 0.0 0.0 9.0 
0.0 0.0 0.0 0.0 0.0 273.0 0.0 0.0 0.0 55.0 0.0 0.0 0.0 0.0 0.0 166.0 0.0 0.0 0.0 0.0 0.0 0.0 0.0 0.0 
0.0 0.0 192.0 19.0 0.0 0.0 0.0 0.0 0.0 0.0 0.0 0.0 0.0 0.0 0.0 0.0 0.0 0.0 0.0 0.0 0.0 280.0 0.0 0.0 
0.0 23.0 185.0 0.0 0.0 0.0 0.0 0.0 0.0 0.0 0.0 0.0 0.0 0.0 0.0 267.0 139.0 0.0 117.0 0.0 0.0 318.0 0.0 0.0 
0.0 0.0 259.0 0.0 0.0 398.0 0.0 0.0 0.0 103.0 0.0 0.0 166.0 0.0 267.0 0.0 0.0 0.0 235.0 0.0 0.0 0.0 0.0 0.0 
0.0 11.0 0.0 0.0 0.0 0.0 0.0 0.0 0.0 0.0 0.0 0.0 0.0 0.0 139.0 0.0 0.0 0.0 43.0 0.0 261.0 0.0 0.0 0.0 
76.0 0.0 0.0 0.0 201.0 0.0 0.0 241.0 122.0 0.0 0.0 3.0 0.0 0.0 0.0 0.0 0.0 0.0 0.0 0.0 0.0 0.0 0.0 303.0 
0.0 0.0 0.0 0.0 0.0 0.0 0.0 0.0 0.0 0.0 0.0 0.0 0.0 0.0 117.0 235.0 43.0 0.0 0.0 0.0 287.0 0.0 0.0 0.0 
0.0 0.0 0.0 0.0 142.0 0.0 0.0 0.0 0.0 0.0 128.0 0.0 0.0 0.0 0.0 0.0 0.0 0.0 0.0 0.0 277.0 0.0 0.0 0.0 
0.0 0.0 0.0 0.0 420.0 463.0 0.0 0.0 0.0 0.0 0.0 0.0 0.0 0.0 0.0 0.0 261.0 0.0 287.0 277.0 0.0 457.0 0.0 0.0 
0.0 34.0 0.0 0.0 0.0 0.0 0.0 411.0 0.0 0.0 0.0 0.0 0.0 280.0 318.0 0.0 0.0 0.0 0.0 0.0 457.0 0.0 335.0 0.0 
0.0 0.0 337.0 67.0 0.0 0.0 3.0 0.0 0.0 0.0 0.0 0.0 0.0 0.0 0.0 0.0 0.0 0.0 0.0 0.0 0.0 335.0 0.0 459.0 
233.0 0.0 0.0 0.0 0.0 602.0 0.0 0.0 265.0 0.0 0.0 9.0 0.0 0.0 0.0 0.0 0.0 303.0 0.0 0.0 0.0 0.0 459.0 0.0 
