q
1454.0 432.0 1779.0 563.0 795.0 853.0 593.0 4.0 298.0 1.0 21.0 972.0 867.0 911.0 521.0 741.0 2544.0 725.0 859.0 386.0 2399.0 1122.0 1881.0 2203.0 
l
0.0 0.0 0.0 0.0 0.0 0.0 0.0 0.0 75.0 0.0 0.0 0.0 147.0 0.0 0.0 228.0 382.0 236.0 316.0 0.0 0.0 0.0 0.0 0.0 
0.0 0.0 0.0 0.0 0.0 0.0 0.0 0.0 0.0 0.0 0.0 0.0 147.0 0.0 0.0 0.0 0.0 48.0 0.0 0.0 0.0 0.0 221.0 0.0 
0.0 0.0 0.0 0.0 208.0 166.0 185.0 0.0 0.0 0.0 0.0 300.0 0.0 305.0 0.0 0.0 0.0 0.0 0.0 0.0 532.0 0.0 0.0 0.0 
0.0 0.0 0.0 0.0 0.0 0.0 0.0 0.0 0.0 0.0 5.0 0.0 0.0 0.0 0.0 58.0 0.0 0.0 124.0 0.0 351.0 0.0 0.0 0.0 
0.0 0.0 208.0 0.0 0.0 147.0 0.0 0.0 0.0 0.0 0.0 71.0 0.0 0.0 99.0 0.0 0.0 0.0 0.0 0.0 0.0 0.0 0.0 233.0 
0.0 0.0 166.0 0.0 147.0 0.0 129.0 0.0 0.0 0.0 0.0 0.0 0.0 0.0 0.0 0.0 367.0 0.0 0.0 0.0 0.0 0.0 0.0 0.0 
0.0 0.0 185.0 0.0 0.0 129.0 0.0 0.0 0.0 0.0 0.0 0.0 0.0 0.0 0.0 0.0 0.0 0.0 0.0 0.0 253.0 0.0 0.0 0.0 
0.0 0.0 0.0 0.0 0.0 0.0 0.0 0.0 0.0 0.0 0.0 0.0 0.0 0.0 0.0 0.0 0.0 0.0 3.0 0.0 0.0 1.0 0.0 0.0 
75.0 0.0 0.0 0.0 0.0 0.0 0.0 0.0 0.0 0.0 0.0 0.0 38.0 0.0 0.0 0.0 167.0 0.0 0.0 0.0 0.0 0.0 0.0 0.0 
0.0 0.0 0.0 0.0 0.0 0.0 0.0 0.0 0.0 0.0 0.0 0.0 0.0 0.0 0.0 0.0 0.0 0.0 0.0 0.0 0.0 1.0 0.0 0.0 
0.0 0.0 0.0 5.0 0.0 0.0 0.0 0.0 0.0 0.0 0.0 0.0 0.0 0.0 0.0 0.0 0.0 0.0 6.0 0.0 0.0 10.0 0.0 0.0 
0.0 0.0 300.0 0.0 71.0 0.0 0.0 0.0 0.0 0.0 0.0 0.0 0.0 123.0 111.0 0.0 0.0 0.0 0.0 73.0 0.0 0.0 0.0 253.0 
147.0 147.0 0.0 0.0 0.0 0.0 0.0 0.0 38.0 0.0 0.0 0.0 0.0 0.0 0.0 0.0 390.0 107.0 0.0 0.0 0.0 0.0 0.0 0.0 
0.0 0.0 305.0 0.0 0.0 0.0 0.0 0.0 0.0 0.0 0.0 123.0 0.0 0.0 0.0 0.0 0.0 0.0 0.0 94.0 0.0 0.0 340.0 0.0 
0.0 0.0 0.0 0.0 99.0 0.0 0.0 0.0 0.0 0.0 0.0 111.0 0.0 0.0 0.0 0.0 0.0 0.0 0.0 0.0 0.0 0.0 0.0 290.0 
228.0 0.0 0.0 58.0 0.0 0.0 0.0 0.0 0.0 0.0 0.0 0.0 0.0 0.0 0.0 0.0 0.0 0.0 98.0 0.0 320.0 0.0 0.0 0.0 
382.0 0.0 0.0 0.0 0.0 367.0 0.0 0.0 167.0 0.0 0.0 0.0 390.0 0.0 0.0 0.0 0.0 0.0 0.0 0.0 486.0 0.0 0.0 643.0 
236.0 48.0 0.0 0.0 0.0 0.0 0.0 0.0 0.0 0.0 0.0 0.0 107.0 0.0 0.0 0.0 0.0 0.0 0.0 0.0 0.0 0.0 297.0 0.0 
316.0 0.0 0.0 124.0 0.0 0.0 0.0 3.0 0.0 0.0 6.0 0.0 0.0 0.0 0.0 98.0 0.0 0.0 0.0 0.0 0.0 273.0 0.0 0.0 
0.0 0.0 0.0 0.0 0.0 0.0 0.0 0.0 0.0 0.0 0.0 73.0 0.0 94.0 0.0 0.0 0.0 0.0 0.0 0.0 0.0 0.0 0.0 191.0 
0.0 0.0 532.0 351.0 0.0 0.0 253.0 0.0 0.0 0.0 0.0 0.0 0.0 0.0 0.0 320.0 486.0 0.0 0.0 0.0 0.0 350.0 0.0 0.0 
0.0 0.0 0.0 0.0 0.0 0.0 0.0 1.0 0.0 1.0 10.0 0.0 0.0 0.0 0.0 0.0 0.0 0.0 273.0 0.0 350.0 0.0 429.0 0.0 
0.0 221.0 0.0 0.0 0.0 0.0 0.0 0.0 0.0 0.0 0.0 0.0 0.0 340.0 0.0 0.0 0.0 297.0 0.0 0.0 0.0 429.0 0.0 492.0 
0.0 0.0 0.0 0.0 233.0 0.0 0.0 0.0 0.0 0.0 0.0 253.0 0.0 0.0 290.0 0.0 643.0 0.0 0.0 191.0 0.0 0.0 492.0 0.0 
