q
684.0 692.0 1943.0 286.0 556.0 245.0 642.0 673.0 815.0 810.0 948.0 80.0 604.0 1616.0 651.0 73.0 1283.0 1468.0 183.0 567.0 2927.0 1516.0 2200.0 2088.0 
l
0.0 0.0 193.0 53.0 0.0 0.0 51.0 130.0 0.0 0.0 0.0 0.0 0.0 222.0 0.0 0.0 0.0 0.0 0.0 0.0 0.0 0.0 0.0 0.0 
0.0 0.0 0.0 0.0 0.0 0.0 0.0 0.0 0.0 0.0 0.0 0.0 0.0 0.0 0.0 20.0 223.0 143.0 0.0 55.0 0.0 218.0 0.0 0.0 
193.0 0.0 0.0 178.0 0.0 167.0 208.0 0.0 0.0 0.0 0.0 0.0 0.0 0.0 0.0 0.0 0.0 0.0 0.0 0.0 540.0 0.0 0.0 548.0 
53.0 0.0 178.0 0.0 0.0 5.0 27.0 0.0 0.0 0.0 0.0 0.0 0.0 0.0 0.0 0.0 0.0 0.0 0.0 0.0 0.0 0.0 0.0 0.0 
0.0 0.0 0.0 0.0 0.0 0.0 0.0 0.0 0.0 0.0 0.0 0.0 0.0 0.0 0.0 0.0 0.0 252.0 27.0 0.0 0.0 0.0 251.0 0.0 
0.0 0.0 167.0 5.0 0.0 0.0 58.0 0.0 0.0 0.0 0.0 0.0 0.0 0.0 0.0 0.0 0.0 0.0 0.0 0.0 0.0 0.0 0.0 0.0 
51.0 0.0 208.0 27.0 0.0 58.0 0.0 0.0 0.0 0.0 0.0 0.0 0.0 267.0 0.0 0.0 0.0 0.0 0.0 0.0 0.0 0.0 0.0 0.0 
130.0 0.0 0.0 0.0 0.0 0.0 0.0 0.0 0.0 94.0 0.0 0.0 0.0 161.0 0.0 0.0 0.0 0.0 0.0 0.0 0.0 0.0 0.0 268.0 
0.0 0.0 0.0 0.0 0.0 0.0 0.0 0.0 0.0 0.0 148.0 0.0 52.0 0.0 173.0 0.0 0.0 0.0 0.0 0.0 0.0 0.0 394.0 0.0 
0.0 0.0 0.0 0.0 0.0 0.0 0.0 94.0 0.0 0.0 0.0 0.0 0.0 176.0 0.0 0.0 116.0 194.0 0.0 0.0 0.0 0.0 0.0 194.0 
0.0 0.0 0.0 0.0 0.0 0.0 0.0 0.0 148.0 0.0 0.0 0.0 200.0 0.0 59.0 0.0 0.0 0.0 0.0 0.0 493.0 0.0 0.0 0.0 
0.0 0.0 0.0 0.0 0.0 0.0 0.0 0.0 0.0 0.0 0.0 0.0 0.0 0.0 0.0 5.0 0.0 0.0 0.0 13.0 0.0 54.0 0.0 0.0 
0.0 0.0 0.0 0.0 0.0 0.0 0.0 0.0 52.0 0.0 200.0 0.0 0.0 0.0 0.0 0.0 0.0 0.0 0.0 0.0 0.0 0.0 316.0 0.0 
222.0 0.0 0.0 0.0 0.0 0.0 267.0 161.0 0.0 176.0 0.0 0.0 0.0 0.0 0.0 0.0 264.0 0.0 0.0 0.0 452.0 0.0 0.0 0.0 
0.0 0.0 0.0 0.0 0.0 0.0 0.0 0.0 173.0 0.0 59.0 0.0 0.0 0.0 0.0 0.0 0.0 0.0 0.0 0.0 388.0 0.0 0.0 0.0 
0.0 20.0 0.0 0.0 0.0 0.0 0.0 0.0 0.0 0.0 0.0 5.0 0.0 0.0 0.0 0.0 0.0 0.0 0.0 6.0 0.0 35.0 0.0 0.0 
0.0 223.0 0.0 0.0 0.0 0.0 0.0 0.0 0.0 116.0 0.0 0.0 0.0 264.0 0.0 0.0 0.0 251.0 0.0 0.0 380.0 0.0 0.0 0.0 
0.0 143.0 0.0 0.0 252.0 0.0 0.0 0.0 0.0 194.0 0.0 0.0 0.0 0.0 0.0 0.0 251.0 0.0 0.0 214.0 0.0 0.0 0.0 343.0 
0.0 0.0 0.0 0.0 27.0 0.0 0.0 0.0 0.0 0.0 0.0 0.0 0.0 0.0 0.0 0.0 0.0 0.0 0.0 57.0 0.0 0.0 90.0 0.0 
0.0 55.0 0.0 0.0 0.0 0.0 0.0 0.0 0.0 0.0 0.0 13.0 0.0 0.0 0.0 6.0 0.0 214.0 57.0 0.0 0.0 200.0 0.0 0.0 
0.0 0.0 540.0 0.0 0.0 0.0 0.0 0.0 0.0 0.0 493.0 0.0 0.0 452.0 388.0 0.0 380.0 0.0 0.0 0.0 0.0 543.0 0.0 0.0 
0.0 218.0 0.0 0.0 0.0 0.0 0.0 0.0 0.0 0.0 0.0 54.0 0.0 0.0 0.0 35.0 0.0 0.0 0.0 200.0 543.0 0.0 394.0 0.0 
0.0 0.0 0.0 0.0 251.0 0.0 0.0 0.0 394.0 0.0 0.0 0.0 316.0 0.0 0.0 0.0 0.0 0.0 90.0 0.0 0.0 394.0 0.0 642.0 
0.0 0.0 548.0 0.0 0.0 0.0 0.0 268.0 0.0 194.0 0.0 0.0 0.0 0.0 0.0 0.0 0.0 343.0 0.0 0.0 0.0 0.0 642.0 0.0 
