q
625.0 626.0 537.0 833.0 141.0 582.0 692.0 1092.0 5.0 142.0 441.0 2197.0 1.0 1826.0 1877.0 2290.0 1343.0 340.0 575.0 636.0 2264.0 1771.0 1455.0 1501.0 
l
0.0 0.0 0.0 0.0 0.0 0.0 0.0 0.0 0.0 0.0 0.0 206.0 0.0 197.0 0.0 0.0 0.0 0.0 0.0 61.0 0.0 0.0 0.0 141.0 
0.0 0.0 0.0 118.0 0.0 0.0 0.0 0.0 0.0 0.0 0.0 0.0 0.0 0.0 0.0 192.0 0.0 0.0 0.0 0.0 283.0 0.0 0.0 0.0 
0.0 0.0 0.0 0.0 0.0 0.0 64.0 154.0 0.0 11.0 0.0 0.0 0.0 0.0 273.0 0.0 0.0 0.0 0.0 0.0 0.0 0.0 0.0 0.0 
0.0 118.0 0.0 0.0 29.0 0.0 0.0 0.0 0.0 0.0 0.0 0.0 0.0 0.0 0.0 322.0 0.0 102.0 51.0 0.0 0.0 170.0 0.0 0.0 
0.0 0.0 0.0 29.0 0.0 0.0 0.0 0.0 0.0 0.0 0.0 0.0 0.0 0.0 0.0 0.0 0.0 1.0 21.0 0.0 0.0 85.0 0.0 0.0 
0.0 0.0 0.0 0.0 0.0 0.0 0.0 0.0 0.0 0.0 0.0 281.0 0.0 0.0 0.0 0.0 0.0 0.0 0.0 84.0 0.0 0.0 184.0 0.0 
0.0 0.0 64.0 0.0 0.0 0.0 0.0 79.0 0.0 34.0 0.0 0.0 0.0 298.0 182.0 0.0 0.0 0.0 0.0 0.0 0.0 0.0 0.0 0.0 
0.0 0.0 154.0 0.0 0.0 0.0 79.0 0.0 0.0 0.0 123.0 0.0 0.0 263.0 161.0 0.0 261.0 0.0 0.0 0.0 0.0 0.0 0.0 0.0 
0.0 0.0 0.0 0.0 0.0 0.0 0.0 0.0 0.0 0.0 0.0 0.0 0.0 0.0 0.0 0.0 0.0 0.0 0.0 2.0 0.0 0.0 3.0 0.0 
0.0 0.0 11.0 0.0 0.0 0.0 34.0 0.0 0.0 0.0 0.0 0.0 0.0 0.0 88.0 0.0 0.0 0.0 0.0 0.0 0.0 0.0 0.0 0.0 
0.0 0.0 0.0 0.0 0.0 0.0 0.0 123.0 0.0 0.0 0.0 0.0 0.0 0.0 0.0 0.0 97.0 0.0 0.0 0.0 195.0 0.0 0.0 0.0 
206.0 0.0 0.0 0.0 0.0 281.0 0.0 0.0 0.0 0.0 0.0 0.0 0.0 435.0 0.0 653.0 0.0 0.0 0.0 248.0 0.0 0.0 270.0 0.0 
0.0 0.0 0.0 0.0 0.0 0.0 0.0 0.0 0.0 0.0 0.0 0.0 0.0 0.0 0.0 0.0 0.0 0.0 0.0 0.0 0.0 0.0 1.0 0.0 
197.0 0.0 0.0 0.0 0.0 0.0 298.0 263.0 0.0 0.0 0.0 435.0 0.0 0.0 0.0 0.0 309.0 0.0 0.0 0.0 0.0 0.0 0.0 237.0 
0.0 0.0 273.0 0.0 0.0 0.0 182.0 161.0 0.0 88.0 0.0 0.0 0.0 0.0 0.0 0.0 0.0 0.0 0.0 0.0 623.0 0.0 0.0 442.0 
0.0 192.0 0.0 322.0 0.0 0.0 0.0 0.0 0.0 0.0 0.0 653.0 0.0 0.0 0.0 0.0 389.0 0.0 306.0 0.0 309.0 0.0 0.0 0.0 
0.0 0.0 0.0 0.0 0.0 0.0 0.0 261.0 0.0 0.0 97.0 0.0 0.0 309.0 0.0 389.0 0.0 0.0 0.0 0.0 219.0 0.0 0.0 0.0 
0.0 0.0 0.0 102.0 1.0 0.0 0.0 0.0 0.0 0.0 0.0 0.0 0.0 0.0 0.0 0.0 0.0 0.0 0.0 0.0 0.0 225.0 0.0 0.0 
0.0 0.0 0.0 51.0 21.0 0.0 0.0 0.0 0.0 0.0 0.0 0.0 0.0 0.0 0.0 306.0 0.0 0.0 0.0 0.0 0.0 171.0 0.0 0.0 
61.0 0.0 0.0 0.0 0.0 84.0 0.0 0.0 2.0 0.0 0.0 248.0 0.0 0.0 0.0 0.0 0.0 0.0 0.0 0.0 0.0 0.0 0.0 205.0 
0.0 283.0 0.0 0.0 0.0 0.0 0.0 0.0 0.0 0.0 195.0 0.0 0.0 0.0 623.0 309.0 219.0 0.0 0.0 0.0 0.0 511.0 0.0 0.0 
0.0 0.0 0.0 170.0 85.0 0.0 0.0 0.0 0.0 0.0 0.0 0.0 0.0 0.0 0.0 0.0 0.0 225.0 171.0 0.0 511.0 0.0 522.0 0.0 
0.0 0.0 0.0 0.0 0.0 184.0 0.0 0.0 3.0 0.0 0.0 270.0 1.0 0.0 0.0 0.0 0.0 0.0 0.0 0.0 0.0 522.0 0.0 397.0 
141.0 0.0 0.0 0.0 0.0 0.0 0.0 0.0 0.0 0.0 0.0 0.0 0.0 237.0 442.0 0.0 0.0 0.0 0.0 205.0 0.0 0.0 397.0 0.0 
