q
514.0 611.0 1133.0 527.0 2181.0 597.0 584.0 1114.0 1173.0 2.0 4.0 1243.0 1522.0 250.0 559.0 831.0 704.0 23.0 563.0 2480.0 1788.0 2313.0 1345.0 2319.0 
l
0.0 0.0 0.0 0.0 0.0 32.0 0.0 0.0 0.0 0.0 0.0 0.0 0.0 0.0 0.0 128.0 0.0 0.0 0.0 0.0 0.0 329.0 0.0 0.0 
0.0 0.0 0.0 0.0 0.0 0.0 0.0 0.0 110.0 0.0 0.0 0.0 0.0 0.0 45.0 0.0 127.0 6.0 0.0 284.0 0.0 0.0 0.0 0.0 
0.0 0.0 0.0 179.0 468.0 0.0 176.0 0.0 0.0 0.0 2.0 0.0 0.0 0.0 0.0 0.0 0.0 0.0 0.0 0.0 0.0 0.0 0.0 250.0 
0.0 0.0 179.0 0.0 0.0 0.0 0.0 0.0 0.0 1.0 0.0 0.0 0.0 0.0 0.0 0.0 0.0 0.0 0.0 0.0 0.0 0.0 0.0 320.0 
0.0 0.0 468.0 0.0 0.0 0.0 0.0 346.0 306.0 0.0 0.0 279.0 351.0 0.0 0.0 0.0 0.0 0.0 0.0 326.0 0.0 0.0 0.0 0.0 
32.0 0.0 0.0 0.0 0.0 0.0 0.0 0.0 0.0 0.0 0.0 0.0 0.0 0.0 0.0 170.0 0.0 0.0 0.0 0.0 0.0 361.0 0.0 0.0 
0.0 0.0 176.0 0.0 0.0 0.0 0.0 187.0 0.0 0.0 0.0 0.0 0.0 0.0 0.0 0.0 0.0 0.0 0.0 0.0 0.0 0.0 189.0 0.0 
0.0 0.0 0.0 0.0 346.0 0.0 187.0 0.0 0.0 0.0 0.0 0.0 218.0 63.0 0.0 0.0 0.0 0.0 0.0 0.0 0.0 0.0 247.0 0.0 
0.0 110.0 0.0 0.0 306.0 0.0 0.0 0.0 0.0 0.0 0.0 218.0 0.0 0.0 151.0 0.0 136.0 0.0 0.0 209.0 0.0 0.0 0.0 0.0 
0.0 0.0 0.0 1.0 0.0 0.0 0.0 0.0 0.0 0.0 0.0 0.0 0.0 0.0 0.0 0.0 0.0 0.0 0.0 0.0 0.0 0.0 0.0 1.0 
0.0 0.0 2.0 0.0 0.0 0.0 0.0 0.0 0.0 0.0 0.0 0.0 0.0 0.0 0.0 0.0 0.0 0.0 0.0 0.0 0.0 0.0 2.0 0.0 
0.0 0.0 0.0 0.0 279.0 0.0 0.0 0.0 218.0 0.0 0.0 0.0 222.0 0.0 0.0 0.0 154.0 0.0 133.0 0.0 184.0 0.0 0.0 0.0 
0.0 0.0 0.0 0.0 351.0 0.0 0.0 218.0 0.0 0.0 0.0 222.0 0.0 70.0 0.0 0.0 0.0 0.0 184.0 0.0 0.0 408.0 0.0 0.0 
0.0 0.0 0.0 0.0 0.0 0.0 0.0 63.0 0.0 0.0 0.0 0.0 70.0 0.0 0.0 0.0 0.0 0.0 0.0 0.0 0.0 107.0 0.0 0.0 
0.0 45.0 0.0 0.0 0.0 0.0 0.0 0.0 151.0 0.0 0.0 0.0 0.0 0.0 0.0 0.0 0.0 0.0 0.0 323.0 0.0 0.0 0.0 0.0 
128.0 0.0 0.0 0.0 0.0 170.0 0.0 0.0 0.0 0.0 0.0 0.0 0.0 0.0 0.0 0.0 0.0 0.0 0.0 0.0 0.0 0.0 0.0 472.0 
0.0 127.0 0.0 0.0 0.0 0.0 0.0 0.0 136.0 0.0 0.0 154.0 0.0 0.0 0.0 0.0 0.0 1.0 0.0 0.0 244.0 0.0 0.0 0.0 
0.0 6.0 0.0 0.0 0.0 0.0 0.0 0.0 0.0 0.0 0.0 0.0 0.0 0.0 0.0 0.0 1.0 0.0 0.0 0.0 16.0 0.0 0.0 0.0 
0.0 0.0 0.0 0.0 0.0 0.0 0.0 0.0 0.0 0.0 0.0 133.0 184.0 0.0 0.0 0.0 0.0 0.0 0.0 0.0 212.0 0.0 0.0 0.0 
0.0 284.0 0.0 0.0 326.0 0.0 0.0 0.0 209.0 0.0 0.0 0.0 0.0 0.0 323.0 0.0 0.0 0.0 0.0 0.0 477.0 0.0 0.0 732.0 
0.0 0.0 0.0 0.0 0.0 0.0 0.0 0.0 0.0 0.0 0.0 184.0 0.0 0.0 0.0 0.0 244.0 16.0 212.0 477.0 0.0 565.0 0.0 0.0 
329.0 0.0 0.0 0.0 0.0 361.0 0.0 0.0 0.0 0.0 0.0 0.0 408.0 107.0 0.0 0.0 0.0 0.0 0.0 0.0 565.0 0.0 427.0 0.0 
0.0 0.0 0.0 0.0 0.0 0.0 189.0 247.0 0.0 0.0 2.0 0.0 0.0 0.0 0.0 0.0 0.0 0.0 0.0 0.0 0.0 427.0 0.0 415.0 
0.0 0.0 250.0 320.0 0.0 0.0 0.0 0.0 0.0 1.0 0.0 0.0 0.0 0.0 0.0 472.0 0.0 0.0 0.0 732.0 0.0 0.0 415.0 0.0 
