q
394.0 724.0 2217.0 519.0 1459.0 650.0 518.0 461.0 1833.0 1.0 935.0 1637.0 1504.0 1.0 741.0 255.0 1827.0 551.0 2.0 792.0 1429.0 2156.0 1701.0 1321.0 
l
0.0 0.0 0.0 0.0 0.0 0.0 0.0 0.0 0.0 0.0 0.0 164.0 0.0 0.0 51.0 12.0 0.0 0.0 0.0 0.0 149.0 0.0 0.0 0.0 
0.0 0.0 0.0 57.0 0.0 0.0 0.0 0.0 226.0 0.0 0.0 0.0 217.0 0.0 0.0 0.0 0.0 0.0 0.0 0.0 0.0 0.0 0.0 185.0 
0.0 0.0 0.0 0.0 0.0 0.0 0.0 0.0 392.0 0.0 0.0 403.0 0.0 0.0 0.0 0.0 206.0 184.0 0.0 0.0 463.0 0.0 0.0 473.0 
0.0 57.0 0.0 0.0 0.0 0.0 0.0 0.0 237.0 0.0 0.0 0.0 0.0 0.0 0.0 0.0 0.0 0.0 1.0 0.0 0.0 0.0 0.0 199.0 
0.0 0.0 0.0 0.0 0.0 277.0 0.0 0.0 0.0 0.0 0.0 0.0 290.0 0.0 0.0 0.0 364.0 0.0 0.0 170.0 0.0 298.0 0.0 0.0 
0.0 0.0 0.0 0.0 277.0 0.0 64.0 0.0 0.0 0.0 0.0 0.0 122.0 0.0 0.0 0.0 0.0 0.0 0.0 0.0 0.0 0.0 153.0 0.0 
0.0 0.0 0.0 0.0 0.0 64.0 0.0 0.0 0.0 0.0 0.0 0.0 190.0 0.0 0.0 0.0 0.0 0.0 0.0 0.0 0.0 0.0 240.0 0.0 
0.0 0.0 0.0 0.0 0.0 0.0 0.0 0.0 0.0 0.0 65.0 0.0 0.0 0.0 111.0 0.0 0.0 0.0 0.0 0.0 0.0 258.0 0.0 0.0 
0.0 226.0 392.0 237.0 0.0 0.0 0.0 0.0 0.0 0.0 0.0 0.0 411.0 0.0 0.0 0.0 333.0 157.0 0.0 0.0 0.0 0.0 0.0 0.0 
0.0 0.0 0.0 0.0 0.0 0.0 0.0 0.0 0.0 0.0 0.0 0.0 0.0 0.0 0.0 0.0 0.0 0.0 0.0 0.0 1.0 0.0 0.0 0.0 
0.0 0.0 0.0 0.0 0.0 0.0 0.0 65.0 0.0 0.0 0.0 256.0 0.0 0.0 134.0 0.0 0.0 0.0 0.0 171.0 0.0 265.0 0.0 0.0 
164.0 0.0 403.0 0.0 0.0 0.0 0.0 0.0 0.0 0.0 256.0 0.0 0.0 0.0 224.0 119.0 399.0 0.0 0.0 0.0 0.0 0.0 0.0 0.0 
0.0 217.0 0.0 0.0 290.0 122.0 190.0 0.0 411.0 0.0 0.0 0.0 0.0 0.0 0.0 0.0 0.0 0.0 0.0 0.0 0.0 0.0 208.0 0.0 
0.0 0.0 0.0 0.0 0.0 0.0 0.0 0.0 0.0 0.0 0.0 0.0 0.0 0.0 0.0 0.0 0.0 0.0 0.0 0.0 0.0 0.0 1.0 0.0 
51.0 0.0 0.0 0.0 0.0 0.0 0.0 111.0 0.0 0.0 134.0 224.0 0.0 0.0 0.0 0.0 0.0 0.0 0.0 0.0 184.0 0.0 0.0 0.0 
12.0 0.0 0.0 0.0 0.0 0.0 0.0 0.0 0.0 0.0 0.0 119.0 0.0 0.0 0.0 0.0 0.0 0.0 0.0 0.0 108.0 0.0 0.0 0.0 
0.0 0.0 206.0 0.0 364.0 0.0 0.0 0.0 333.0 0.0 0.0 399.0 0.0 0.0 0.0 0.0 0.0 186.0 0.0 254.0 0.0 0.0 0.0 0.0 
0.0 0.0 184.0 0.0 0.0 0.0 0.0 0.0 157.0 0.0 0.0 0.0 0.0 0.0 0.0 0.0 186.0 0.0 0.0 0.0 0.0 0.0 0.0 0.0 
0.0 0.0 0.0 1.0 0.0 0.0 0.0 0.0 0.0 0.0 0.0 0.0 0.0 0.0 0.0 0.0 0.0 0.0 0.0 0.0 0.0 0.0 0.0 1.0 
0.0 0.0 0.0 0.0 170.0 0.0 0.0 0.0 0.0 0.0 171.0 0.0 0.0 0.0 0.0 0.0 254.0 0.0 0.0 0.0 0.0 165.0 0.0 0.0 
149.0 0.0 463.0 0.0 0.0 0.0 0.0 0.0 0.0 1.0 0.0 0.0 0.0 0.0 184.0 108.0 0.0 0.0 0.0 0.0 0.0 456.0 0.0 0.0 
0.0 0.0 0.0 0.0 298.0 0.0 0.0 258.0 0.0 0.0 265.0 0.0 0.0 0.0 0.0 0.0 0.0 0.0 0.0 165.0 456.0 0.0 627.0 0.0 
0.0 0.0 0.0 0.0 0.0 153.0 240.0 0.0 0.0 0.0 0.0 0.0 208.0 1.0 0.0 0.0 0.0 0.0 0.0 0.0 0.0 627.0 0.0 388.0 
0.0 185.0 473.0 199.0 0.0 0.0 0.0 0.0 0.0 0.0 0.0 0.0 0.0 0.0 0.0 0.0 0.0 0.0 1.0 0.0 0.0 0.0 388.0 0.0 
