q
798.0 583.0 1284.0 887.0 393.0 875.0 2407.0 1370.0 225.0 193.0 416.0 690.0 1.0 720.0 686.0 910.0 1136.0 896.0 1306.0 1.0 2502.0 1511.0 1844.0 1972.0 
l
0.0 0.0 0.0 0.0 0.0 0.0 0.0 314.0 0.0 0.0 0.0 0.0 0.0 90.0 0.0 0.0 0.0 0.0 0.0 0.0 347.0 0.0 0.0 0.0 
0.0 0.0 0.0 0.0 0.0 0.0 0.0 0.0 0.0 0.0 0.0 0.0 0.0 0.0 0.0 129.0 100.0 0.0 0.0 0.0 329.0 0.0 0.0 0.0 
0.0 0.0 0.0 0.0 0.0 0.0 0.0 0.0 73.0 0.0 0.0 0.0 0.0 0.0 189.0 186.0 266.0 0.0 0.0 0.0 0.0 0.0 0.0 504.0 
0.0 0.0 0.0 0.0 0.0 118.0 0.0 198.0 0.0 0.0 0.0 0.0 0.0 235.0 0.0 0.0 0.0 0.0 0.0 0.0 0.0 0.0 284.0 0.0 
0.0 0.0 0.0 0.0 0.0 0.0 184.0 98.0 0.0 0.0 0.0 0.0 0.0 0.0 0.0 0.0 0.0 0.0 91.0 0.0 0.0 0.0 0.0 0.0 
0.0 0.0 0.0 118.0 0.0 0.0 0.0 187.0 0.0 0.0 0.0 0.0 0.0 0.0 0.0 0.0 0.0 132.0 153.0 0.0 0.0 0.0 240.0 0.0 
0.0 0.0 0.0 0.0 184.0 0.0 0.0 306.0 0.0 0.0 0.0 0.0 0.0 0.0 0.0 415.0 0.0 0.0 374.0 0.0 543.0 0.0 0.0 456.0 
314.0 0.0 0.0 198.0 98.0 187.0 306.0 0.0 0.0 0.0 0.0 0.0 0.0 0.0 0.0 0.0 0.0 0.0 198.0 0.0 0.0 0.0 0.0 0.0 
0.0 0.0 73.0 0.0 0.0 0.0 0.0 0.0 0.0 0.0 0.0 0.0 0.0 0.0 28.0 0.0 0.0 0.0 0.0 0.0 0.0 109.0 0.0 0.0 
0.0 0.0 0.0 0.0 0.0 0.0 0.0 0.0 0.0 0.0 0.0 0.0 0.0 0.0 20.0 0.0 70.0 0.0 0.0 0.0 0.0 96.0 0.0 0.0 
0.0 0.0 0.0 0.0 0.0 0.0 0.0 0.0 0.0 0.0 0.0 40.0 0.0 0.0 0.0 0.0 0.0 126.0 0.0 0.0 0.0 0.0 0.0 227.0 
0.0 0.0 0.0 0.0 0.0 0.0 0.0 0.0 0.0 0.0 40.0 0.0 0.0 0.0 0.0 0.0 0.0 115.0 236.0 0.0 0.0 0.0 0.0 269.0 
0.0 0.0 0.0 0.0 0.0 0.0 0.0 0.0 0.0 0.0 0.0 0.0 0.0 0.0 0.0 0.0 0.0 0.0 0.0 0.0 0.0 0.0 0.0 1.0 
90.0 0.0 0.0 235.0 0.0 0.0 0.0 0.0 0.0 0.0 0.0 0.0 0.0 0.0 0.0 0.0 0.0 0.0 0.0 0.0 357.0 0.0 0.0 0.0 
0.0 0.0 189.0 0.0 0.0 0.0 0.0 0.0 28.0 20.0 0.0 0.0 0.0 0.0 0.0 0.0 161.0 0.0 0.0 0.0 0.0 256.0 0.0 0.0 
0.0 129.0 186.0 0.0 0.0 0.0 415.0 0.0 0.0 0.0 0.0 0.0 0.0 0.0 0.0 0.0 135.0 0.0 0.0 0.0 0.0 0.0 0.0 0.0 
0.0 100.0 266.0 0.0 0.0 0.0 0.0 0.0 0.0 70.0 0.0 0.0 0.0 0.0 161.0 135.0 0.0 0.0 0.0 0.0 364.0 0.0 0.0 0.0 
0.0 0.0 0.0 0.0 0.0 132.0 0.0 0.0 0.0 0.0 126.0 115.0 0.0 0.0 0.0 0.0 0.0 0.0 202.0 0.0 0.0 0.0 268.0 0.0 
0.0 0.0 0.0 0.0 91.0 153.0 374.0 198.0 0.0 0.0 0.0 236.0 0.0 0.0 0.0 0.0 0.0 202.0 0.0 0.0 0.0 0.0 0.0 0.0 
0.0 0.0 0.0 0.0 0.0 0.0 0.0 0.0 0.0 0.0 0.0 0.0 0.0 0.0 0.0 0.0 0.0 0.0 0.0 0.0 0.0 0.0 1.0 0.0 
347.0 329.0 0.0 0.0 0.0 0.0 543.0 0.0 0.0 0.0 0.0 0.0 0.0 357.0 0.0 0.0 364.0 0.0 0.0 0.0 0.0 438.0 0.0 0.0 
0.0 0.0 0.0 0.0 0.0 0.0 0.0 0.0 109.0 96.0 0.0 0.0 0.0 0.0 256.0 0.0 0.0 0.0 0.0 0.0 438.0 0.0 526.0 0.0 
0.0 0.0 0.0 284.0 0.0 240.0 0.0 0.0 0.0 0.0 0.0 0.0 0.0 0.0 0.0 0.0 0.0 268.0 0.0 1.0 0.0 526.0 0.0 406.0 
0.0 0.0 504.0 0.0 0.0 0.0 456.0 0.0 0.0 0.0 227.0 269.0 1.0 0.0 0.0 0.0 0.0 0.0 0.0 0.0 0.0 0.0 406.0 0.0 
