q
759.0 448.0 1063.0 837.0 1.0 1905.0 208.0 1174.0 619.0 1653.0 1023.0 511.0 610.0 681.0 787.0 681.0 1.0 1846.0 151.0 1586.0 2490.0 1311.0 1370.0 2327.0 
l
0.0 0.0 0.0 0.0 0.0 0.0 0.0 0.0 0.0 0.0 148.0 0.0 0.0 0.0 0.0 0.0 0.0 291.0 37.0 0.0 0.0 0.0 245.0 0.0 
0.0 0.0 0.0 0.0 0.0 0.0 0.0 0.0 0.0 0.0 72.0 0.0 0.0 0.0 0.0 0.0 0.0 0.0 0.0 195.0 0.0 153.0 0.0 0.0 
0.0 0.0 0.0 120.0 0.0 0.0 0.0 0.0 0.0 280.0 0.0 75.0 0.0 0.0 152.0 0.0 0.0 0.0 0.0 0.0 0.0 0.0 0.0 388.0 
0.0 0.0 120.0 0.0 0.0 288.0 0.0 0.0 0.0 175.0 0.0 127.0 0.0 87.0 0.0 0.0 0.0 0.0 0.0 0.0 0.0 0.0 0.0 0.0 
0.0 0.0 0.0 0.0 0.0 0.0 0.0 0.0 0.0 0.0 0.0 0.0 0.0 0.0 0.0 0.0 0.0 0.0 0.0 0.0 0.0 0.0 1.0 0.0 
0.0 0.0 0.0 288.0 0.0 0.0 103.0 340.0 0.0 0.0 0.0 0.0 0.0 280.0 0.0 0.0 0.0 0.0 0.0 0.0 404.0 0.0 0.0 396.0 
0.0 0.0 0.0 0.0 0.0 103.0 0.0 36.0 0.0 0.0 0.0 0.0 0.0 0.0 0.0 53.0 0.0 0.0 0.0 0.0 0.0 0.0 0.0 0.0 
0.0 0.0 0.0 0.0 0.0 340.0 36.0 0.0 180.0 0.0 0.0 0.0 0.0 0.0 0.0 147.0 0.0 211.0 0.0 209.0 0.0 0.0 0.0 0.0 
0.0 0.0 0.0 0.0 0.0 0.0 0.0 180.0 0.0 0.0 0.0 0.0 0.0 0.0 0.0 0.0 0.0 0.0 0.0 144.0 268.0 0.0 0.0 0.0 
0.0 0.0 280.0 175.0 0.0 0.0 0.0 0.0 0.0 0.0 0.0 0.0 163.0 172.0 281.0 0.0 0.0 0.0 0.0 0.0 504.0 0.0 0.0 0.0 
148.0 72.0 0.0 0.0 0.0 0.0 0.0 0.0 0.0 0.0 0.0 0.0 0.0 0.0 0.0 0.0 0.0 273.0 36.0 220.0 0.0 216.0 0.0 0.0 
0.0 0.0 75.0 127.0 0.0 0.0 0.0 0.0 0.0 0.0 0.0 0.0 0.0 0.0 0.0 0.0 0.0 0.0 0.0 0.0 0.0 0.0 0.0 288.0 
0.0 0.0 0.0 0.0 0.0 0.0 0.0 0.0 0.0 163.0 0.0 0.0 0.0 103.0 0.0 0.0 0.0 0.0 0.0 0.0 315.0 0.0 0.0 0.0 
0.0 0.0 0.0 87.0 0.0 280.0 0.0 0.0 0.0 172.0 0.0 0.0 103.0 0.0 0.0 0.0 0.0 0.0 0.0 0.0 0.0 0.0 0.0 0.0 
0.0 0.0 152.0 0.0 0.0 0.0 0.0 0.0 0.0 281.0 0.0 0.0 0.0 0.0 0.0 0.0 0.0 0.0 0.0 0.0 0.0 0.0 306.0 0.0 
0.0 0.0 0.0 0.0 0.0 0.0 53.0 147.0 0.0 0.0 0.0 0.0 0.0 0.0 0.0 0.0 0.0 186.0 0.0 0.0 0.0 0.0 0.0 259.0 
0.0 0.0 0.0 0.0 0.0 0.0 0.0 0.0 0.0 0.0 0.0 0.0 0.0 0.0 0.0 0.0 0.0 0.0 0.0 0.0 0.0 0.0 1.0 0.0 
291.0 0.0 0.0 0.0 0.0 0.0 0.0 211.0 0.0 0.0 273.0 0.0 0.0 0.0 0.0 186.0 0.0 0.0 0.0 305.0 0.0 0.0 0.0 495.0 
37.0 0.0 0.0 0.0 0.0 0.0 0.0 0.0 0.0 0.0 36.0 0.0 0.0 0.0 0.0 0.0 0.0 0.0 0.0 0.0 0.0 68.0 0.0 0.0 
0.0 195.0 0.0 0.0 0.0 0.0 0.0 209.0 144.0 0.0 220.0 0.0 0.0 0.0 0.0 0.0 0.0 305.0 0.0 0.0 444.0 0.0 0.0 0.0 
0.0 0.0 0.0 0.0 0.0 404.0 0.0 0.0 268.0 504.0 0.0 0.0 315.0 0.0 0.0 0.0 0.0 0.0 0.0 444.0 0.0 454.0 0.0 0.0 
0.0 153.0 0.0 0.0 0.0 0.0 0.0 0.0 0.0 0.0 216.0 0.0 0.0 0.0 0.0 0.0 0.0 0.0 68.0 0.0 454.0 0.0 345.0 0.0 
245.0 0.0 0.0 0.0 1.0 0.0 0.0 0.0 0.0 0.0 0.0 0.0 0.0 0.0 306.0 0.0 1.0 0.0 0.0 0.0 0.0 345.0 0.0 405.0 
0.0 0.0 388.0 0.0 0.0 396.0 0.0 0.0 0.0 0.0 0.0 288.0 0.0 0.0 0.0 259.0 0.0 495.0 0.0 0.0 0.0 0.0 405.0 0.0 
