q
553.0 629.0 571.0 4.0 429.0 681.0 959.0 909.0 546.0 978.0 1488.0 110.0 643.0 916.0 2519.0 1176.0 64.0 650.0 836.0 1056.0 2810.0 1816.0 1744.0 1989.0 
l
0.0 0.0 0.0 0.0 0.0 0.0 102.0 0.0 0.0 0.0 0.0 0.0 0.0 0.0 295.0 127.0 0.0 0.0 0.0 0.0 0.0 0.0 0.0 0.0 
0.0 0.0 0.0 0.0 0.0 0.0 0.0 0.0 0.0 0.0 0.0 0.0 63.0 0.0 0.0 205.0 0.0 0.0 0.0 0.0 332.0 0.0 0.0 0.0 
0.0 0.0 0.0 0.0 0.0 0.0 0.0 0.0 0.0 50.0 235.0 0.0 0.0 0.0 0.0 0.0 0.0 0.0 0.0 0.0 0.0 0.0 252.0 0.0 
0.0 0.0 0.0 0.0 0.0 0.0 0.0 0.0 0.0 0.0 0.0 1.0 0.0 0.0 0.0 0.0 0.0 0.0 0.0 0.0 0.0 0.0 3.0 0.0 
0.0 0.0 0.0 0.0 0.0 0.0 0.0 0.0 66.0 0.0 0.0 28.0 0.0 0.0 0.0 0.0 15.0 0.0 103.0 0.0 0.0 0.0 200.0 0.0 
0.0 0.0 0.0 0.0 0.0 0.0 0.0 94.0 65.0 0.0 0.0 0.0 0.0 119.0 0.0 0.0 0.0 0.0 116.0 0.0 0.0 0.0 0.0 262.0 
102.0 0.0 0.0 0.0 0.0 0.0 0.0 0.0 0.0 259.0 141.0 0.0 0.0 0.0 283.0 122.0 0.0 0.0 0.0 0.0 0.0 0.0 0.0 0.0 
0.0 0.0 0.0 0.0 0.0 94.0 0.0 0.0 0.0 0.0 0.0 0.0 0.0 141.0 0.0 0.0 0.0 0.0 134.0 211.0 0.0 269.0 0.0 0.0 
0.0 0.0 0.0 0.0 66.0 65.0 0.0 0.0 0.0 0.0 0.0 0.0 0.0 0.0 0.0 0.0 0.0 0.0 118.0 0.0 0.0 0.0 0.0 262.0 
0.0 0.0 50.0 0.0 0.0 0.0 259.0 0.0 0.0 0.0 232.0 0.0 0.0 0.0 0.0 0.0 0.0 0.0 0.0 0.0 0.0 0.0 377.0 0.0 
0.0 0.0 235.0 0.0 0.0 0.0 141.0 0.0 0.0 232.0 0.0 0.0 146.0 0.0 0.0 194.0 0.0 0.0 0.0 0.0 467.0 0.0 0.0 0.0 
0.0 0.0 0.0 1.0 28.0 0.0 0.0 0.0 0.0 0.0 0.0 0.0 0.0 0.0 0.0 0.0 2.0 0.0 0.0 0.0 0.0 73.0 0.0 0.0 
0.0 63.0 0.0 0.0 0.0 0.0 0.0 0.0 0.0 0.0 146.0 0.0 0.0 0.0 0.0 127.0 0.0 0.0 0.0 0.0 269.0 0.0 0.0 0.0 
0.0 0.0 0.0 0.0 0.0 119.0 0.0 141.0 0.0 0.0 0.0 0.0 0.0 0.0 0.0 0.0 0.0 155.0 0.0 198.0 0.0 0.0 0.0 262.0 
295.0 0.0 0.0 0.0 0.0 0.0 283.0 0.0 0.0 0.0 0.0 0.0 0.0 0.0 0.0 349.0 0.0 333.0 0.0 0.0 471.0 0.0 0.0 641.0 
127.0 205.0 0.0 0.0 0.0 0.0 122.0 0.0 0.0 0.0 194.0 0.0 127.0 0.0 349.0 0.0 0.0 0.0 0.0 0.0 0.0 0.0 0.0 0.0 
0.0 0.0 0.0 0.0 15.0 0.0 0.0 0.0 0.0 0.0 0.0 2.0 0.0 0.0 0.0 0.0 0.0 0.0 11.0 0.0 0.0 35.0 0.0 0.0 
0.0 0.0 0.0 0.0 0.0 0.0 0.0 0.0 0.0 0.0 0.0 0.0 0.0 155.0 333.0 0.0 0.0 0.0 0.0 132.0 0.0 0.0 0.0 0.0 
0.0 0.0 0.0 0.0 103.0 116.0 0.0 134.0 118.0 0.0 0.0 0.0 0.0 0.0 0.0 0.0 11.0 0.0 0.0 0.0 0.0 320.0 0.0 0.0 
0.0 0.0 0.0 0.0 0.0 0.0 0.0 211.0 0.0 0.0 0.0 0.0 0.0 198.0 0.0 0.0 0.0 132.0 0.0 0.0 464.0 0.0 0.0 0.0 
0.0 332.0 0.0 0.0 0.0 0.0 0.0 0.0 0.0 0.0 467.0 0.0 269.0 0.0 471.0 0.0 0.0 0.0 0.0 464.0 0.0 651.0 0.0 0.0 
0.0 0.0 0.0 0.0 0.0 0.0 0.0 269.0 0.0 0.0 0.0 73.0 0.0 0.0 0.0 0.0 35.0 0.0 320.0 0.0 651.0 0.0 379.0 0.0 
0.0 0.0 252.0 3.0 200.0 0.0 0.0 0.0 0.0 377.0 0.0 0.0 0.0 0.0 0.0 0.0 0.0 0.0 0.0 0.0 0.0 379.0 0.0 446.0 
0.0 0.0 0.0 0.0 0.0 262.0 0.0 0.0 262.0 0.0 0.0 0.0 0.0 262.0 641.0 0.0 0.0 0.0 0.0 0.0 0.0 0.0 446.0 0.0 
