q
719.0 1427.0 991.0 696.0 602.0 206.0 1441.0 223.0 2343.0 494.0 14.0 164.0 1119.0 946.0 1106.0 1365.0 770.0 767.0 595.0 627.0 2618.0 1183.0 1191.0 2601.0 
l
0.0 0.0 0.0 0.0 0.0 0.0 0.0 0.0 0.0 110.0 0.0 0.0 0.0 0.0 135.0 128.0 0.0 0.0 0.0 0.0 303.0 0.0 0.0 0.0 
0.0 0.0 0.0 0.0 207.0 0.0 0.0 0.0 0.0 0.0 0.0 0.0 0.0 164.0 0.0 248.0 171.0 0.0 153.0 0.0 0.0 0.0 0.0 417.0 
0.0 0.0 0.0 188.0 0.0 0.0 174.0 72.0 0.0 0.0 0.0 0.0 118.0 0.0 0.0 0.0 0.0 0.0 0.0 0.0 0.0 0.0 0.0 391.0 
0.0 0.0 188.0 0.0 0.0 0.0 183.0 41.0 0.0 0.0 0.0 20.0 0.0 0.0 0.0 0.0 0.0 0.0 0.0 0.0 0.0 236.0 0.0 0.0 
0.0 207.0 0.0 0.0 0.0 0.0 0.0 0.0 305.0 0.0 0.0 0.0 0.0 0.0 0.0 0.0 0.0 0.0 48.0 0.0 0.0 0.0 0.0 0.0 
0.0 0.0 0.0 0.0 0.0 0.0 0.0 0.0 0.0 37.0 3.0 0.0 0.0 0.0 63.0 0.0 0.0 0.0 0.0 0.0 0.0 0.0 95.0 0.0 
0.0 0.0 174.0 183.0 0.0 0.0 0.0 0.0 0.0 0.0 0.0 76.0 217.0 0.0 0.0 0.0 0.0 208.0 0.0 0.0 523.0 0.0 0.0 0.0 
0.0 0.0 72.0 41.0 0.0 0.0 0.0 0.0 0.0 0.0 0.0 0.0 0.0 0.0 0.0 0.0 0.0 0.0 0.0 0.0 0.0 0.0 92.0 0.0 
0.0 0.0 0.0 0.0 305.0 0.0 0.0 0.0 0.0 0.0 0.0 0.0 0.0 0.0 0.0 0.0 0.0 307.0 229.0 318.0 602.0 0.0 0.0 454.0 
110.0 0.0 0.0 0.0 0.0 37.0 0.0 0.0 0.0 0.0 4.0 0.0 0.0 0.0 126.0 0.0 0.0 0.0 0.0 0.0 0.0 194.0 0.0 0.0 
0.0 0.0 0.0 0.0 0.0 3.0 0.0 0.0 0.0 4.0 0.0 0.0 0.0 0.0 0.0 0.0 0.0 0.0 0.0 0.0 0.0 7.0 0.0 0.0 
0.0 0.0 0.0 20.0 0.0 0.0 76.0 0.0 0.0 0.0 0.0 0.0 0.0 0.0 0.0 0.0 0.0 0.0 0.0 0.0 0.0 55.0 0.0 0.0 
0.0 0.0 118.0 0.0 0.0 0.0 217.0 0.0 0.0 0.0 0.0 0.0 0.0 0.0 0.0 0.0 0.0 140.0 0.0 186.0 0.0 0.0 0.0 401.0 
0.0 164.0 0.0 0.0 0.0 0.0 0.0 0.0 0.0 0.0 0.0 0.0 0.0 0.0 224.0 165.0 0.0 0.0 0.0 0.0 0.0 0.0 0.0 347.0 
135.0 0.0 0.0 0.0 0.0 63.0 0.0 0.0 0.0 126.0 0.0 0.0 0.0 224.0 0.0 257.0 0.0 0.0 0.0 0.0 0.0 0.0 246.0 0.0 
128.0 248.0 0.0 0.0 0.0 0.0 0.0 0.0 0.0 0.0 0.0 0.0 0.0 165.0 257.0 0.0 150.0 0.0 0.0 0.0 375.0 0.0 0.0 0.0 
0.0 171.0 0.0 0.0 0.0 0.0 0.0 0.0 0.0 0.0 0.0 0.0 0.0 0.0 0.0 150.0 0.0 0.0 134.0 0.0 281.0 0.0 0.0 0.0 
0.0 0.0 0.0 0.0 0.0 0.0 208.0 0.0 307.0 0.0 0.0 0.0 140.0 0.0 0.0 0.0 0.0 0.0 0.0 71.0 0.0 0.0 0.0 0.0 
0.0 153.0 0.0 0.0 48.0 0.0 0.0 0.0 229.0 0.0 0.0 0.0 0.0 0.0 0.0 0.0 134.0 0.0 0.0 0.0 0.0 0.0 0.0 0.0 
0.0 0.0 0.0 0.0 0.0 0.0 0.0 0.0 318.0 0.0 0.0 0.0 186.0 0.0 0.0 0.0 0.0 71.0 0.0 0.0 0.0 0.0 0.0 0.0 
303.0 0.0 0.0 0.0 0.0 0.0 523.0 0.0 602.0 0.0 0.0 0.0 0.0 0.0 0.0 375.0 281.0 0.0 0.0 0.0 0.0 408.0 0.0 0.0 
0.0 0.0 0.0 236.0 0.0 0.0 0.0 0.0 0.0 194.0 7.0 55.0 0.0 0.0 0.0 0.0 0.0 0.0 0.0 0.0 408.0 0.0 216.0 0.0 
0.0 0.0 0.0 0.0 0.0 95.0 0.0 92.0 0.0 0.0 0.0 0.0 0.0 0.0 246.0 0.0 0.0 0.0 0.0 0.0 0.0 216.0 0.0 475.0 
0.0 417.0 391.0 0.0 0.0 0.0 0.0 0.0 454.0 0.0 0.0 0.0 401.0 347.0 0.0 0.0 0.0 0.0 0.0 0.0 0.0 0.0 475.0 0.0 
