q
1178.0 8.0 1327.0 220.0 1641.0 2140.0 547.0 414.0 698.0 635.0 432.0 1961.0 592.0 1.0 365.0 958.0 2175.0 579.0 709.0 793.0 1947.0 2321.0 1274.0 1803.0 
l
0.0 0.0 0.0 0.0 170.0 225.0 0.0 0.0 0.0 0.0 150.0 245.0 130.0 0.0 0.0 183.0 0.0 0.0 0.0 0.0 0.0 0.0 0.0 0.0 
0.0 0.0 0.0 0.0 0.0 0.0 0.0 0.0 0.0 1.0 0.0 0.0 0.0 0.0 0.0 0.0 0.0 0.0 0.0 0.0 0.0 0.0 6.0 0.0 
0.0 0.0 0.0 0.0 0.0 0.0 0.0 0.0 152.0 209.0 0.0 0.0 0.0 0.0 0.0 0.0 330.0 185.0 0.0 144.0 0.0 0.0 246.0 0.0 
0.0 0.0 0.0 0.0 0.0 0.0 0.0 0.0 0.0 0.0 0.0 0.0 0.0 0.0 0.0 42.0 0.0 0.0 50.0 0.0 119.0 0.0 0.0 0.0 
170.0 0.0 0.0 0.0 0.0 194.0 232.0 0.0 0.0 0.0 0.0 293.0 203.0 0.0 0.0 0.0 456.0 0.0 0.0 0.0 0.0 0.0 0.0 0.0 
225.0 0.0 0.0 0.0 194.0 0.0 231.0 0.0 0.0 0.0 0.0 0.0 187.0 0.0 0.0 0.0 0.0 0.0 0.0 0.0 546.0 0.0 0.0 622.0 
0.0 0.0 0.0 0.0 232.0 231.0 0.0 0.0 0.0 0.0 0.0 0.0 43.0 0.0 0.0 0.0 0.0 0.0 0.0 0.0 0.0 0.0 0.0 0.0 
0.0 0.0 0.0 0.0 0.0 0.0 0.0 0.0 0.0 0.0 0.0 0.0 0.0 0.0 119.0 0.0 0.0 0.0 0.0 0.0 276.0 0.0 0.0 0.0 
0.0 0.0 152.0 0.0 0.0 0.0 0.0 0.0 0.0 0.0 0.0 0.0 0.0 0.0 0.0 0.0 272.0 63.0 0.0 0.0 0.0 0.0 0.0 185.0 
0.0 1.0 209.0 0.0 0.0 0.0 0.0 0.0 0.0 0.0 0.0 0.0 0.0 0.0 0.0 0.0 0.0 0.0 0.0 62.0 0.0 327.0 0.0 0.0 
150.0 0.0 0.0 0.0 0.0 0.0 0.0 0.0 0.0 0.0 0.0 0.0 0.0 0.0 0.0 81.0 0.0 0.0 0.0 0.0 176.0 0.0 0.0 0.0 
245.0 0.0 0.0 0.0 293.0 0.0 0.0 0.0 0.0 0.0 0.0 0.0 0.0 0.0 0.0 247.0 466.0 0.0 221.0 0.0 0.0 409.0 0.0 0.0 
130.0 0.0 0.0 0.0 203.0 187.0 43.0 0.0 0.0 0.0 0.0 0.0 0.0 0.0 0.0 0.0 0.0 0.0 0.0 0.0 0.0 0.0 0.0 0.0 
0.0 0.0 0.0 0.0 0.0 0.0 0.0 0.0 0.0 0.0 0.0 0.0 0.0 0.0 0.0 0.0 0.0 0.0 0.0 0.0 0.0 0.0 0.0 1.0 
0.0 0.0 0.0 0.0 0.0 0.0 0.0 119.0 0.0 0.0 0.0 0.0 0.0 0.0 0.0 0.0 0.0 0.0 0.0 0.0 0.0 0.0 226.0 0.0 
183.0 0.0 0.0 42.0 0.0 0.0 0.0 0.0 0.0 0.0 81.0 247.0 0.0 0.0 0.0 0.0 0.0 0.0 145.0 0.0 214.0 0.0 0.0 0.0 
0.0 0.0 330.0 0.0 456.0 0.0 0.0 0.0 272.0 0.0 0.0 466.0 0.0 0.0 0.0 0.0 0.0 0.0 0.0 269.0 0.0 0.0 0.0 289.0 
0.0 0.0 185.0 0.0 0.0 0.0 0.0 0.0 63.0 0.0 0.0 0.0 0.0 0.0 0.0 0.0 0.0 0.0 0.0 0.0 0.0 0.0 0.0 283.0 
0.0 0.0 0.0 50.0 0.0 0.0 0.0 0.0 0.0 0.0 0.0 221.0 0.0 0.0 0.0 145.0 0.0 0.0 0.0 0.0 0.0 259.0 0.0 0.0 
0.0 0.0 144.0 0.0 0.0 0.0 0.0 0.0 0.0 62.0 0.0 0.0 0.0 0.0 0.0 0.0 269.0 0.0 0.0 0.0 0.0 283.0 0.0 0.0 
0.0 0.0 0.0 119.0 0.0 546.0 0.0 276.0 0.0 0.0 176.0 0.0 0.0 0.0 0.0 214.0 0.0 0.0 0.0 0.0 0.0 523.0 0.0 0.0 
0.0 0.0 0.0 0.0 0.0 0.0 0.0 0.0 0.0 327.0 0.0 409.0 0.0 0.0 0.0 0.0 0.0 0.0 259.0 283.0 523.0 0.0 413.0 0.0 
0.0 6.0 246.0 0.0 0.0 0.0 0.0 0.0 0.0 0.0 0.0 0.0 0.0 0.0 226.0 0.0 0.0 0.0 0.0 0.0 0.0 413.0 0.0 316.0 
0.0 0.0 0.0 0.0 0.0 622.0 0.0 0.0 185.0 0.0 0.0 0.0 0.0 1.0 0.0 0.0 289.0 283.0 0.0 0.0 0.0 0.0 316.0 0.0 
