q
607.0 1.0 276.0 1482.0 933.0 621.0 502.0 1120.0 1134.0 156.0 1948.0 1750.0 2264.0 640.0 746.0 589.0 6.0 587.0 537.0 1422.0 2276.0 1469.0 2465.0 1071.0 
l
0.0 0.0 0.0 0.0 193.0 0.0 27.0 0.0 0.0 0.0 0.0 0.0 0.0 0.0 0.0 0.0 0.0 0.0 0.0 0.0 345.0 0.0 0.0 0.0 
0.0 0.0 0.0 0.0 0.0 0.0 0.0 0.0 0.0 0.0 0.0 0.0 0.0 0.0 0.0 0.0 0.0 0.0 0.0 0.0 0.0 1.0 0.0 0.0 
0.0 0.0 0.0 0.0 0.0 0.0 0.0 0.0 95.0 0.0 0.0 0.0 0.0 0.0 0.0 0.0 0.0 23.0 0.0 0.0 0.0 136.0 0.0 0.0 
0.0 0.0 0.0 0.0 0.0 158.0 0.0 212.0 0.0 0.0 388.0 0.0 305.0 0.0 184.0 158.0 0.0 0.0 0.0 0.0 0.0 0.0 0.0 0.0 
193.0 0.0 0.0 0.0 0.0 0.0 167.0 0.0 0.0 0.0 0.0 0.0 0.0 0.0 0.0 0.0 0.0 0.0 0.0 0.0 0.0 0.0 510.0 0.0 
0.0 0.0 0.0 158.0 0.0 0.0 0.0 0.0 0.0 0.0 0.0 0.0 313.0 0.0 123.0 0.0 1.0 0.0 0.0 0.0 0.0 0.0 0.0 0.0 
27.0 0.0 0.0 0.0 167.0 0.0 0.0 0.0 0.0 0.0 0.0 0.0 0.0 0.0 0.0 0.0 0.0 0.0 0.0 0.0 274.0 0.0 0.0 0.0 
0.0 0.0 0.0 212.0 0.0 0.0 0.0 0.0 0.0 61.0 266.0 0.0 0.0 0.0 188.0 0.0 0.0 0.0 0.0 0.0 0.0 0.0 352.0 0.0 
0.0 0.0 95.0 0.0 0.0 0.0 0.0 0.0 0.0 0.0 0.0 272.0 0.0 0.0 0.0 0.0 0.0 134.0 74.0 210.0 298.0 0.0 0.0 0.0 
0.0 0.0 0.0 0.0 0.0 0.0 0.0 61.0 0.0 0.0 0.0 0.0 0.0 0.0 25.0 0.0 0.0 0.0 0.0 0.0 0.0 0.0 0.0 63.0 
0.0 0.0 0.0 388.0 0.0 0.0 0.0 266.0 0.0 0.0 0.0 350.0 0.0 190.0 0.0 0.0 0.0 0.0 0.0 343.0 0.0 0.0 332.0 0.0 
0.0 0.0 0.0 0.0 0.0 0.0 0.0 0.0 272.0 0.0 350.0 0.0 348.0 0.0 0.0 220.0 0.0 0.0 225.0 234.0 0.0 0.0 0.0 0.0 
0.0 0.0 0.0 305.0 0.0 313.0 0.0 0.0 0.0 0.0 0.0 348.0 0.0 0.0 0.0 185.0 0.0 0.0 0.0 0.0 643.0 0.0 0.0 355.0 
0.0 0.0 0.0 0.0 0.0 0.0 0.0 0.0 0.0 0.0 190.0 0.0 0.0 0.0 0.0 0.0 0.0 0.0 0.0 187.0 0.0 0.0 240.0 0.0 
0.0 0.0 0.0 184.0 0.0 123.0 0.0 188.0 0.0 25.0 0.0 0.0 0.0 0.0 0.0 0.0 1.0 0.0 0.0 0.0 0.0 0.0 0.0 180.0 
0.0 0.0 0.0 158.0 0.0 0.0 0.0 0.0 0.0 0.0 0.0 220.0 185.0 0.0 0.0 0.0 0.0 0.0 0.0 0.0 0.0 0.0 0.0 0.0 
0.0 0.0 0.0 0.0 0.0 1.0 0.0 0.0 0.0 0.0 0.0 0.0 0.0 0.0 1.0 0.0 0.0 0.0 0.0 0.0 0.0 0.0 0.0 4.0 
0.0 0.0 23.0 0.0 0.0 0.0 0.0 0.0 134.0 0.0 0.0 0.0 0.0 0.0 0.0 0.0 0.0 0.0 0.0 212.0 0.0 198.0 0.0 0.0 
0.0 0.0 0.0 0.0 0.0 0.0 0.0 0.0 74.0 0.0 0.0 225.0 0.0 0.0 0.0 0.0 0.0 0.0 0.0 0.0 208.0 0.0 0.0 0.0 
0.0 0.0 0.0 0.0 0.0 0.0 0.0 0.0 210.0 0.0 343.0 234.0 0.0 187.0 0.0 0.0 0.0 212.0 0.0 0.0 0.0 184.0 0.0 0.0 
345.0 0.0 0.0 0.0 0.0 0.0 274.0 0.0 298.0 0.0 0.0 0.0 643.0 0.0 0.0 0.0 0.0 0.0 208.0 0.0 0.0 373.0 0.0 0.0 
0.0 1.0 136.0 0.0 0.0 0.0 0.0 0.0 0.0 0.0 0.0 0.0 0.0 0.0 0.0 0.0 0.0 198.0 0.0 184.0 373.0 0.0 498.0 0.0 
0.0 0.0 0.0 0.0 510.0 0.0 0.0 352.0 0.0 0.0 332.0 0.0 0.0 240.0 0.0 0.0 0.0 0.0 0.0 0.0 0.0 498.0 0.0 413.0 
0.0 0.0 0.0 0.0 0.0 0.0 0.0 0.0 0.0 63.0 0.0 0.0 355.0 0.0 180.0 0.0 4.0 0.0 0.0 0.0 0.0 0.0 413.0 0.0 
