q
1079.0 1849.0 757.0 1044.0 470.0 665.0 896.0 733.0 382.0 541.0 1973.0 2195.0 3.0 714.0 2.0 1136.0 702.0 305.0 171.0 790.0 1543.0 2047.0 1613.0 2140.0 
l
0.0 0.0 0.0 0.0 0.0 106.0 0.0 159.0 0.0 0.0 267.0 298.0 0.0 0.0 0.0 152.0 0.0 0.0 41.0 0.0 0.0 0.0 0.0 0.0 
0.0 0.0 206.0 296.0 208.0 0.0 309.0 0.0 0.0 177.0 0.0 539.0 0.0 0.0 0.0 0.0 0.0 0.0 0.0 0.0 0.0 0.0 0.0 0.0 
0.0 206.0 0.0 99.0 0.0 0.0 0.0 0.0 0.0 109.0 0.0 0.0 0.0 0.0 0.0 0.0 0.0 0.0 0.0 0.0 0.0 307.0 0.0 0.0 
0.0 296.0 99.0 0.0 0.0 0.0 0.0 0.0 0.0 0.0 0.0 0.0 0.0 190.0 1.0 0.0 0.0 99.0 0.0 0.0 0.0 310.0 0.0 0.0 
0.0 208.0 0.0 0.0 0.0 0.0 0.0 0.0 0.0 28.0 0.0 0.0 1.0 0.0 0.0 0.0 0.0 0.0 0.0 0.0 195.0 0.0 0.0 0.0 
106.0 0.0 0.0 0.0 0.0 0.0 0.0 0.0 75.0 0.0 0.0 281.0 0.0 0.0 0.0 160.0 0.0 0.0 10.0 0.0 0.0 0.0 0.0 0.0 
0.0 309.0 0.0 0.0 0.0 0.0 0.0 0.0 0.0 0.0 0.0 0.0 0.0 175.0 0.0 0.0 0.0 0.0 0.0 0.0 0.0 0.0 0.0 342.0 
159.0 0.0 0.0 0.0 0.0 0.0 0.0 0.0 0.0 0.0 249.0 0.0 0.0 0.0 0.0 0.0 0.0 0.0 0.0 0.0 274.0 0.0 0.0 0.0 
0.0 0.0 0.0 0.0 0.0 75.0 0.0 0.0 0.0 0.0 0.0 0.0 0.0 0.0 0.0 89.0 0.0 0.0 0.0 0.0 0.0 0.0 0.0 191.0 
0.0 177.0 109.0 0.0 28.0 0.0 0.0 0.0 0.0 0.0 0.0 0.0 0.0 0.0 0.0 0.0 0.0 0.0 0.0 0.0 203.0 0.0 0.0 0.0 
267.0 0.0 0.0 0.0 0.0 0.0 0.0 249.0 0.0 0.0 0.0 0.0 0.0 0.0 0.0 280.0 276.0 0.0 0.0 237.0 0.0 554.0 0.0 0.0 
298.0 539.0 0.0 0.0 0.0 281.0 0.0 0.0 0.0 0.0 0.0 0.0 0.0 0.0 0.0 0.0 0.0 0.0 113.0 0.0 363.0 0.0 0.0 478.0 
0.0 0.0 0.0 0.0 1.0 0.0 0.0 0.0 0.0 0.0 0.0 0.0 0.0 0.0 0.0 0.0 0.0 0.0 0.0 0.0 2.0 0.0 0.0 0.0 
0.0 0.0 0.0 190.0 0.0 0.0 175.0 0.0 0.0 0.0 0.0 0.0 0.0 0.0 0.0 0.0 0.0 33.0 0.0 0.0 0.0 0.0 268.0 0.0 
0.0 0.0 0.0 1.0 0.0 0.0 0.0 0.0 0.0 0.0 0.0 0.0 0.0 0.0 0.0 0.0 0.0 0.0 0.0 0.0 0.0 1.0 0.0 0.0 
152.0 0.0 0.0 0.0 0.0 160.0 0.0 0.0 89.0 0.0 280.0 0.0 0.0 0.0 0.0 0.0 0.0 0.0 0.0 115.0 0.0 0.0 0.0 283.0 
0.0 0.0 0.0 0.0 0.0 0.0 0.0 0.0 0.0 0.0 276.0 0.0 0.0 0.0 0.0 0.0 0.0 0.0 0.0 137.0 0.0 0.0 258.0 0.0 
0.0 0.0 0.0 99.0 0.0 0.0 0.0 0.0 0.0 0.0 0.0 0.0 0.0 33.0 0.0 0.0 0.0 0.0 0.0 0.0 0.0 0.0 157.0 0.0 
41.0 0.0 0.0 0.0 0.0 10.0 0.0 0.0 0.0 0.0 0.0 113.0 0.0 0.0 0.0 0.0 0.0 0.0 0.0 0.0 0.0 0.0 0.0 0.0 
0.0 0.0 0.0 0.0 0.0 0.0 0.0 0.0 0.0 0.0 237.0 0.0 0.0 0.0 0.0 115.0 137.0 0.0 0.0 0.0 0.0 0.0 0.0 262.0 
0.0 0.0 0.0 0.0 195.0 0.0 0.0 274.0 0.0 203.0 0.0 363.0 2.0 0.0 0.0 0.0 0.0 0.0 0.0 0.0 0.0 403.0 0.0 0.0 
0.0 0.0 307.0 310.0 0.0 0.0 0.0 0.0 0.0 0.0 554.0 0.0 0.0 0.0 1.0 0.0 0.0 0.0 0.0 0.0 403.0 0.0 380.0 0.0 
0.0 0.0 0.0 0.0 0.0 0.0 0.0 0.0 0.0 0.0 0.0 0.0 0.0 268.0 0.0 0.0 258.0 157.0 0.0 0.0 0.0 380.0 0.0 473.0 
0.0 0.0 0.0 0.0 0.0 0.0 342.0 0.0 191.0 0.0 0.0 478.0 0.0 0.0 0.0 283.0 0.0 0.0 0.0 262.0 0.0 0.0 473.0 0.0 
