q
1139.0 725.0 1062.0 519.0 185.0 516.0 751.0 53.0 1063.0 2530.0 1610.0 289.0 405.0 611.0 949.0 1083.0 1047.0 1207.0 540.0 6.0 2323.0 1774.0 2163.0 2360.0 
l
0.0 0.0 0.0 0.0 0.0 0.0 0.0 0.0 166.0 0.0 238.0 0.0 0.0 207.0 127.0 0.0 0.0 0.0 0.0 3.0 0.0 0.0 350.0 0.0 
0.0 0.0 0.0 0.0 18.0 0.0 172.0 0.0 205.0 0.0 0.0 0.0 0.0 0.0 0.0 0.0 0.0 0.0 0.0 0.0 0.0 290.0 0.0 0.0 
0.0 0.0 0.0 103.0 0.0 0.0 0.0 0.0 0.0 0.0 0.0 62.0 101.0 0.0 0.0 0.0 206.0 176.0 0.0 0.0 0.0 0.0 0.0 361.0 
0.0 0.0 103.0 0.0 0.0 0.0 0.0 0.0 0.0 252.0 0.0 0.0 22.0 0.0 0.0 0.0 0.0 109.0 0.0 0.0 0.0 0.0 0.0 0.0 
0.0 18.0 0.0 0.0 0.0 0.0 0.0 0.0 64.0 0.0 0.0 0.0 0.0 0.0 0.0 0.0 0.0 0.0 0.0 0.0 0.0 89.0 0.0 0.0 
0.0 0.0 0.0 0.0 0.0 0.0 0.0 0.0 0.0 265.0 0.0 0.0 0.0 0.0 0.0 139.0 0.0 91.0 0.0 0.0 0.0 0.0 0.0 0.0 
0.0 172.0 0.0 0.0 0.0 0.0 0.0 12.0 0.0 0.0 197.0 0.0 0.0 0.0 0.0 0.0 0.0 0.0 62.0 0.0 272.0 0.0 0.0 0.0 
0.0 0.0 0.0 0.0 0.0 0.0 12.0 0.0 0.0 0.0 0.0 0.0 0.0 0.0 0.0 0.0 0.0 0.0 2.0 0.0 39.0 0.0 0.0 0.0 
166.0 205.0 0.0 0.0 64.0 0.0 0.0 0.0 0.0 0.0 234.0 0.0 0.0 0.0 0.0 0.0 0.0 0.0 0.0 2.0 0.0 0.0 341.0 0.0 
0.0 0.0 0.0 252.0 0.0 265.0 0.0 0.0 0.0 0.0 0.0 0.0 226.0 0.0 0.0 0.0 0.0 322.0 0.0 0.0 802.0 0.0 0.0 523.0 
238.0 0.0 0.0 0.0 0.0 0.0 197.0 0.0 234.0 0.0 0.0 0.0 0.0 0.0 318.0 0.0 0.0 0.0 175.0 0.0 373.0 0.0 0.0 0.0 
0.0 0.0 62.0 0.0 0.0 0.0 0.0 0.0 0.0 0.0 0.0 0.0 37.0 0.0 0.0 0.0 0.0 0.0 0.0 0.0 0.0 0.0 0.0 172.0 
0.0 0.0 101.0 22.0 0.0 0.0 0.0 0.0 0.0 226.0 0.0 37.0 0.0 0.0 0.0 0.0 0.0 0.0 0.0 0.0 0.0 0.0 0.0 0.0 
207.0 0.0 0.0 0.0 0.0 0.0 0.0 0.0 0.0 0.0 0.0 0.0 0.0 0.0 76.0 0.0 0.0 0.0 0.0 0.0 0.0 0.0 0.0 290.0 
127.0 0.0 0.0 0.0 0.0 0.0 0.0 0.0 0.0 0.0 318.0 0.0 0.0 76.0 0.0 0.0 0.0 0.0 0.0 0.0 0.0 0.0 0.0 371.0 
0.0 0.0 0.0 0.0 0.0 139.0 0.0 0.0 0.0 0.0 0.0 0.0 0.0 0.0 0.0 0.0 156.0 261.0 0.0 0.0 0.0 475.0 0.0 0.0 
0.0 0.0 206.0 0.0 0.0 0.0 0.0 0.0 0.0 0.0 0.0 0.0 0.0 0.0 0.0 156.0 0.0 196.0 0.0 0.0 0.0 0.0 428.0 0.0 
0.0 0.0 176.0 109.0 0.0 91.0 0.0 0.0 0.0 322.0 0.0 0.0 0.0 0.0 0.0 261.0 196.0 0.0 0.0 0.0 0.0 0.0 0.0 0.0 
0.0 0.0 0.0 0.0 0.0 0.0 62.0 2.0 0.0 0.0 175.0 0.0 0.0 0.0 0.0 0.0 0.0 0.0 0.0 0.0 273.0 0.0 0.0 0.0 
3.0 0.0 0.0 0.0 0.0 0.0 0.0 0.0 2.0 0.0 0.0 0.0 0.0 0.0 0.0 0.0 0.0 0.0 0.0 0.0 0.0 0.0 1.0 0.0 
0.0 0.0 0.0 0.0 0.0 0.0 272.0 39.0 0.0 802.0 373.0 0.0 0.0 0.0 0.0 0.0 0.0 0.0 273.0 0.0 0.0 437.0 0.0 0.0 
0.0 290.0 0.0 0.0 89.0 0.0 0.0 0.0 0.0 0.0 0.0 0.0 0.0 0.0 0.0 475.0 0.0 0.0 0.0 0.0 437.0 0.0 397.0 0.0 
350.0 0.0 0.0 0.0 0.0 0.0 0.0 0.0 341.0 0.0 0.0 0.0 0.0 0.0 0.0 0.0 428.0 0.0 0.0 1.0 0.0 397.0 0.0 511.0 
0.0 0.0 361.0 0.0 0.0 0.0 0.0 0.0 0.0 523.0 0.0 172.0 0.0 290.0 371.0 0.0 0.0 0.0 0.0 0.0 0.0 0.0 511.0 0.0 
