q
537.0 1602.0 111.0 943.0 776.0 483.0 10.0 1726.0 648.0 967.0 815.0 561.0 1238.0 767.0 477.0 1087.0 437.0 2349.0 594.0 31.0 2678.0 2321.0 1506.0 1524.0 
l
0.0 187.0 0.0 0.0 0.0 0.0 0.0 0.0 0.0 0.0 74.0 0.0 0.0 0.0 0.0 0.0 62.0 0.0 0.0 0.0 0.0 0.0 189.0 0.0 
187.0 0.0 0.0 0.0 0.0 0.0 0.0 425.0 0.0 0.0 142.0 0.0 228.0 0.0 0.0 0.0 134.0 0.0 0.0 0.0 0.0 400.0 0.0 0.0 
0.0 0.0 0.0 0.0 0.0 0.0 4.0 0.0 0.0 0.0 0.0 0.0 0.0 0.0 20.0 23.0 0.0 0.0 0.0 0.0 0.0 0.0 0.0 60.0 
0.0 0.0 0.0 0.0 0.0 59.0 0.0 0.0 0.0 145.0 0.0 0.0 0.0 0.0 109.0 194.0 0.0 0.0 0.0 0.0 0.0 391.0 0.0 0.0 
0.0 0.0 0.0 0.0 0.0 0.0 0.0 229.0 129.0 0.0 0.0 86.0 0.0 60.0 0.0 0.0 0.0 243.0 0.0 0.0 0.0 0.0 0.0 0.0 
0.0 0.0 0.0 59.0 0.0 0.0 0.0 0.0 0.0 134.0 0.0 0.0 0.0 0.0 0.0 0.0 0.0 0.0 0.0 0.0 0.0 254.0 0.0 0.0 
0.0 0.0 4.0 0.0 0.0 0.0 0.0 0.0 0.0 0.0 0.0 0.0 0.0 0.0 1.0 0.0 0.0 0.0 0.0 0.0 0.0 0.0 4.0 0.0 
0.0 425.0 0.0 0.0 229.0 0.0 0.0 0.0 189.0 0.0 0.0 0.0 182.0 222.0 0.0 0.0 0.0 0.0 0.0 0.0 399.0 0.0 0.0 0.0 
0.0 0.0 0.0 0.0 129.0 0.0 0.0 189.0 0.0 0.0 0.0 0.0 0.0 0.0 0.0 0.0 0.0 0.0 0.0 0.0 299.0 0.0 0.0 0.0 
0.0 0.0 0.0 145.0 0.0 134.0 0.0 0.0 0.0 0.0 0.0 0.0 0.0 0.0 0.0 172.0 0.0 0.0 54.0 0.0 420.0 0.0 0.0 0.0 
74.0 142.0 0.0 0.0 0.0 0.0 0.0 0.0 0.0 0.0 0.0 0.0 284.0 0.0 0.0 0.0 0.0 0.0 0.0 0.0 0.0 0.0 276.0 0.0 
0.0 0.0 0.0 0.0 86.0 0.0 0.0 0.0 0.0 0.0 0.0 0.0 0.0 97.0 0.0 0.0 0.0 339.0 0.0 0.0 0.0 0.0 0.0 0.0 
0.0 228.0 0.0 0.0 0.0 0.0 0.0 182.0 0.0 0.0 284.0 0.0 0.0 156.0 0.0 0.0 0.0 332.0 0.0 0.0 0.0 0.0 0.0 0.0 
0.0 0.0 0.0 0.0 60.0 0.0 0.0 222.0 0.0 0.0 0.0 97.0 156.0 0.0 0.0 0.0 0.0 205.0 0.0 0.0 0.0 0.0 0.0 0.0 
0.0 0.0 20.0 109.0 0.0 0.0 1.0 0.0 0.0 0.0 0.0 0.0 0.0 0.0 0.0 126.0 0.0 0.0 0.0 0.0 0.0 0.0 198.0 0.0 
0.0 0.0 23.0 194.0 0.0 0.0 0.0 0.0 0.0 172.0 0.0 0.0 0.0 0.0 126.0 0.0 0.0 0.0 150.0 0.0 0.0 0.0 0.0 369.0 
62.0 134.0 0.0 0.0 0.0 0.0 0.0 0.0 0.0 0.0 0.0 0.0 0.0 0.0 0.0 0.0 0.0 0.0 0.0 0.0 0.0 221.0 0.0 0.0 
0.0 0.0 0.0 0.0 243.0 0.0 0.0 0.0 0.0 0.0 0.0 339.0 332.0 205.0 0.0 0.0 0.0 0.0 0.0 0.0 525.0 0.0 0.0 606.0 
0.0 0.0 0.0 0.0 0.0 0.0 0.0 0.0 0.0 54.0 0.0 0.0 0.0 0.0 0.0 150.0 0.0 0.0 0.0 12.0 354.0 0.0 0.0 0.0 
0.0 0.0 0.0 0.0 0.0 0.0 0.0 0.0 0.0 0.0 0.0 0.0 0.0 0.0 0.0 0.0 0.0 0.0 12.0 0.0 0.0 0.0 0.0 18.0 
0.0 0.0 0.0 0.0 0.0 0.0 0.0 399.0 299.0 420.0 0.0 0.0 0.0 0.0 0.0 0.0 0.0 525.0 354.0 0.0 0.0 550.0 0.0 0.0 
0.0 400.0 0.0 391.0 0.0 254.0 0.0 0.0 0.0 0.0 0.0 0.0 0.0 0.0 0.0 0.0 221.0 0.0 0.0 0.0 550.0 0.0 377.0 0.0 
189.0 0.0 0.0 0.0 0.0 0.0 4.0 0.0 0.0 0.0 276.0 0.0 0.0 0.0 198.0 0.0 0.0 0.0 0.0 0.0 0.0 377.0 0.0 406.0 
0.0 0.0 60.0 0.0 0.0 0.0 0.0 0.0 0.0 0.0 0.0 0.0 0.0 0.0 0.0 369.0 0.0 606.0 0.0 18.0 0.0 0.0 406.0 0.0 
