q
595.0 955.0 609.0 563.0 933.0 103.0 46.0 2694.0 892.0 1231.0 667.0 1813.0 781.0 20.0 842.0 1132.0 962.0 640.0 39.0 1768.0 2408.0 1854.0 1641.0 2134.0 
l
0.0 0.0 0.0 0.0 0.0 0.0 0.0 0.0 0.0 0.0 0.0 0.0 92.0 0.0 0.0 0.0 0.0 0.0 0.0 238.0 0.0 0.0 0.0 236.0 
0.0 0.0 0.0 0.0 246.0 0.0 0.0 499.0 0.0 0.0 0.0 0.0 0.0 0.0 146.0 0.0 0.0 0.0 0.0 0.0 0.0 0.0 0.0 0.0 
0.0 0.0 0.0 0.0 0.0 0.0 3.0 0.0 0.0 208.0 0.0 0.0 114.0 9.0 0.0 0.0 0.0 0.0 0.0 0.0 0.0 0.0 234.0 0.0 
0.0 0.0 0.0 0.0 0.0 0.0 0.0 0.0 0.0 0.0 0.0 232.0 0.0 0.0 0.0 0.0 92.0 0.0 9.0 0.0 0.0 195.0 0.0 0.0 
0.0 246.0 0.0 0.0 0.0 0.0 0.0 0.0 0.0 0.0 0.0 0.0 0.0 0.0 203.0 0.0 0.0 0.0 0.0 0.0 0.0 0.0 422.0 0.0 
0.0 0.0 0.0 0.0 0.0 0.0 0.0 0.0 0.0 25.0 0.0 0.0 0.0 0.0 0.0 0.0 32.0 0.0 0.0 0.0 0.0 40.0 0.0 0.0 
0.0 0.0 3.0 0.0 0.0 0.0 0.0 0.0 0.0 0.0 0.0 0.0 14.0 0.0 0.0 0.0 0.0 0.0 0.0 0.0 0.0 0.0 28.0 0.0 
0.0 499.0 0.0 0.0 0.0 0.0 0.0 0.0 277.0 0.0 0.0 0.0 0.0 0.0 0.0 294.0 0.0 358.0 0.0 0.0 428.0 0.0 0.0 708.0 
0.0 0.0 0.0 0.0 0.0 0.0 0.0 277.0 0.0 0.0 0.0 161.0 0.0 0.0 0.0 129.0 0.0 0.0 0.0 282.0 0.0 0.0 0.0 0.0 
0.0 0.0 208.0 0.0 0.0 25.0 0.0 0.0 0.0 0.0 0.0 0.0 182.0 0.0 0.0 0.0 146.0 0.0 0.0 298.0 0.0 309.0 0.0 0.0 
0.0 0.0 0.0 0.0 0.0 0.0 0.0 0.0 0.0 0.0 0.0 0.0 0.0 0.0 0.0 180.0 0.0 85.0 0.0 0.0 362.0 0.0 0.0 0.0 
0.0 0.0 0.0 232.0 0.0 0.0 0.0 0.0 161.0 0.0 0.0 0.0 0.0 0.0 0.0 318.0 236.0 0.0 0.0 346.0 422.0 0.0 0.0 0.0 
92.0 0.0 114.0 0.0 0.0 0.0 14.0 0.0 0.0 182.0 0.0 0.0 0.0 0.0 0.0 0.0 0.0 0.0 0.0 0.0 0.0 0.0 0.0 334.0 
0.0 0.0 9.0 0.0 0.0 0.0 0.0 0.0 0.0 0.0 0.0 0.0 0.0 0.0 0.0 0.0 0.0 0.0 0.0 0.0 0.0 0.0 9.0 0.0 
0.0 146.0 0.0 0.0 203.0 0.0 0.0 0.0 0.0 0.0 0.0 0.0 0.0 0.0 0.0 0.0 0.0 0.0 0.0 0.0 438.0 0.0 0.0 0.0 
0.0 0.0 0.0 0.0 0.0 0.0 0.0 294.0 129.0 0.0 180.0 318.0 0.0 0.0 0.0 0.0 0.0 159.0 0.0 0.0 0.0 0.0 0.0 0.0 
0.0 0.0 0.0 92.0 0.0 32.0 0.0 0.0 0.0 146.0 0.0 236.0 0.0 0.0 0.0 0.0 0.0 0.0 0.0 196.0 0.0 198.0 0.0 0.0 
0.0 0.0 0.0 0.0 0.0 0.0 0.0 358.0 0.0 0.0 85.0 0.0 0.0 0.0 0.0 159.0 0.0 0.0 0.0 0.0 0.0 0.0 0.0 0.0 
0.0 0.0 0.0 9.0 0.0 0.0 0.0 0.0 0.0 0.0 0.0 0.0 0.0 0.0 0.0 0.0 0.0 0.0 0.0 0.0 29.0 0.0 0.0 0.0 
238.0 0.0 0.0 0.0 0.0 0.0 0.0 0.0 282.0 298.0 0.0 346.0 0.0 0.0 0.0 0.0 196.0 0.0 0.0 0.0 0.0 0.0 0.0 326.0 
0.0 0.0 0.0 0.0 0.0 0.0 0.0 428.0 0.0 0.0 362.0 422.0 0.0 0.0 438.0 0.0 0.0 0.0 29.0 0.0 0.0 587.0 0.0 0.0 
0.0 0.0 0.0 195.0 0.0 40.0 0.0 0.0 0.0 309.0 0.0 0.0 0.0 0.0 0.0 0.0 198.0 0.0 0.0 0.0 587.0 0.0 425.0 0.0 
0.0 0.0 234.0 0.0 422.0 0.0 28.0 0.0 0.0 0.0 0.0 0.0 0.0 9.0 0.0 0.0 0.0 0.0 0.0 0.0 0.0 425.0 0.0 429.0 
236.0 0.0 0.0 0.0 0.0 0.0 0.0 708.0 0.0 0.0 0.0 0.0 334.0 0.0 0.0 0.0 0.0 0.0 0.0 326.0 0.0 0.0 429.0 0.0 
