q
671.0 331.0 509.0 1431.0 1029.0 1096.0 50.0 585.0 887.0 1153.0 392.0 629.0 1300.0 299.0 1289.0 637.0 404.0 1.0 1242.0 2746.0 1992.0 2639.0 1407.0 2749.0 
l
0.0 0.0 0.0 0.0 0.0 0.0 0.0 0.0 0.0 136.0 0.0 0.0 143.0 0.0 0.0 50.0 0.0 0.0 0.0 0.0 0.0 308.0 0.0 0.0 
0.0 0.0 0.0 0.0 0.0 0.0 0.0 0.0 95.0 0.0 0.0 0.0 0.0 53.0 0.0 0.0 0.0 0.0 0.0 0.0 165.0 0.0 0.0 0.0 
0.0 0.0 0.0 0.0 0.0 0.0 0.0 36.0 0.0 0.0 0.0 0.0 0.0 0.0 0.0 0.0 0.0 0.0 134.0 321.0 0.0 0.0 0.0 0.0 
0.0 0.0 0.0 0.0 184.0 0.0 0.0 0.0 170.0 344.0 0.0 0.0 220.0 0.0 0.0 0.0 0.0 0.0 0.0 0.0 0.0 0.0 0.0 443.0 
0.0 0.0 0.0 184.0 0.0 0.0 0.0 0.0 197.0 0.0 0.0 0.0 203.0 0.0 0.0 0.0 61.0 0.0 0.0 0.0 333.0 0.0 0.0 0.0 
0.0 0.0 0.0 0.0 0.0 0.0 0.0 0.0 0.0 0.0 0.0 168.0 0.0 0.0 240.0 0.0 0.0 0.0 186.0 0.0 0.0 0.0 0.0 454.0 
0.0 0.0 0.0 0.0 0.0 0.0 0.0 0.0 0.0 0.0 1.0 0.0 0.0 0.0 0.0 8.0 0.0 0.0 0.0 0.0 0.0 0.0 37.0 0.0 
0.0 0.0 36.0 0.0 0.0 0.0 0.0 0.0 0.0 0.0 0.0 53.0 0.0 0.0 0.0 0.0 0.0 0.0 126.0 338.0 0.0 0.0 0.0 0.0 
0.0 95.0 0.0 170.0 197.0 0.0 0.0 0.0 0.0 0.0 0.0 0.0 0.0 63.0 0.0 0.0 0.0 0.0 0.0 0.0 0.0 0.0 0.0 318.0 
136.0 0.0 0.0 344.0 0.0 0.0 0.0 0.0 0.0 0.0 103.0 0.0 171.0 0.0 0.0 150.0 0.0 0.0 0.0 0.0 0.0 0.0 196.0 0.0 
0.0 0.0 0.0 0.0 0.0 0.0 1.0 0.0 0.0 103.0 0.0 0.0 0.0 0.0 0.0 67.0 0.0 0.0 0.0 0.0 0.0 0.0 205.0 0.0 
0.0 0.0 0.0 0.0 0.0 168.0 0.0 53.0 0.0 0.0 0.0 0.0 0.0 0.0 0.0 0.0 0.0 0.0 90.0 292.0 0.0 0.0 0.0 0.0 
143.0 0.0 0.0 220.0 203.0 0.0 0.0 0.0 0.0 171.0 0.0 0.0 0.0 0.0 0.0 0.0 146.0 0.0 0.0 0.0 0.0 349.0 0.0 0.0 
0.0 53.0 0.0 0.0 0.0 0.0 0.0 0.0 63.0 0.0 0.0 0.0 0.0 0.0 0.0 0.0 0.0 0.0 0.0 0.0 0.0 0.0 0.0 169.0 
0.0 0.0 0.0 0.0 0.0 240.0 0.0 0.0 0.0 0.0 0.0 0.0 0.0 0.0 0.0 0.0 0.0 0.0 371.0 0.0 0.0 611.0 0.0 0.0 
50.0 0.0 0.0 0.0 0.0 0.0 8.0 0.0 0.0 150.0 67.0 0.0 0.0 0.0 0.0 0.0 0.0 0.0 0.0 0.0 0.0 330.0 0.0 0.0 
0.0 0.0 0.0 0.0 61.0 0.0 0.0 0.0 0.0 0.0 0.0 0.0 146.0 0.0 0.0 0.0 0.0 0.0 0.0 0.0 171.0 0.0 0.0 0.0 
0.0 0.0 0.0 0.0 0.0 0.0 0.0 0.0 0.0 0.0 0.0 0.0 0.0 0.0 0.0 0.0 0.0 0.0 0.0 0.0 1.0 0.0 0.0 0.0 
0.0 0.0 134.0 0.0 0.0 186.0 0.0 126.0 0.0 0.0 0.0 90.0 0.0 0.0 371.0 0.0 0.0 0.0 0.0 292.0 0.0 0.0 0.0 0.0 
0.0 0.0 321.0 0.0 0.0 0.0 0.0 338.0 0.0 0.0 0.0 292.0 0.0 0.0 0.0 0.0 0.0 0.0 292.0 0.0 677.0 0.0 0.0 693.0 
0.0 165.0 0.0 0.0 333.0 0.0 0.0 0.0 0.0 0.0 0.0 0.0 0.0 0.0 0.0 0.0 171.0 1.0 0.0 677.0 0.0 540.0 0.0 0.0 
308.0 0.0 0.0 0.0 0.0 0.0 0.0 0.0 0.0 0.0 0.0 0.0 349.0 0.0 611.0 330.0 0.0 0.0 0.0 0.0 540.0 0.0 351.0 0.0 
0.0 0.0 0.0 0.0 0.0 0.0 37.0 0.0 0.0 196.0 205.0 0.0 0.0 0.0 0.0 0.0 0.0 0.0 0.0 0.0 0.0 351.0 0.0 535.0 
0.0 0.0 0.0 443.0 0.0 454.0 0.0 0.0 318.0 0.0 0.0 0.0 0.0 169.0 0.0 0.0 0.0 0.0 0.0 693.0 0.0 0.0 535.0 0.0 
