q
839.0 46.0 2450.0 862.0 1960.0 1468.0 871.0 639.0 61.0 1190.0 881.0 217.0 603.0 692.0 4.0 418.0 706.0 1463.0 679.0 594.0 2747.0 2035.0 2578.0 1597.0 
l
0.0 0.0 291.0 0.0 0.0 0.0 0.0 0.0 0.0 176.0 0.0 72.0 60.0 0.0 3.0 0.0 0.0 0.0 0.0 0.0 0.0 0.0 0.0 195.0 
0.0 0.0 0.0 0.0 0.0 0.0 0.0 9.0 0.0 0.0 0.0 0.0 0.0 0.0 0.0 0.0 0.0 0.0 4.0 0.0 0.0 30.0 0.0 0.0 
291.0 0.0 0.0 0.0 0.0 427.0 276.0 0.0 0.0 373.0 0.0 0.0 308.0 0.0 0.0 0.0 0.0 0.0 0.0 0.0 0.0 0.0 652.0 0.0 
0.0 0.0 0.0 0.0 0.0 0.0 0.0 0.0 0.0 0.0 0.0 0.0 0.0 0.0 0.0 0.0 147.0 236.0 0.0 38.0 392.0 0.0 0.0 0.0 
0.0 0.0 0.0 0.0 0.0 0.0 0.0 0.0 35.0 232.0 253.0 0.0 0.0 0.0 0.0 224.0 0.0 0.0 0.0 0.0 673.0 0.0 0.0 453.0 
0.0 0.0 427.0 0.0 0.0 0.0 206.0 0.0 0.0 0.0 236.0 0.0 0.0 177.0 0.0 0.0 0.0 0.0 0.0 0.0 351.0 0.0 0.0 0.0 
0.0 0.0 276.0 0.0 0.0 206.0 0.0 0.0 0.0 0.0 0.0 0.0 0.0 0.0 0.0 0.0 0.0 0.0 0.0 0.0 0.0 344.0 0.0 0.0 
0.0 9.0 0.0 0.0 0.0 0.0 0.0 0.0 0.0 0.0 0.0 0.0 0.0 0.0 0.0 0.0 0.0 129.0 113.0 0.0 0.0 0.0 354.0 0.0 
0.0 0.0 0.0 0.0 35.0 0.0 0.0 0.0 0.0 19.0 0.0 0.0 0.0 0.0 0.0 3.0 0.0 0.0 0.0 0.0 0.0 0.0 0.0 0.0 
176.0 0.0 373.0 0.0 232.0 0.0 0.0 0.0 19.0 0.0 199.0 0.0 0.0 0.0 0.0 137.0 0.0 0.0 0.0 0.0 0.0 0.0 0.0 0.0 
0.0 0.0 0.0 0.0 253.0 236.0 0.0 0.0 0.0 199.0 0.0 0.0 0.0 154.0 0.0 0.0 0.0 0.0 0.0 0.0 0.0 0.0 0.0 0.0 
72.0 0.0 0.0 0.0 0.0 0.0 0.0 0.0 0.0 0.0 0.0 0.0 0.0 0.0 0.0 34.0 0.0 0.0 0.0 0.0 0.0 0.0 0.0 101.0 
60.0 0.0 308.0 0.0 0.0 0.0 0.0 0.0 0.0 0.0 0.0 0.0 0.0 0.0 0.0 0.0 0.0 0.0 0.0 0.0 0.0 0.0 0.0 203.0 
0.0 0.0 0.0 0.0 0.0 177.0 0.0 0.0 0.0 0.0 154.0 0.0 0.0 0.0 0.0 0.0 0.0 0.0 0.0 0.0 329.0 0.0 0.0 0.0 
3.0 0.0 0.0 0.0 0.0 0.0 0.0 0.0 0.0 0.0 0.0 0.0 0.0 0.0 0.0 0.0 0.0 0.0 0.0 0.0 0.0 0.0 0.0 1.0 
0.0 0.0 0.0 0.0 224.0 0.0 0.0 0.0 3.0 137.0 0.0 34.0 0.0 0.0 0.0 0.0 0.0 0.0 0.0 0.0 0.0 0.0 0.0 0.0 
0.0 0.0 0.0 147.0 0.0 0.0 0.0 0.0 0.0 0.0 0.0 0.0 0.0 0.0 0.0 0.0 0.0 150.0 59.0 0.0 0.0 308.0 0.0 0.0 
0.0 0.0 0.0 236.0 0.0 0.0 0.0 129.0 0.0 0.0 0.0 0.0 0.0 0.0 0.0 0.0 150.0 0.0 155.0 214.0 0.0 0.0 499.0 0.0 
0.0 4.0 0.0 0.0 0.0 0.0 0.0 113.0 0.0 0.0 0.0 0.0 0.0 0.0 0.0 0.0 59.0 155.0 0.0 0.0 0.0 307.0 0.0 0.0 
0.0 0.0 0.0 38.0 0.0 0.0 0.0 0.0 0.0 0.0 0.0 0.0 0.0 0.0 0.0 0.0 0.0 214.0 0.0 0.0 306.0 0.0 0.0 0.0 
0.0 0.0 0.0 392.0 673.0 351.0 0.0 0.0 0.0 0.0 0.0 0.0 0.0 329.0 0.0 0.0 0.0 0.0 0.0 306.0 0.0 558.0 0.0 0.0 
0.0 30.0 0.0 0.0 0.0 0.0 344.0 0.0 0.0 0.0 0.0 0.0 0.0 0.0 0.0 0.0 308.0 0.0 307.0 0.0 558.0 0.0 384.0 0.0 
0.0 0.0 652.0 0.0 0.0 0.0 0.0 354.0 0.0 0.0 0.0 0.0 0.0 0.0 0.0 0.0 0.0 499.0 0.0 0.0 0.0 384.0 0.0 557.0 
195.0 0.0 0.0 0.0 453.0 0.0 0.0 0.0 0.0 0.0 0.0 101.0 203.0 0.0 1.0 0.0 0.0 0.0 0.0 0.0 0.0 0.0 557.0 0.0 
