q
13.0 951.0 1977.0 7.0 689.0 5.0 729.0 2482.0 758.0 825.0 821.0 1839.0 1118.0 623.0 702.0 1.0 1093.0 840.0 817.0 597.0 2340.0 1104.0 2451.0 2530.0 
l
0.0 0.0 0.0 0.0 0.0 0.0 0.0 0.0 1.0 5.0 0.0 0.0 0.0 0.0 0.0 0.0 0.0 0.0 0.0 0.0 0.0 7.0 0.0 0.0 
0.0 0.0 0.0 0.0 0.0 0.0 0.0 250.0 0.0 0.0 148.0 286.0 118.0 0.0 0.0 0.0 0.0 0.0 101.0 0.0 0.0 0.0 0.0 0.0 
0.0 0.0 0.0 0.0 0.0 0.0 208.0 0.0 240.0 246.0 0.0 0.0 0.0 226.0 267.0 0.0 0.0 0.0 0.0 0.0 0.0 0.0 0.0 678.0 
0.0 0.0 0.0 0.0 0.0 0.0 0.0 0.0 0.0 1.0 0.0 0.0 0.0 0.0 2.0 0.0 0.0 0.0 0.0 0.0 4.0 0.0 0.0 0.0 
0.0 0.0 0.0 0.0 0.0 0.0 0.0 0.0 0.0 0.0 0.0 184.0 0.0 0.0 0.0 0.0 173.0 0.0 0.0 0.0 0.0 0.0 293.0 0.0 
0.0 0.0 0.0 0.0 0.0 0.0 3.0 0.0 0.0 0.0 0.0 0.0 0.0 0.0 0.0 0.0 0.0 0.0 0.0 0.0 0.0 2.0 0.0 0.0 
0.0 0.0 208.0 0.0 0.0 3.0 0.0 0.0 113.0 0.0 0.0 0.0 0.0 46.0 0.0 0.0 0.0 0.0 0.0 0.0 0.0 0.0 316.0 0.0 
0.0 250.0 0.0 0.0 0.0 0.0 0.0 0.0 0.0 0.0 271.0 0.0 0.0 0.0 0.0 0.0 0.0 0.0 310.0 359.0 667.0 0.0 0.0 492.0 
1.0 0.0 240.0 0.0 0.0 0.0 113.0 0.0 0.0 127.0 0.0 0.0 0.0 0.0 0.0 0.0 0.0 0.0 0.0 0.0 0.0 233.0 0.0 0.0 
5.0 0.0 246.0 1.0 0.0 0.0 0.0 0.0 127.0 0.0 0.0 0.0 0.0 0.0 47.0 0.0 0.0 0.0 0.0 0.0 365.0 0.0 0.0 0.0 
0.0 148.0 0.0 0.0 0.0 0.0 0.0 271.0 0.0 0.0 0.0 0.0 166.0 0.0 0.0 0.0 0.0 118.0 0.0 78.0 0.0 0.0 0.0 0.0 
0.0 286.0 0.0 0.0 184.0 0.0 0.0 0.0 0.0 0.0 0.0 0.0 308.0 0.0 0.0 0.0 274.0 0.0 204.0 0.0 0.0 0.0 498.0 0.0 
0.0 118.0 0.0 0.0 0.0 0.0 0.0 0.0 0.0 0.0 166.0 308.0 0.0 0.0 0.0 0.0 0.0 148.0 0.0 0.0 0.0 0.0 0.0 327.0 
0.0 0.0 226.0 0.0 0.0 0.0 46.0 0.0 0.0 0.0 0.0 0.0 0.0 0.0 0.0 0.0 0.0 0.0 0.0 0.0 0.0 0.0 318.0 0.0 
0.0 0.0 267.0 2.0 0.0 0.0 0.0 0.0 0.0 47.0 0.0 0.0 0.0 0.0 0.0 0.0 0.0 0.0 0.0 0.0 346.0 0.0 0.0 0.0 
0.0 0.0 0.0 0.0 0.0 0.0 0.0 0.0 0.0 0.0 0.0 0.0 0.0 0.0 0.0 0.0 0.0 0.0 0.0 0.0 0.0 1.0 0.0 0.0 
0.0 0.0 0.0 0.0 173.0 0.0 0.0 0.0 0.0 0.0 0.0 274.0 0.0 0.0 0.0 0.0 0.0 0.0 153.0 0.0 430.0 0.0 0.0 0.0 
0.0 0.0 0.0 0.0 0.0 0.0 0.0 0.0 0.0 0.0 118.0 0.0 148.0 0.0 0.0 0.0 0.0 0.0 0.0 124.0 0.0 0.0 0.0 404.0 
0.0 101.0 0.0 0.0 0.0 0.0 0.0 310.0 0.0 0.0 0.0 204.0 0.0 0.0 0.0 0.0 153.0 0.0 0.0 0.0 0.0 0.0 0.0 0.0 
0.0 0.0 0.0 0.0 0.0 0.0 0.0 359.0 0.0 0.0 78.0 0.0 0.0 0.0 0.0 0.0 0.0 124.0 0.0 0.0 0.0 0.0 0.0 0.0 
0.0 0.0 0.0 4.0 0.0 0.0 0.0 667.0 0.0 365.0 0.0 0.0 0.0 0.0 346.0 0.0 430.0 0.0 0.0 0.0 0.0 409.0 0.0 0.0 
7.0 0.0 0.0 0.0 0.0 2.0 0.0 0.0 233.0 0.0 0.0 0.0 0.0 0.0 0.0 1.0 0.0 0.0 0.0 0.0 409.0 0.0 405.0 0.0 
0.0 0.0 0.0 0.0 293.0 0.0 316.0 0.0 0.0 0.0 0.0 498.0 0.0 318.0 0.0 0.0 0.0 0.0 0.0 0.0 0.0 405.0 0.0 505.0 
0.0 0.0 678.0 0.0 0.0 0.0 0.0 492.0 0.0 0.0 0.0 0.0 327.0 0.0 0.0 0.0 0.0 404.0 0.0 0.0 0.0 0.0 505.0 0.0 
