q
1220.0 985.0 500.0 1424.0 597.0 456.0 1519.0 585.0 594.0 907.0 24.0 831.0 517.0 14.0 1693.0 501.0 2489.0 431.0 429.0 1033.0 2142.0 1543.0 2625.0 1357.0 
l
0.0 181.0 0.0 187.0 180.0 0.0 0.0 0.0 0.0 0.0 0.0 0.0 0.0 0.0 0.0 0.0 0.0 0.0 0.0 224.0 0.0 0.0 399.0 0.0 
181.0 0.0 74.0 166.0 0.0 0.0 0.0 0.0 0.0 0.0 0.0 0.0 0.0 0.0 0.0 0.0 0.0 0.0 0.0 188.0 334.0 0.0 0.0 0.0 
0.0 74.0 0.0 142.0 0.0 0.0 0.0 0.0 0.0 0.0 0.0 0.0 42.0 0.0 0.0 0.0 0.0 0.0 0.0 0.0 222.0 0.0 0.0 0.0 
187.0 166.0 142.0 0.0 0.0 176.0 0.0 0.0 0.0 0.0 0.0 0.0 177.0 0.0 0.0 0.0 0.0 0.0 0.0 0.0 0.0 0.0 521.0 0.0 
180.0 0.0 0.0 0.0 0.0 0.0 0.0 0.0 0.0 0.0 0.0 0.0 0.0 0.0 0.0 0.0 0.0 0.0 0.0 133.0 0.0 0.0 0.0 245.0 
0.0 0.0 0.0 176.0 0.0 0.0 0.0 0.0 0.0 0.0 0.0 0.0 55.0 0.0 0.0 0.0 0.0 0.0 0.0 0.0 0.0 200.0 0.0 0.0 
0.0 0.0 0.0 0.0 0.0 0.0 0.0 0.0 214.0 219.0 0.0 0.0 0.0 0.0 313.0 0.0 426.0 153.0 129.0 0.0 0.0 0.0 0.0 0.0 
0.0 0.0 0.0 0.0 0.0 0.0 0.0 0.0 0.0 0.0 1.0 112.0 0.0 0.0 220.0 0.0 0.0 0.0 0.0 0.0 0.0 0.0 0.0 206.0 
0.0 0.0 0.0 0.0 0.0 0.0 214.0 0.0 0.0 0.0 0.0 0.0 0.0 0.0 0.0 0.0 0.0 0.0 66.0 0.0 287.0 0.0 0.0 0.0 
0.0 0.0 0.0 0.0 0.0 0.0 219.0 0.0 0.0 0.0 0.0 0.0 0.0 5.0 191.0 110.0 0.0 0.0 57.0 0.0 0.0 276.0 0.0 0.0 
0.0 0.0 0.0 0.0 0.0 0.0 0.0 1.0 0.0 0.0 0.0 8.0 0.0 0.0 0.0 0.0 0.0 0.0 0.0 0.0 0.0 0.0 0.0 12.0 
0.0 0.0 0.0 0.0 0.0 0.0 0.0 112.0 0.0 0.0 8.0 0.0 0.0 0.0 253.0 0.0 342.0 71.0 0.0 0.0 0.0 0.0 0.0 0.0 
0.0 0.0 42.0 177.0 0.0 55.0 0.0 0.0 0.0 0.0 0.0 0.0 0.0 0.0 0.0 0.0 0.0 0.0 0.0 0.0 215.0 0.0 0.0 0.0 
0.0 0.0 0.0 0.0 0.0 0.0 0.0 0.0 0.0 5.0 0.0 0.0 0.0 0.0 0.0 0.0 0.0 0.0 0.0 0.0 0.0 8.0 0.0 0.0 
0.0 0.0 0.0 0.0 0.0 0.0 313.0 220.0 0.0 191.0 0.0 253.0 0.0 0.0 0.0 117.0 0.0 0.0 0.0 0.0 0.0 0.0 519.0 0.0 
0.0 0.0 0.0 0.0 0.0 0.0 0.0 0.0 0.0 110.0 0.0 0.0 0.0 0.0 117.0 0.0 0.0 0.0 0.0 0.0 0.0 0.0 253.0 0.0 
0.0 0.0 0.0 0.0 0.0 0.0 426.0 0.0 0.0 0.0 0.0 342.0 0.0 0.0 0.0 0.0 0.0 185.0 0.0 432.0 577.0 0.0 0.0 394.0 
0.0 0.0 0.0 0.0 0.0 0.0 153.0 0.0 0.0 0.0 0.0 71.0 0.0 0.0 0.0 0.0 185.0 0.0 0.0 0.0 0.0 0.0 0.0 0.0 
0.0 0.0 0.0 0.0 0.0 0.0 129.0 0.0 66.0 57.0 0.0 0.0 0.0 0.0 0.0 0.0 0.0 0.0 0.0 0.0 0.0 157.0 0.0 0.0 
224.0 188.0 0.0 0.0 133.0 0.0 0.0 0.0 0.0 0.0 0.0 0.0 0.0 0.0 0.0 0.0 432.0 0.0 0.0 0.0 0.0 0.0 0.0 0.0 
0.0 334.0 222.0 0.0 0.0 0.0 0.0 0.0 287.0 0.0 0.0 0.0 215.0 0.0 0.0 0.0 577.0 0.0 0.0 0.0 0.0 407.0 0.0 0.0 
0.0 0.0 0.0 0.0 0.0 200.0 0.0 0.0 0.0 276.0 0.0 0.0 0.0 8.0 0.0 0.0 0.0 0.0 157.0 0.0 407.0 0.0 409.0 0.0 
399.0 0.0 0.0 521.0 0.0 0.0 0.0 0.0 0.0 0.0 0.0 0.0 0.0 0.0 519.0 253.0 0.0 0.0 0.0 0.0 0.0 409.0 0.0 405.0 
0.0 0.0 0.0 0.0 245.0 0.0 0.0 206.0 0.0 0.0 12.0 0.0 0.0 0.0 0.0 0.0 394.0 0.0 0.0 0.0 0.0 0.0 405.0 0.0 
