q
948.0 135.0 88.0 1012.0 1597.0 49.0 458.0 621.0 671.0 1491.0 1099.0 462.0 1202.0 811.0 893.0 1049.0 613.0 1695.0 22.0 776.0 2403.0 2783.0 2339.0 2163.0 
l
0.0 0.0 27.0 0.0 199.0 0.0 0.0 0.0 0.0 0.0 0.0 92.0 217.0 115.0 0.0 0.0 0.0 247.0 0.0 0.0 0.0 0.0 0.0 0.0 
0.0 0.0 0.0 0.0 0.0 0.0 1.0 0.0 0.0 0.0 0.0 0.0 0.0 0.0 0.0 53.0 0.0 0.0 0.0 0.0 75.0 0.0 0.0 0.0 
27.0 0.0 0.0 0.0 52.0 0.0 0.0 0.0 0.0 0.0 0.0 3.0 0.0 0.0 0.0 0.0 0.0 0.0 0.0 0.0 0.0 0.0 0.0 0.0 
0.0 0.0 0.0 0.0 0.0 0.0 0.0 0.0 0.0 131.0 0.0 0.0 212.0 0.0 0.0 0.0 0.0 221.0 0.0 0.0 0.0 394.0 0.0 0.0 
199.0 0.0 52.0 0.0 0.0 0.0 0.0 0.0 0.0 0.0 0.0 220.0 0.0 0.0 0.0 0.0 0.0 0.0 13.0 0.0 586.0 0.0 0.0 430.0 
0.0 0.0 0.0 0.0 0.0 0.0 0.0 11.0 4.0 0.0 0.0 0.0 0.0 0.0 0.0 0.0 0.0 0.0 0.0 0.0 0.0 0.0 34.0 0.0 
0.0 1.0 0.0 0.0 0.0 0.0 0.0 0.0 0.0 0.0 0.0 0.0 0.0 0.0 51.0 138.0 0.0 0.0 0.0 0.0 249.0 0.0 0.0 0.0 
0.0 0.0 0.0 0.0 0.0 11.0 0.0 0.0 89.0 212.0 0.0 0.0 0.0 0.0 0.0 0.0 0.0 0.0 0.0 0.0 0.0 0.0 0.0 274.0 
0.0 0.0 0.0 0.0 0.0 4.0 0.0 89.0 0.0 250.0 0.0 0.0 0.0 0.0 0.0 0.0 0.0 0.0 0.0 0.0 0.0 0.0 295.0 0.0 
0.0 0.0 0.0 131.0 0.0 0.0 0.0 212.0 250.0 0.0 0.0 0.0 0.0 0.0 0.0 0.0 0.0 351.0 0.0 0.0 0.0 485.0 0.0 0.0 
0.0 0.0 0.0 0.0 0.0 0.0 0.0 0.0 0.0 0.0 0.0 0.0 0.0 0.0 268.0 154.0 116.0 0.0 0.0 102.0 0.0 0.0 422.0 0.0 
92.0 0.0 3.0 0.0 220.0 0.0 0.0 0.0 0.0 0.0 0.0 0.0 0.0 121.0 0.0 0.0 0.0 0.0 0.0 0.0 0.0 0.0 0.0 0.0 
217.0 0.0 0.0 212.0 0.0 0.0 0.0 0.0 0.0 0.0 0.0 0.0 0.0 0.0 0.0 0.0 0.0 270.0 0.0 0.0 429.0 0.0 0.0 0.0 
115.0 0.0 0.0 0.0 0.0 0.0 0.0 0.0 0.0 0.0 0.0 121.0 0.0 0.0 0.0 0.0 0.0 209.0 8.0 0.0 0.0 0.0 0.0 315.0 
0.0 0.0 0.0 0.0 0.0 0.0 51.0 0.0 0.0 0.0 268.0 0.0 0.0 0.0 0.0 131.0 0.0 0.0 0.0 0.0 410.0 0.0 0.0 0.0 
0.0 53.0 0.0 0.0 0.0 0.0 138.0 0.0 0.0 0.0 154.0 0.0 0.0 0.0 131.0 0.0 0.0 0.0 0.0 116.0 0.0 400.0 0.0 0.0 
0.0 0.0 0.0 0.0 0.0 0.0 0.0 0.0 0.0 0.0 116.0 0.0 0.0 0.0 0.0 0.0 0.0 0.0 0.0 141.0 0.0 0.0 328.0 0.0 
247.0 0.0 0.0 221.0 0.0 0.0 0.0 0.0 0.0 351.0 0.0 0.0 270.0 209.0 0.0 0.0 0.0 0.0 0.0 0.0 0.0 0.0 0.0 323.0 
0.0 0.0 0.0 0.0 13.0 0.0 0.0 0.0 0.0 0.0 0.0 0.0 0.0 8.0 0.0 0.0 0.0 0.0 0.0 0.0 0.0 0.0 0.0 0.0 
0.0 0.0 0.0 0.0 0.0 0.0 0.0 0.0 0.0 0.0 102.0 0.0 0.0 0.0 0.0 116.0 141.0 0.0 0.0 0.0 0.0 374.0 0.0 0.0 
0.0 75.0 0.0 0.0 586.0 0.0 249.0 0.0 0.0 0.0 0.0 0.0 429.0 0.0 410.0 0.0 0.0 0.0 0.0 0.0 0.0 539.0 0.0 0.0 
0.0 0.0 0.0 394.0 0.0 0.0 0.0 0.0 0.0 485.0 0.0 0.0 0.0 0.0 0.0 400.0 0.0 0.0 0.0 374.0 539.0 0.0 450.0 0.0 
0.0 0.0 0.0 0.0 0.0 34.0 0.0 0.0 295.0 0.0 422.0 0.0 0.0 0.0 0.0 0.0 328.0 0.0 0.0 0.0 0.0 450.0 0.0 704.0 
0.0 0.0 0.0 0.0 430.0 0.0 0.0 274.0 0.0 0.0 0.0 0.0 0.0 315.0 0.0 0.0 0.0 323.0 0.0 0.0 0.0 0.0 704.0 0.0 
