q
732.0 847.0 1.0 338.0 1641.0 1373.0 1204.0 872.0 740.0 288.0 346.0 1152.0 2619.0 1046.0 956.0 490.0 125.0 1160.0 324.0 628.0 2051.0 2611.0 1644.0 1814.0 
l
0.0 104.0 0.0 0.0 0.0 0.0 0.0 0.0 0.0 0.0 0.0 0.0 343.0 0.0 112.0 95.0 37.0 0.0 0.0 0.0 0.0 0.0 0.0 0.0 
104.0 0.0 0.0 0.0 0.0 208.0 0.0 0.0 0.0 0.0 0.0 139.0 247.0 0.0 124.0 0.0 0.0 0.0 0.0 0.0 0.0 0.0 0.0 0.0 
0.0 0.0 0.0 0.0 0.0 0.0 0.0 0.0 0.0 0.0 0.0 0.0 0.0 0.0 0.0 0.0 0.0 0.0 0.0 0.0 0.0 0.0 0.0 1.0 
0.0 0.0 0.0 0.0 0.0 0.0 123.0 0.0 0.0 0.0 0.0 0.0 0.0 50.0 0.0 0.0 0.0 0.0 0.0 0.0 0.0 0.0 154.0 0.0 
0.0 0.0 0.0 0.0 0.0 231.0 0.0 0.0 189.0 0.0 148.0 227.0 0.0 0.0 0.0 0.0 0.0 0.0 0.0 247.0 0.0 515.0 0.0 0.0 
0.0 208.0 0.0 0.0 231.0 0.0 0.0 0.0 0.0 0.0 0.0 175.0 0.0 0.0 290.0 0.0 0.0 0.0 0.0 0.0 0.0 414.0 0.0 0.0 
0.0 0.0 0.0 123.0 0.0 0.0 0.0 0.0 0.0 0.0 0.0 0.0 558.0 242.0 0.0 0.0 0.0 214.0 0.0 0.0 0.0 0.0 0.0 0.0 
0.0 0.0 0.0 0.0 0.0 0.0 0.0 0.0 0.0 67.0 0.0 0.0 0.0 158.0 0.0 0.0 0.0 156.0 31.0 0.0 0.0 417.0 0.0 0.0 
0.0 0.0 0.0 0.0 189.0 0.0 0.0 0.0 0.0 0.0 0.0 195.0 0.0 0.0 0.0 0.0 0.0 0.0 0.0 68.0 0.0 0.0 0.0 245.0 
0.0 0.0 0.0 0.0 0.0 0.0 0.0 67.0 0.0 0.0 0.0 0.0 0.0 55.0 0.0 0.0 0.0 0.0 0.0 0.0 0.0 0.0 148.0 0.0 
0.0 0.0 0.0 0.0 148.0 0.0 0.0 0.0 0.0 0.0 0.0 0.0 0.0 0.0 0.0 0.0 0.0 0.0 0.0 26.0 0.0 0.0 0.0 162.0 
0.0 139.0 0.0 0.0 227.0 175.0 0.0 0.0 195.0 0.0 0.0 0.0 369.0 0.0 0.0 0.0 0.0 0.0 0.0 0.0 0.0 0.0 0.0 0.0 
343.0 247.0 0.0 0.0 0.0 0.0 558.0 0.0 0.0 0.0 0.0 369.0 0.0 0.0 0.0 0.0 0.0 0.0 0.0 0.0 415.0 0.0 0.0 571.0 
0.0 0.0 0.0 50.0 0.0 0.0 242.0 158.0 0.0 55.0 0.0 0.0 0.0 0.0 0.0 0.0 0.0 202.0 0.0 0.0 0.0 0.0 292.0 0.0 
112.0 124.0 0.0 0.0 0.0 290.0 0.0 0.0 0.0 0.0 0.0 0.0 0.0 0.0 0.0 102.0 0.0 0.0 0.0 0.0 284.0 0.0 0.0 0.0 
95.0 0.0 0.0 0.0 0.0 0.0 0.0 0.0 0.0 0.0 0.0 0.0 0.0 0.0 102.0 0.0 0.0 0.0 0.0 0.0 276.0 0.0 0.0 0.0 
37.0 0.0 0.0 0.0 0.0 0.0 0.0 0.0 0.0 0.0 0.0 0.0 0.0 0.0 0.0 0.0 0.0 0.0 0.0 0.0 78.0 0.0 0.0 0.0 
0.0 0.0 0.0 0.0 0.0 0.0 214.0 156.0 0.0 0.0 0.0 0.0 0.0 202.0 0.0 0.0 0.0 0.0 89.0 0.0 425.0 0.0 0.0 0.0 
0.0 0.0 0.0 0.0 0.0 0.0 0.0 31.0 0.0 0.0 0.0 0.0 0.0 0.0 0.0 0.0 0.0 89.0 0.0 0.0 0.0 182.0 0.0 0.0 
0.0 0.0 0.0 0.0 247.0 0.0 0.0 0.0 68.0 0.0 26.0 0.0 0.0 0.0 0.0 0.0 0.0 0.0 0.0 0.0 0.0 0.0 0.0 245.0 
0.0 0.0 0.0 0.0 0.0 0.0 0.0 0.0 0.0 0.0 0.0 0.0 415.0 0.0 284.0 276.0 78.0 425.0 0.0 0.0 0.0 484.0 0.0 0.0 
0.0 0.0 0.0 0.0 515.0 414.0 0.0 417.0 0.0 0.0 0.0 0.0 0.0 0.0 0.0 0.0 0.0 0.0 182.0 0.0 484.0 0.0 466.0 0.0 
0.0 0.0 0.0 154.0 0.0 0.0 0.0 0.0 0.0 148.0 0.0 0.0 0.0 292.0 0.0 0.0 0.0 0.0 0.0 0.0 0.0 466.0 0.0 491.0 
0.0 0.0 1.0 0.0 0.0 0.0 0.0 0.0 245.0 0.0 162.0 0.0 571.0 0.0 0.0 0.0 0.0 0.0 0.0 245.0 0.0 0.0 491.0 0.0 
