q
2329.0 779.0 1539.0 4.0 591.0 780.0 264.0 38.0 1065.0 916.0 546.0 1652.0 1067.0 371.0 1020.0 240.0 512.0 660.0 978.0 1914.0 2195.0 2401.0 1174.0 2021.0 
l
0.0 0.0 0.0 0.0 0.0 0.0 0.0 0.0 268.0 0.0 222.0 0.0 0.0 0.0 284.0 0.0 0.0 0.0 0.0 264.0 610.0 0.0 0.0 577.0 
0.0 0.0 238.0 0.0 0.0 0.0 0.0 0.0 0.0 0.0 0.0 213.0 0.0 0.0 0.0 0.0 49.0 0.0 0.0 0.0 0.0 239.0 0.0 0.0 
0.0 238.0 0.0 0.0 0.0 0.0 0.0 11.0 0.0 314.0 0.0 0.0 0.0 0.0 0.0 0.0 189.0 0.0 0.0 455.0 0.0 0.0 246.0 0.0 
0.0 0.0 0.0 0.0 0.0 0.0 0.0 0.0 0.0 0.0 0.0 0.0 2.0 0.0 0.0 0.0 0.0 0.0 0.0 0.0 0.0 0.0 2.0 0.0 
0.0 0.0 0.0 0.0 0.0 0.0 0.0 0.0 192.0 112.0 0.0 0.0 0.0 0.0 0.0 0.0 0.0 0.0 0.0 0.0 0.0 0.0 0.0 268.0 
0.0 0.0 0.0 0.0 0.0 0.0 0.0 0.0 0.0 0.0 0.0 0.0 211.0 0.0 0.0 0.0 0.0 0.0 125.0 0.0 390.0 0.0 0.0 0.0 
0.0 0.0 0.0 0.0 0.0 0.0 0.0 0.0 0.0 0.0 0.0 0.0 63.0 0.0 0.0 0.0 0.0 0.0 66.0 0.0 0.0 0.0 125.0 0.0 
0.0 0.0 11.0 0.0 0.0 0.0 0.0 0.0 0.0 0.0 0.0 0.0 0.0 0.0 0.0 0.0 6.0 0.0 0.0 0.0 0.0 0.0 18.0 0.0 
268.0 0.0 0.0 0.0 192.0 0.0 0.0 0.0 0.0 179.0 98.0 0.0 0.0 0.0 0.0 0.0 0.0 0.0 0.0 279.0 0.0 0.0 0.0 0.0 
0.0 0.0 314.0 0.0 112.0 0.0 0.0 0.0 179.0 0.0 0.0 0.0 0.0 0.0 0.0 0.0 0.0 0.0 0.0 0.0 0.0 0.0 0.0 269.0 
222.0 0.0 0.0 0.0 0.0 0.0 0.0 0.0 98.0 0.0 0.0 0.0 0.0 0.0 0.0 0.0 0.0 0.0 0.0 197.0 0.0 0.0 0.0 0.0 
0.0 213.0 0.0 0.0 0.0 0.0 0.0 0.0 0.0 0.0 0.0 0.0 0.0 0.0 228.0 89.0 0.0 197.0 0.0 402.0 0.0 443.0 0.0 0.0 
0.0 0.0 0.0 2.0 0.0 211.0 63.0 0.0 0.0 0.0 0.0 0.0 0.0 0.0 0.0 0.0 0.0 0.0 256.0 0.0 0.0 0.0 0.0 477.0 
0.0 0.0 0.0 0.0 0.0 0.0 0.0 0.0 0.0 0.0 0.0 0.0 0.0 0.0 117.0 0.0 0.0 43.0 0.0 0.0 185.0 0.0 0.0 0.0 
284.0 0.0 0.0 0.0 0.0 0.0 0.0 0.0 0.0 0.0 0.0 228.0 0.0 117.0 0.0 0.0 0.0 117.0 0.0 225.0 0.0 0.0 0.0 0.0 
0.0 0.0 0.0 0.0 0.0 0.0 0.0 0.0 0.0 0.0 0.0 89.0 0.0 0.0 0.0 0.0 0.0 17.0 0.0 0.0 120.0 0.0 0.0 0.0 
0.0 49.0 189.0 0.0 0.0 0.0 0.0 6.0 0.0 0.0 0.0 0.0 0.0 0.0 0.0 0.0 0.0 0.0 0.0 0.0 0.0 244.0 0.0 0.0 
0.0 0.0 0.0 0.0 0.0 0.0 0.0 0.0 0.0 0.0 0.0 197.0 0.0 43.0 117.0 17.0 0.0 0.0 0.0 0.0 247.0 0.0 0.0 0.0 
0.0 0.0 0.0 0.0 0.0 125.0 66.0 0.0 0.0 0.0 0.0 0.0 256.0 0.0 0.0 0.0 0.0 0.0 0.0 0.0 0.0 480.0 0.0 0.0 
264.0 0.0 455.0 0.0 0.0 0.0 0.0 0.0 279.0 0.0 197.0 402.0 0.0 0.0 225.0 0.0 0.0 0.0 0.0 0.0 0.0 0.0 0.0 0.0 
610.0 0.0 0.0 0.0 0.0 390.0 0.0 0.0 0.0 0.0 0.0 0.0 0.0 185.0 0.0 120.0 0.0 247.0 0.0 0.0 0.0 502.0 0.0 0.0 
0.0 239.0 0.0 0.0 0.0 0.0 0.0 0.0 0.0 0.0 0.0 443.0 0.0 0.0 0.0 0.0 244.0 0.0 480.0 0.0 502.0 0.0 381.0 0.0 
0.0 0.0 246.0 2.0 0.0 0.0 125.0 18.0 0.0 0.0 0.0 0.0 0.0 0.0 0.0 0.0 0.0 0.0 0.0 0.0 0.0 381.0 0.0 332.0 
577.0 0.0 0.0 0.0 268.0 0.0 0.0 0.0 0.0 269.0 0.0 0.0 477.0 0.0 0.0 0.0 0.0 0.0 0.0 0.0 0.0 0.0 332.0 0.0 
