q
1711.0 1427.0 1636.0 1117.0 397.0 567.0 1.0 450.0 147.0 1174.0 494.0 931.0 549.0 641.0 1416.0 729.0 943.0 152.0 656.0 656.0 2835.0 2457.0 2331.0 1443.0 
l
0.0 0.0 280.0 0.0 0.0 0.0 0.0 0.0 0.0 203.0 0.0 303.0 0.0 0.0 0.0 248.0 0.0 0.0 0.0 0.0 587.0 0.0 0.0 0.0 
0.0 0.0 0.0 0.0 0.0 0.0 1.0 0.0 0.0 0.0 0.0 0.0 0.0 230.0 0.0 160.0 0.0 77.0 0.0 0.0 550.0 0.0 0.0 323.0 
280.0 0.0 0.0 0.0 0.0 0.0 0.0 0.0 0.0 227.0 200.0 0.0 0.0 229.0 0.0 171.0 0.0 0.0 0.0 0.0 0.0 0.0 442.0 0.0 
0.0 0.0 0.0 0.0 108.0 0.0 0.0 0.0 0.0 0.0 0.0 0.0 0.0 0.0 198.0 0.0 191.0 0.0 0.0 142.0 0.0 431.0 0.0 0.0 
0.0 0.0 0.0 108.0 0.0 0.0 0.0 0.0 0.0 0.0 0.0 0.0 0.0 0.0 0.0 0.0 0.0 0.0 0.0 32.0 235.0 0.0 0.0 0.0 
0.0 0.0 0.0 0.0 0.0 0.0 0.0 0.0 0.0 0.0 0.0 131.0 0.0 0.0 0.0 0.0 0.0 0.0 60.0 0.0 0.0 348.0 0.0 0.0 
0.0 1.0 0.0 0.0 0.0 0.0 0.0 0.0 0.0 0.0 0.0 0.0 0.0 0.0 0.0 0.0 0.0 0.0 0.0 0.0 0.0 0.0 0.0 0.0 
0.0 0.0 0.0 0.0 0.0 0.0 0.0 0.0 0.0 0.0 0.0 0.0 25.0 0.0 194.0 0.0 0.0 0.0 0.0 0.0 0.0 0.0 0.0 196.0 
0.0 0.0 0.0 0.0 0.0 0.0 0.0 0.0 0.0 0.0 0.0 0.0 36.0 0.0 0.0 0.0 25.0 0.0 0.0 0.0 0.0 0.0 79.0 0.0 
203.0 0.0 227.0 0.0 0.0 0.0 0.0 0.0 0.0 0.0 0.0 143.0 0.0 0.0 0.0 0.0 0.0 0.0 219.0 0.0 0.0 0.0 330.0 0.0 
0.0 0.0 200.0 0.0 0.0 0.0 0.0 0.0 0.0 0.0 0.0 0.0 0.0 67.0 0.0 0.0 0.0 0.0 0.0 0.0 0.0 0.0 0.0 194.0 
303.0 0.0 0.0 0.0 0.0 131.0 0.0 0.0 0.0 143.0 0.0 0.0 0.0 0.0 0.0 0.0 0.0 0.0 68.0 0.0 0.0 241.0 0.0 0.0 
0.0 0.0 0.0 0.0 0.0 0.0 0.0 25.0 36.0 0.0 0.0 0.0 0.0 0.0 173.0 0.0 97.0 0.0 0.0 0.0 0.0 0.0 0.0 196.0 
0.0 230.0 229.0 0.0 0.0 0.0 0.0 0.0 0.0 0.0 67.0 0.0 0.0 0.0 0.0 59.0 0.0 21.0 0.0 0.0 0.0 0.0 0.0 0.0 
0.0 0.0 0.0 198.0 0.0 0.0 0.0 194.0 0.0 0.0 0.0 0.0 173.0 0.0 0.0 0.0 195.0 0.0 0.0 122.0 461.0 0.0 0.0 0.0 
248.0 160.0 171.0 0.0 0.0 0.0 0.0 0.0 0.0 0.0 0.0 0.0 0.0 59.0 0.0 0.0 0.0 46.0 0.0 0.0 0.0 0.0 0.0 0.0 
0.0 0.0 0.0 191.0 0.0 0.0 0.0 0.0 25.0 0.0 0.0 0.0 97.0 0.0 195.0 0.0 0.0 0.0 0.0 0.0 0.0 0.0 391.0 0.0 
0.0 77.0 0.0 0.0 0.0 0.0 0.0 0.0 0.0 0.0 0.0 0.0 0.0 21.0 0.0 46.0 0.0 0.0 0.0 0.0 0.0 0.0 0.0 0.0 
0.0 0.0 0.0 0.0 0.0 60.0 0.0 0.0 0.0 219.0 0.0 68.0 0.0 0.0 0.0 0.0 0.0 0.0 0.0 0.0 0.0 276.0 0.0 0.0 
0.0 0.0 0.0 142.0 32.0 0.0 0.0 0.0 0.0 0.0 0.0 0.0 0.0 0.0 122.0 0.0 0.0 0.0 0.0 0.0 323.0 0.0 0.0 0.0 
587.0 550.0 0.0 0.0 235.0 0.0 0.0 0.0 0.0 0.0 0.0 0.0 0.0 0.0 461.0 0.0 0.0 0.0 0.0 323.0 0.0 534.0 0.0 0.0 
0.0 0.0 0.0 431.0 0.0 348.0 0.0 0.0 0.0 0.0 0.0 241.0 0.0 0.0 0.0 0.0 0.0 0.0 276.0 0.0 534.0 0.0 521.0 0.0 
0.0 0.0 442.0 0.0 0.0 0.0 0.0 0.0 79.0 330.0 0.0 0.0 0.0 0.0 0.0 0.0 391.0 0.0 0.0 0.0 0.0 521.0 0.0 447.0 
0.0 323.0 0.0 0.0 0.0 0.0 0.0 196.0 0.0 0.0 194.0 0.0 196.0 0.0 0.0 0.0 0.0 0.0 0.0 0.0 0.0 0.0 447.0 0.0 
