0.02938742559329177
0.0221357191382352
0.014159869094619415
0.010885226904942424
0.009780066964823586
0.007690115972710743
0.005101235340999932
0.004710464972200623
0.003154429756751176
0.002502081280632673
0.002415742819990796
0.0016278790926067543
0.0013302111069508626
0.001075266421591059
0.000880116967181932
0.0007133061861451795
0.0005895094565704362
0.00048360589970886103
0.00047922396962962743
0.00039901675252052016
0.0002779942085643361
0.0002262021707112316
0.000221521043772821
0.000168038865253628
0.00014291492868934164
0.00012886740007722608
0.0001029726522543406
8.471011885580193e-05
8.466695513165146e-05
7.861176562251604e-05
5.5968098685799106e-05
5.6742696836975526e-05
4.433449174623405e-05
3.8592784600166574e-05
3.519515847694166e-05
2.975768519364319e-05
2.760642224153287e-05
3.102821095701813e-05
2.543740413640805e-05
2.26991187598502e-05
2.234498793818318e-05
2.076722801813702e-05
1.9039966817402387e-05
1.741002045763107e-05
1.767859041856834e-05
1.6585063232099628e-05
1.6979391584626136e-05
1.614689406137515e-05
1.699486478046186e-05
1.5881923648541907e-05
0.03058339439193991
0.027676414436610286
0.01774449082528673
0.016101628113482702
0.012518963237153513
0.008106533389457438
0.007567515275672454
0.0060492812720744915
0.004799193984344474
0.003186500905897005
0.0030514354234347785
0.0024368557005235436
0.0016845581703393009
0.0013523254255394246
0.0013381764573595634
0.0009147318261781834
0.0007371525312437344
0.0006176361125094232
0.0006054675077930005
0.0004244646947616504
0.00035026962942141804
0.00029372106816916155
0.00023955574526579593
0.00021361637316053006
0.00021137902465362401
0.0001492166096365155
0.0001350317635719911
0.00011884609689061243
0.00010790249432368615
7.538493064662699e-05
7.107294214736548e-05
6.564673898079576e-05
5.0602981874092734e-05
4.4247224949223174e-05
3.9246018226135604e-05
3.4853690268121795e-05
3.072495584666157e-05
3.032298915228715e-05
2.946556769023445e-05
2.8550071790367504e-05
2.6760673776493604e-05
2.3742653001312952e-05
2.2021812238981475e-05
1.8064297298336918e-05
1.767748564929228e-05
1.874898302922645e-05
1.6852569036607257e-05
1.628188461488822e-05
1.7057488335137094e-05
1.5520657838941077e-05
0.046439817791653404
0.03506249546241924
0.026849004824333278
0.020536513527522615
0.01593562532965842
0.012471359406146632
0.008208163203695107
0.007768835610304392
0.005189712176460692
0.004136309464827459
0.003309503481069731
0.002680682614760954
0.002191210455896986
0.002126373544823812
0.001446442650433366
0.001402155190367016
0.0011829676012631296
0.0009495926948372979
0.00066199063513106
0.0006515589181507186
0.000536073311521168
0.00045897082420165436
0.0003821778139232457
0.00030554824854656104
0.00022245094182105074
0.00019422625428333617
0.00018727331424717164
0.00017229013794073378
0.00013594956654749968
9.950207986531012e-05
9.865077405590839e-05
7.113091021915263e-05
6.410802664236215e-05
5.4587060819510924e-05
4.798820649865032e-05
4.557592415033174e-05
4.1470000809118446e-05
3.7817121911309926e-05
3.0265437380383453e-05
2.8378536188089498e-05
2.5151773156206758e-05
2.46092826496902e-05
2.3265433821362258e-05
2.3488762874612767e-05
2.1491998815625912e-05
1.9273589638379995e-05
1.6906147616735367e-05
1.773476065869417e-05
1.6675560875700768e-05
1.733089237632157e-05
0.059692862932472335
0.04533397605317768
0.03472650519053744
0.022455974748317065
0.020819031202271132
0.013723467586007287
0.012797669591443572
0.010209972311228
0.006814059690191221
0.0054907979877296675
0.004397790468073315
0.0035328984868026048
0.002884871295997682
0.002351509661114637
0.001928306067874086
0.0018808638461119687
0.0012927917148747303
0.0010695657991861562
0.0009084097390790191
0.0007331110820547604
0.000611148815877427
0.000510103244749982
0.0004289168812942057
0.00042951122966383704
0.00030121848529329753
0.0002922110923101462
0.0002087059215639675
0.0001711223866145417
0.0001767694256515906
0.00012951811440053973
0.00010487663796587832
0.00010306296041695528
8.180231729193466e-05
7.433234798204236e-05
6.965865853092446e-05
6.001139297151514e-05
4.573405869390257e-05
4.007372942826937e-05
3.773647901872401e-05
3.3463095628794015e-05
3.0706087877252486e-05
2.727345945174875e-05
2.7944178689232047e-05
2.249917160823678e-05
2.108385802934709e-05
2.2234202519122448e-05
1.9020345309761488e-05
1.8064053069699604e-05
1.7841627747428035e-05
1.7471431197013665e-05
0.06589530534367805
0.060072002887336495
0.038784434170858084
0.030019452954849424
0.023499747760585166
0.02204243107412651
0.014671937802520851
0.011597467088803604
0.009321119553251767
0.008892041530824568
0.0071858244673332905
0.004904715244899105
0.00474951784043709
0.0032167301278777094
0.003131618340615594
0.0021494641555983574
0.001782841759045195
0.0014686649267161567
0.0014659131932865943
0.0011785562265176353
0.001009558965750612
0.0006877280875996483
0.0005858409689991628
0.00047240675413773303
0.0003964669559551881
0.00033197364880566127
0.0003355448407830197
0.00024171017444130083
0.00018968268607166827
0.00016333221706021916
0.0001419204760066961
0.0001315777129317075
0.00011497839487861761
8.882026469347881e-05
8.932683589091273e-05
6.736989844846608e-05
6.780169248477019e-05
5.179821482825808e-05
4.5328154199331117e-05
3.688352692488017e-05
3.9325179936877674e-05
3.292323260517538e-05
3.190874051428594e-05
2.619898614597549e-05
2.249889985173059e-05
2.107749259583347e-05
1.9147463036550683e-05
1.954428373551753e-05
1.844710403664518e-05
1.8224926733534375e-05
