0.3761737941631703
0.33445444110480027
0.2965747182231855
0.2625347319010032
0.232956111295042
0.20605831915040917
0.18341336972032385
0.16341721942611176
0.14643115631207748
0.13168784747015194
0.11871519778496642
0.10775663079313735
0.09821432652608575
0.08941909578025908
0.08193815646843772
0.07558592627536909
0.06953680156342923
0.064418586709176
0.059482992388315115
0.05520218836294055
0.05120511016625673
0.047524587970024346
0.04413817017771193
0.04105845082340609
0.038040834278842306
0.03533603204431013
0.03268493461357025
0.03032311137668975
0.02797170340133126
0.0258647709956219
0.02380618554644176
0.02193751620540385
0.02015679215903443
0.018469606566858365
0.01691256779003747
0.015462947849984032
0.014130162516325484
0.012843072019687929
0.011654883663902327
0.010541883166496735
0.00952140301507931
0.00855143245578871
0.007662540554143837
0.00686275328839292
0.006106929255500937
0.005421466673504405
0.004769049039049289
0.004205146264918858
0.0036663637095770696
0.0031858942833239423
0.6828384108789529
0.6802424923033019
0.675477750412152
0.6690893596216345
0.6619015383737825
0.653783707984338
0.6455017239928644
0.6376950688247057
0.6301793777151318
0.623569009586614
0.6174696791153438
0.6128534275814733
0.608805012881382
0.6058867480660692
0.6038853796129257
0.6025375361084766
0.6017933057435256
0.602227631717564
0.6032546465542618
0.6048644806532046
0.6071642368162797
0.6098326293492665
0.6132334428867646
0.6167818168076495
0.6209886659179771
0.6253431387694848
0.6301349941878551
0.6352921198504782
0.6404921952153229
0.6461056054564582
0.6519118599219254
0.6579459873697961
0.6643002633272146
0.6706708879935082
0.6772116206006034
0.6839532625366889
0.6908795179183671
0.6977880565702854
0.7047556449287831
0.7118783095476845
0.7189309783154338
0.7260765974363941
0.7331348906420659
0.7402253258697666
0.7471470481264462
0.7540012923010653
0.7606341720484688
0.767158935307253
0.7735002929955385
0.7795830045597613
0.5898065801329783
0.5609187085806516
0.529930649092224
0.4983273394484755
0.4662148025026922
0.4355134864198801
0.4064966399315275
0.37964574021756625
0.3543766888619624
0.33169995742638214
0.3113478507921241
0.2929370688710463
0.2761498716002698
0.2609802985004177
0.2475408302185218
0.23543934554847357
0.2241311755194907
0.2137936147933147
0.20431431498350516
0.19560301733487573
0.18723273397436768
0.17959224258358775
0.17201193047767693
0.164835250158601
0.1580000366081593
0.15133547496260957
0.14487507649378806
0.13840719542860036
0.13196825529859735
0.12586820171646118
0.11960954162880977
0.11344455087899785
0.10765267403256229
0.10174139916773839
0.0959665656552533
0.09038684989994294
0.08472609020567368
0.07928198272064302
0.07406294887336995
0.06881906352457734
0.06378948435586096
0.058991267651866686
0.05433636753611948
0.04977138787745505
0.04549191661695362
0.04137960333193236
0.037453079249074483
0.033753588566907466
0.030229952517972336
0.026942093960983793
0.4823555060794992
0.4355100368796454
0.3886096867276434
0.3438623270531973
0.30239135701269004
0.26452801009611926
0.2306875624527016
0.200695632369716
0.17405339172322698
0.15081851906640176
0.1307252404566588
0.11328644260656584
0.09813738380732762
0.08518218250212217
0.07417549265739742
0.06476649879099727
0.0565439626088875
0.049418640506139755
0.04331837540856798
0.038127907436458
0.03356169695248212
0.02949570070474239
0.02611790503321465
0.023169683603762925
0.020586565280363622
0.018200283429605668
0.016196662939229944
0.014516358694650178
0.012949038837174576
0.011564453236027172
0.010282195061307009
0.009243582077871348
0.008256583541126794
0.007442867144541232
0.006629913153797906
0.005954962224427596
0.005350738391600274
0.004763372970558288
0.004280386166453987
0.0038271460990519923
0.0034246369136954335
0.0030763559411697283
0.0027270868808576543
0.0024312347312438476
0.002168321108201865
0.0019282183186696278
0.0017007127585637605
0.001511299598177862
0.0013280107893998139
0.0011615855039235345
0.3896007104992395
0.3384503869569634
0.29108627753891003
0.24853536686435773
0.21107968110957154
0.1777828103911927
0.14974808785495353
0.1255925286624855
0.10516824375266542
0.08820436293916278
0.07365760849264369
0.061433611634273966
0.05136043354752773
0.0429195427015685
0.03589799523466963
0.029852261599572216
0.025068658474350136
0.02081049291827186
0.017500074591019987
0.014643158927904798
0.012267197117347584
0.010264792312083992
0.008629546898580864
0.007210271872035046
0.006029187820467796
0.0050394269478641895
0.0041784817701125965
0.003475972033136432
0.002960093199599334
0.002479435410329134
0.002031050126854339
0.0017201682394704099
0.0014071370666831617
0.00117342126042419
0.0009717110127942519
0.0008303490068606312
0.000679619105856677
0.000550972486199397
0.0004537085965041765
0.0003936333224148214
0.0003207071308153342
0.0002686106506339936
0.00021084020926509517
0.00017861049438339105
0.0001451262941655207
0.00012175421023075117
9.37106067475657e-05
8.383054738325679e-05
5.941977543988397e-05
4.9313162544528666e-05
