0.015109015273822357
0.011436495311080597
0.008793153148636712
0.00675020771281587
0.005088965929148759
0.004014661375814965
0.003190155563421948
0.0024417705077913743
0.0019480873952030242
0.0015771086967599768
0.0012119014623248603
0.0010066738730605262
0.0008163840106893971
0.0006534398306110578
0.0005299103723881426
0.00044396772498855874
0.000355066746699384
0.0002869599313676252
0.00024586124705450185
0.00020264180744744564
0.00015915908938834988
0.00012715356148529366
0.00010884533305799415
9.634041843598062e-05
8.585279612538521e-05
6.229119927980697e-05
5.940937960069448e-05
4.4687900627393695e-05
3.931277485591522e-05
3.3610184952292954e-05
2.551025586416955e-05
2.468334039185116e-05
2.0035976005305933e-05
1.7255968568496982e-05
1.7481542061714705e-05
1.1341244574136766e-05
1.181582044140761e-05
9.712867342193121e-06
9.251697046130936e-06
6.672912460703451e-06
8.328802748258646e-06
6.430897613984854e-06
5.602189120379464e-06
4.614804107183623e-06
5.454006198890582e-06
4.645075062703619e-06
5.278720305978979e-06
5.126305596014902e-06
4.72527266193179e-06
4.7583246947091595e-06
0.018810015066899277
0.014392758578747222
0.01101726830899119
0.008345321458182786
0.0065062454845532525
0.005013512255243269
0.0038938864757892544
0.0031334821017020564
0.0025121307284736716
0.001982510639176427
0.0015754826158285162
0.0012548724766107133
0.0010491773469619714
0.0008160183048362413
0.0006804157799286115
0.0005662732068603127
0.0004494780745745164
0.00036939448015560483
0.0002997237512025741
0.00025634799812390696
0.00020026424630259498
0.00018109654608355896
0.00013304147502246622
0.0001266336116114708
0.00010361588407015176
8.59838602094154e-05
8.198711469364905e-05
4.832684647748664e-05
5.3713484120754273e-05
3.954866675548452e-05
3.7981403721132345e-05
3.668564003900254e-05
2.3824438990738273e-05
1.855856283272672e-05
1.674212994706714e-05
1.4449190695264846e-05
1.0324726731791856e-05
9.987082168372297e-06
1.1257225404959215e-05
1.1139658896541782e-05
9.161802259405327e-06
7.9791629303827e-06
6.833524394123103e-06
5.2949928281975644e-06
5.293582983845191e-06
5.894107005799398e-06
4.487737750635823e-06
5.152539566899428e-06
5.460321522376965e-06
4.206848084109538e-06
0.02413382299777589
0.018252240784048634
0.013914602559561451
0.010614541816615364
0.00823667233225922
0.006460398942838785
0.005004536424313311
0.004047301198394138
0.003218747511806841
0.0025545368830990345
0.002050117435034471
0.0016522770008932097
0.001356836979372611
0.001093061621358582
0.000871552242486695
0.0006941106501763272
0.0006054478416308573
0.00048932959264536
0.00040140677018163373
0.0003265765283857469
0.00025112653798264883
0.00021086527852831605
0.0001880186186972166
0.0001478302990051139
0.00012244221823620727
0.00010951178751550383
8.738860228674206e-05
8.384738199695985e-05
5.8344154289624583e-05
4.958997375381635e-05
4.792421086641241e-05
3.599557098066253e-05
3.146277063925673e-05
2.5054445383587698e-05
2.045451385901398e-05
2.203912615050818e-05
1.6692953095809315e-05
1.4847096849179842e-05
1.2462670105128915e-05
1.0540381770951512e-05
8.166472559523186e-06
8.704093067857244e-06
8.115751450210595e-06
7.254180145466194e-06
6.1855079982464645e-06
7.477964611757315e-06
4.4083226560243105e-06
5.679337259367756e-06
5.37792285226768e-06
5.785063415308933e-06
0.03116988151979727
0.023538926385009762
0.01803156561046826
0.01387330117346175
0.010760327515282775
0.008531091229388443
0.006672552919354091
0.005253393617676627
0.004210197725709519
0.003403993196957167
0.0027026049994345325
0.002175151906387729
0.001770274110992509
0.001446672961328388
0.001187884512642845
0.0009744269637248504
0.0007787750889235445
0.0006453994740963642
0.0005345922234676337
0.00044474881097378294
0.0003669870282045906
0.00030466204656387497
0.000249189708938502
0.00021412313815483142
0.0001783568583881845
0.00014946057450693218
0.000126585835378612
9.801555813648832e-05
8.445485467012404e-05
7.618346689142186e-05
5.191924317271557e-05
4.782212837328714e-05
4.4713461487599915e-05
4.047453253175348e-05
3.38891850594214e-05
2.869772664482184e-05
1.9322404389177095e-05
1.998089202159825e-05
1.6984190372992813e-05
1.6259669565421575e-05
1.1572608108245674e-05
1.0850605036138994e-05
1.162018497979922e-05
9.596710248582774e-06
6.335385649869352e-06
7.63424013938696e-06
6.766303501493098e-06
5.3173232608116905e-06
5.5559441654029484e-06
4.921427543491674e-06
0.04092869756526074
0.03111080853317527
0.02386363793610169
0.018433576277332775
0.014585188701867757
0.011439349911765428
0.009136418760052223
0.007229949568733907
0.005814618616370559
0.004638928173203438
0.003735867650906499
0.0030206735957001296
0.002470684846099136
0.0019940813294526682
0.0016436901561891482
0.0013249706060616262
0.0011102700551184341
0.0009034552278088803
0.0007433768706892607
0.0006213180946760266
0.0005151668754338479
0.00042556477079924715
0.00035897587319710933
0.00027863105819914136
0.0002307224084729942
0.00020368013635496673
0.00015880471949714092
0.00014576419368683702
0.00010163985778621765
9.029462088538942e-05
8.281314982183652e-05
6.392897365681272e-05
5.2996509708469475e-05
5.383350611531945e-05
4.413766668898145e-05
3.657072236484815e-05
3.00404789876918e-05
2.3334937042984727e-05
2.177263944158625e-05
1.8447745316563235e-05
1.5508187139245955e-05
1.253688811719833e-05
1.2369570437265054e-05
8.560509466071231e-06
8.326117518553389e-06
6.626295906864144e-06
6.264734451533194e-06
6.271266578261603e-06
5.738826993173518e-06
5.5526482150014544e-06
