0.010062321777217553
0.007486296958953642
0.005626341072952568
0.00510739137318339
0.003287161892244761
0.0030234469142201847
0.0019973509523806277
0.001554301932129576
0.0012318922693368428
0.0009868039263675188
0.0009268736284290258
0.0007601241668584446
0.0005135894362161553
0.00047852455983843356
0.00040086958414553564
0.00033732789697138443
0.00023273208771534826
0.00019418616329991423
0.00019788457258329561
0.00016401043774127988
0.00011411016518136918
0.00010936057299482105
9.122850588028086e-05
7.212240516485391e-05
6.814450369263536e-05
5.546725958571752e-05
4.5113664049023505e-05
4.234961383597913e-05
4.25026242542037e-05
3.893265629451026e-05
2.8131896260275013e-05
3.1279111539772586e-05
2.614826410751725e-05
2.335442417278344e-05
2.1683448346299095e-05
2.1062995999021616e-05
1.9692619788513888e-05
1.944806825138201e-05
1.737015827685262e-05
1.9872508701834768e-05
1.8158254912248317e-05
1.7950553996448626e-05
1.6396836359899858e-05
1.5598943658656772e-05
1.5739184656471394e-05
1.7114029684517362e-05
1.4811135319758861e-05
1.4706228569472124e-05
1.4972004205415779e-05
1.5354601021755343e-05
0.011787964064232992
0.008808403551984645
0.006631118249782908
0.00505115795477018
0.0038919919529500913
0.0029768033771876423
0.002319054409373078
0.0018253287823902786
0.0017149755524887844
0.0013784957036434564
0.0011113140994379878
0.0008823867510368011
0.0007168156742598519
0.0004980759718765659
0.0004003687050312399
0.0003304177831582322
0.0003233953877799234
0.0002346632807364024
0.00022616773391770373
0.00018619473988823465
0.00013258636311075378
0.000134314583705053
9.229163013746433e-05
8.825008795854128e-05
8.278812421980142e-05
5.917111264852615e-05
5.397977318144509e-05
4.994162475135955e-05
4.323316802246069e-05
4.000852052621351e-05
3.507996306961747e-05
3.842710897250523e-05
2.8882408337316257e-05
2.7951386246449772e-05
2.285696329584752e-05
2.2146406974510313e-05
2.053874918261922e-05
1.9399680105114392e-05
1.7724687646492043e-05
1.9344761533757193e-05
1.9471860794428864e-05
1.788248196810116e-05
1.6675708235047715e-05
1.612482450419339e-05
1.5678351215075992e-05
1.5789679827737935e-05
1.5213790862222965e-05
1.5725909032315855e-05
1.4778835205508933e-05
1.5207725721388954e-05
0.013989324780340318
0.01045399067813546
0.009467098120396478
0.005988251758742624
0.004601451619477337
0.004308842145751446
0.0027746295040811386
0.002160095007055274
0.001711145778782508
0.0016557940603932897
0.0013078845159575359
0.0010370939757151643
0.0008429569100284473
0.0006967714374930267
0.0005613140895138757
0.0003988591394428198
0.00038957398408134836
0.00026579212242172634
0.00022094528226290766
0.0002180241923857018
0.0001552420866720583
0.00013208515713536428
0.00010969248224546035
9.556787669562361e-05
8.569844707162488e-05
6.787722944379126e-05
6.846358472956116e-05
5.082389054711367e-05
4.7149127264112245e-05
4.306073507320818e-05
3.908283033204896e-05
4.040290996887297e-05
3.0096777350108184e-05
3.198635046763876e-05
2.5502786321407456e-05
2.2772168042584084e-05
2.30429612422256e-05
2.1910254856982725e-05
1.952065847998785e-05
1.928907502390942e-05
1.8492879573894783e-05
1.8001249393995167e-05
1.6472516234933288e-05
1.66128320584491e-05
1.654464100808717e-05
1.685405822904329e-05
1.5430081831246945e-05
1.6184850192502154e-05
1.544498846950404e-05
1.4793704591564705e-05
0.016750761789303237
0.012544937259346467
0.009433024872237628
0.008645732435546782
0.005529921454195286
0.005077191752477894
0.004000038164321373
0.0026424372471844926
0.002490748919970809
0.001977692157372868
0.0015830156011232832
0.0012717486159755653
0.001033748122778566
0.0007137705697424224
0.0006636341267389767
0.0005587609690382855
0.0003884850812919671
0.0003943976756648482
0.00030545755024435906
0.0002676179500569198
0.00022521037111111752
0.0001875084366896873
0.00016238917473709868
0.00010500573823324366
0.00011494264511335839
8.106706956567677e-05
6.641790965744576e-05
6.251907643439747e-05
5.521139933017949e-05
5.3030618692218034e-05
4.798008461071035e-05
4.0785998495995734e-05
3.322593874621749e-05
2.868978861281235e-05
3.034316748362631e-05
2.7413184271130042e-05
2.3631975372140346e-05
2.0818069332184663e-05
2.1099639089028344e-05
2.2951907058255117e-05
2.019207238701526e-05
1.754815734089643e-05
1.774506393514841e-05
1.82286752511418e-05
1.6136226793417308e-05
1.594673643123823e-05
1.5509338202601697e-05
1.696119918237482e-05
1.5220985230546269e-05
1.6807883832292703e-05
0.024155255636007622
0.015100132238679675
0.011409405206593504
0.008798974937213377
0.0067350871626215
0.006229726980873207
0.004116799443679486
0.00320062795956666
0.0025557287358896064
0.002412733635119846
0.0016041066383786218
0.0015591235302232498
0.0012827181216006345
0.00103430892305445
0.0008450448648535946
0.000702492736531446
0.0004740655997856891
0.00047504266291897856
0.00032303321930726714
0.0002599395346880584
0.00021641522337567665
0.00023216316039442741
0.0001559283988562532
0.0001342045097559863
0.00012718732748540074
0.00011049458774026188
8.248032843272135e-05
7.244990733279444e-05
7.347511942934482e-05
5.283034056391411e-05
4.486640792411567e-05
4.8891588746435843e-05
3.6326443035639144e-05
3.394138896961607e-05
3.4794630177192865e-05
2.7101318323730084e-05
2.574524013632118e-05
2.5482106548402328e-05
2.2161175701973512e-05
2.054410572005505e-05
1.9903454180236757e-05
1.801239604792837e-05
1.797520071344927e-05
1.650710258149779e-05
1.8006310085083577e-05
1.642284837488628e-05
1.648122702413435e-05
1.6128164157747094e-05
1.4981763339583232e-05
1.5853618864802854e-05
