0.6522163232842434
0.6323637550900509
0.6038350449760266
0.5690375315126474
0.5307473082644488
0.4916249381483082
0.4529260832379358
0.4158493275480619
0.38187639444567134
0.3511810147268528
0.3233570205708849
0.29902124223396986
0.2775237901129999
0.25846433429808546
0.24145138124185195
0.22660549516059225
0.2133285766758911
0.20139551011162693
0.19074028576588464
0.18065353964507702
0.17132256134879564
0.16267144981453174
0.1540765680628644
0.14633258518032233
0.13911016276825838
0.13187740577607143
0.12482925965272906
0.11802719665438133
0.11157893695604293
0.105243060131887
0.09933263880166432
0.09348742361795348
0.08781713484044118
0.08238064823331004
0.07708569274712562
0.0722781714036097
0.06749889248972918
0.06297769311193802
0.05850409168649118
0.054445709963001354
0.050492392435015354
0.046814829002896685
0.04326008769712908
0.03994729041211531
0.03682691175870256
0.03384964216580755
0.03103576013100029
0.02845123787776971
0.025924884869198195
0.023661122124103207
0.6379849598612053
0.6043385219769439
0.5591357951739795
0.5077762617985595
0.4541266480520717
0.40186703511531163
0.3524259716361997
0.30700890007820225
0.26655956880965714
0.23013868515251357
0.1984737777644603
0.17103697457679257
0.14735650788077448
0.12686646821268854
0.10964720006221984
0.09448964954539718
0.08206129096198944
0.0716118954026238
0.06216515148934221
0.054415983925966804
0.047808256022123685
0.042194021540507776
0.03727158931322572
0.03310029915539192
0.029398524718055596
0.02620559524506072
0.02350271743274912
0.02097380693286599
0.018867465703153563
0.017037527609535252
0.015395949837507139
0.013907093506421608
0.01257053223395077
0.011349802489594274
0.01032807185501683
0.009391012790095132
0.008507595992065742
0.007722667230166236
0.007000769689253228
0.006391949545364595
0.005819615770062625
0.005275040080294224
0.004789627528177354
0.004379531836695483
0.0039805481097475726
0.003609440933367569
0.003273087687239662
0.0029403792390167993
0.0026613926367369256
0.002395405400282158
0.6249604830963988
0.5791166300304615
0.5210640382838174
0.4580159375093181
0.3960241619664657
0.33792256509807106
0.2861507046266667
0.24079925269565838
0.20151339083861453
0.1684959677329907
0.14058900101500915
0.11754772175159767
0.09772766617236184
0.08131019796013317
0.06777853769200426
0.05675586958281498
0.04710242799694864
0.03971367890213129
0.03306560034311179
0.02773881839912251
0.0231846859859699
0.019538212551808876
0.016434362003854064
0.01382250080765246
0.011657748100211807
0.009788304630907851
0.008328504858007957
0.007125150536868019
0.005928853759007202
0.005042868903132325
0.004244719083157156
0.003583113019018702
0.003062637571928928
0.002616554347736222
0.0022158451742508856
0.0018553313702115437
0.0015869411313356174
0.001366028455660917
0.0011183899248010665
0.0009806776731186018
0.0008519545536213036
0.0006927111865753233
0.0006103252913312041
0.0005109286666653556
0.00044442969419922207
0.00037827607659712825
0.0003056127177343271
0.0002584340066812407
0.000225998438180941
0.000192115719961361
0.615610104758608
0.5605287527968628
0.4924768345784387
0.42168654241269365
0.35406799429590374
0.2942624405175519
0.24193781125338665
0.19813497796168966
0.1620284016880149
0.1321390776304987
0.10813544033812172
0.08814216279429488
0.07208254099357414
0.05889796082474241
0.048268483665511286
0.039921356926610585
0.032761641833219945
0.02693870415629429
0.02233457150049878
0.01861563648504727
0.01543992676969308
0.012861799969754895
0.010663892308786727
0.008899489369746716
0.007482600378675874
0.006281966532145189
0.0052048691554145154
0.004326582500169485
0.003647278463358994
0.0031349494284573787
0.0026330228895590224
0.0021824533922401024
0.001860640027976035
0.0015193173934715531
0.0013225622164323436
0.00110737276519568
0.0009444639709523805
0.0007926396591908524
0.0006668810094998534
0.000569222647823775
0.0004691334126384339
0.00038054996603609226
0.00034112919773909844
0.0002680396266984131
0.00023887589145532573
0.00018765293286771012
0.00015708043179962772
0.0001315667803141185
0.00011004484152976612
9.232284115068268e-05
0.6109627799070763
0.5490700658278994
0.474550257891036
0.3975770407359269
0.32657602258290064
0.2648245047684725
0.2134811228049418
0.17123105391836901
0.13693282158642428
0.10999739662213726
0.0882759785948799
0.07076857058911545
0.05720814729608126
0.046049605294975926
0.03760628010586797
0.03054167918038675
0.024776924385340737
0.020323811427606198
0.016605124151526485
0.013855565828022165
0.0113742642671667
0.009377769046132967
0.007837997363361104
0.006472983446251801
0.005354721848522148
0.0044930612209750365
0.0037704622456352643
0.003117458423401831
0.002637108138942912
0.0021832951230480457
0.0018400497005586214
0.001558677273297615
0.0012832064840492263
0.0010958008251441553
0.0009195391451258805
0.000772535713385647
0.000637034721100771
0.0005503681404283034
0.00045376237059002733
0.0003991988156912818
0.0003383749996561658
0.00027212056686320985
0.00023340687241224511
0.00020574357758373907
0.00017786158112831352
0.00014436810236184705
0.0001159823036370744
9.87787662836137e-05
8.276394572592771e-05
6.782137461136539e-05
