0.35881352466597816
0.3074379222483222
0.2652620737676832
0.23295756733942308
0.21112633295069272
0.20006200970783072
0.1986761450732324
0.20531523677514585
0.2181619153990998
0.2350744661226467
0.25425380096133166
0.27433977257965747
0.2943074451420372
0.3135968214343332
0.3314742107816544
0.34803457628180023
0.3632196245497529
0.37696291820732186
0.3893688704600319
0.40050500728023475
0.41057013504524764
0.41965391521435913
0.42784186871601215
0.435290911583905
0.442056703043602
0.44824631752741684
0.4539238459813968
0.4591622859284703
0.4640454825478879
0.4685625413381336
0.47279043717485103
0.4766728854483815
0.4802605459023912
0.48347444675995666
0.4862679884714274
0.4886790314260471
0.4906748391920026
0.49232127340399046
0.49364243134710795
0.49468835400748357
0.49551094218375924
0.49613812715250294
0.49666137317939973
0.4970421139933823
0.49734448734319203
0.49757676893727165
0.49775744216052953
0.49790611707949173
0.4980328645772766
0.498127888207499
0.31282505938510696
0.26769106028271394
0.22944422235554096
0.1965156651398139
0.17057343045964846
0.15266231444958256
0.14146981175927387
0.13681854120320192
0.1357241344991562
0.13703924198462225
0.1399373503163519
0.14318314435251966
0.14630577918387888
0.14903407396929624
0.15079820166858404
0.15230564920473721
0.15267100016553203
0.15230093335540285
0.15114991939284417
0.1492029230436971
0.14666745315085972
0.1435028019621094
0.13985300409619572
0.13574311273693418
0.13128943958748063
0.12648282993782134
0.12143063901571782
0.11621319244125039
0.11091272969393873
0.10552367402464913
0.10013717536140676
0.09475616355622085
0.08945598103714492
0.08425707601007815
0.07919254836032097
0.07425420733245547
0.06949773466921849
0.06488289706927475
0.06046207744169718
0.056237233704387046
0.052207290952897334
0.04836400069222013
0.044728617728808095
0.04127182362342974
0.03800759416051258
0.0349350959685637
0.03203528348505447
0.029317717087715245
0.02676792630821989
0.02438079856187292
0.3358141983997962
0.2848192389891815
0.23778660010379538
0.19543038180418237
0.15994083484453758
0.13176676227597672
0.10982040178357133
0.09328520908158244
0.08044428725038855
0.07084487510897719
0.0632136685793897
0.057039225078078015
0.05213554359341577
0.0480145678274182
0.044341243821239384
0.04128930459545532
0.03857753688229815
0.03611431104966045
0.033850083389437624
0.03168716993781595
0.029846183681283
0.02801423394190583
0.026287349810797056
0.024679345986207912
0.023170757280574605
0.02165032125458699
0.02029684321080305
0.018963077687789265
0.017759326364438777
0.01656194780309217
0.01542207851744215
0.014372947463669128
0.013374470144527528
0.012413553350737683
0.011503546384371677
0.010674863371943899
0.009885326033128528
0.009146138534972592
0.008453369290037704
0.00778664941925411
0.0071844795742483925
0.006601814164591602
0.006076676403892645
0.0055688073512696334
0.0051147107947659975
0.0046730535270284035
0.004272109979715277
0.0038945120726623372
0.0035482116784611994
0.003221713624541045
0.392980257536397
0.3357116784931906
0.2807503688226314
0.2314501928272621
0.1904592090629076
0.15600206616471524
0.1284402231980326
0.10544646001599511
0.08706160567136134
0.07190164198321103
0.05955220248916282
0.04927281369926173
0.040819003495427775
0.033879625612371234
0.02813973169784867
0.023410653165711004
0.019584427984015162
0.016407182988192104
0.013684852365680178
0.011468908445916859
0.009638599929706504
0.008191119423064386
0.006930770077312243
0.0058894630317165575
0.0049591698893773906
0.0043471565534960455
0.003659773029981994
0.003116664639421507
0.0026775797326799022
0.0023191451384212414
0.0019960337869313616
0.0017153692398275133
0.0014898351172505375
0.0012626592820444982
0.0011038455556356963
0.0009679699055620272
0.0008257660881325624
0.0007428260680364396
0.000641349607148789
0.0005653666580895944
0.0005054115769898004
0.0004298102975361928
0.0003696301715713224
0.00034270228214072773
0.0002989122382912601
0.0002646301535256246
0.00023121095336209319
0.00020329246545569557
0.00018225086478929065
0.0001599391879691936
0.481038877343653
0.4186919167375882
0.35719369347771146
0.30054677993632684
0.2513499860251621
0.20915091577688272
0.17369229529181085
0.14423792427394388
0.11970672488552603
0.09927639037025715
0.08212283161021694
0.0679145592398509
0.05604384205955415
0.0463005559820715
0.03828079490273062
0.031837458703281696
0.026207744962918222
0.02186243778225483
0.018038218423238717
0.015094977205751703
0.012410185514414307
0.010452809502288218
0.00869471891715623
0.007190940001976065
0.0060713211633920405
0.004990781699849012
0.004185029753790648
0.003472741027692683
0.0029047580807904927
0.0023650119547461435
0.0019898734419150355
0.0016878632463932508
0.0013983390630268877
0.0011555142967581977
0.0009592232243931242
0.0007997318707155809
0.0006800371412509776
0.0005634623940351524
0.0004707556707923555
0.0003773205899183507
0.000303087187387141
0.0002570224088138673
0.00021898762656213933
0.00017547500825809692
0.00013927337051100608
0.00011991770489805376
9.184727883115862e-05
7.432307204147115e-05
5.610227384944544e-05
4.989491402207502e-05
