3.856630696108532e-05
1.4640187433023755e-05
1.0985113600536778e-05
1.0485045828012574e-05
1.051960483411385e-05
1.0274831865664247e-05
1.024130599325268e-05
9.895747598465121e-06
9.681985579823582e-06
9.559703204042869e-06
9.295526575137103e-06
9.149804239383386e-06
8.709491677194592e-06
8.788111700352985e-06
8.987418553152438e-06
8.850179778252532e-06
8.772341272722528e-06
8.758150461529723e-06
6.788778459720923e-06
8.547174196738005e-06
8.539546705654821e-06
8.506211767622673e-06
6.411475415801782e-06
8.356684182420082e-06
8.342951509865415e-06
8.339936514722979e-06
8.508742954438375e-06
8.295049612971894e-06
8.216432823004993e-06
8.26514300467096e-06
8.265704335985724e-06
8.117662808948545e-06
8.332267933841564e-06
8.183847022058544e-06
8.113648837904108e-06
8.082346015347852e-06
8.1361623388565e-06
8.080744635208248e-06
8.12767154279026e-06
8.034915073507065e-06
8.055806255180542e-06
8.080619020578439e-06
8.069816028744015e-06
8.198703956630027e-06
8.10403874917931e-06
8.106908311544814e-06
8.21825930807929e-06
6.346090290931805e-06
8.036283366985586e-06
8.060157074885055e-06
2.109860535148833e-05
1.1703853229017014e-05
1.0938572662766433e-05
1.0728465828946376e-05
1.0536690949525251e-05
1.0432235883928165e-05
1.0144554642987913e-05
9.88090648268436e-06
9.650907717762003e-06
9.470203365280483e-06
9.3113588435223e-06
9.091146734752087e-06
8.963701728426088e-06
6.972124797499646e-06
8.997408776134641e-06
6.978267012236472e-06
6.6003622659627226e-06
8.955025487700219e-06
8.626035646108754e-06
8.555745346305876e-06
8.503882914068228e-06
8.442576739264851e-06
6.35052329656105e-06
8.46934075937611e-06
8.32532421912724e-06
6.324976263627491e-06
8.244711741656197e-06
8.306517510714428e-06
8.241368582240227e-06
8.304152498750383e-06
8.162919704624017e-06
8.282302550788323e-06
8.292261300613113e-06
8.15697110145841e-06
8.12947567663258e-06
8.10052320754373e-06
8.14699150608611e-06
8.079937754756905e-06
8.07521815793244e-06
8.06934590202868e-06
8.077761186608967e-06
8.110545792305857e-06
8.052011001846715e-06
8.275739439400631e-06
8.034049896465945e-06
8.049383489083795e-06
8.274618347847706e-06
8.158452611595202e-06
8.04908124774073e-06
8.02582039527433e-06
1.336647304306382e-05
1.1372802058096099e-05
1.108590139953236e-05
1.0481085147340252e-05
1.0516581756103704e-05
1.0396205317064755e-05
1.0107233603728893e-05
9.93780883340456e-06
9.678326846174201e-06
9.416365801762083e-06
9.277126607143416e-06
9.264545994813744e-06
9.15266851408969e-06
6.948576914522775e-06
8.98901664903029e-06
6.731322205744128e-06
8.759179032979958e-06
8.836681431922955e-06
8.61653949413288e-06
8.6177738681803e-06
8.545153699524022e-06
8.684649796530941e-06
8.46702763845908e-06
8.404841549625175e-06
8.343978048719336e-06
6.094955734115004e-06
6.162055384506537e-06
8.26120140717812e-06
8.200391523494055e-06
8.19508184934925e-06
8.257319934923402e-06
8.38142855408286e-06
8.156702257400283e-06
8.163784265380336e-06
8.193233669739897e-06
8.095728331158902e-06
8.148326490320379e-06
8.116983841510717e-06
8.077340605150418e-06
8.376694671574647e-06
8.06380986817512e-06
8.123331262321898e-06
8.051866349889636e-06
8.102611765314904e-06
8.03742023280929e-06
6.346469416107503e-06
6.325545325092108e-06
8.138005644919843e-06
8.067562226488079e-06
8.077320696187051e-06
1.2080056808638773e-05
1.1400260736205148e-05
1.1018074172142178e-05
1.0734742575735368e-05
1.0492980820120401e-05
9.944720143151287e-06
1.0052432051876892e-05
9.852675559751667e-06
9.649764552532858e-06
9.57503464427134e-06
9.386878599970672e-06
9.35779862110131e-06
9.19275168420608e-06
9.167326802006492e-06
6.838119892327299e-06
6.9003807281475815e-06
8.783816649482468e-06
8.821431229932841e-06
8.63807692308427e-06
8.772408954249578e-06
8.579723284274365e-06
8.517757190684705e-06
8.564346889450292e-06
7.076753683277204e-06
8.379030618232974e-06
8.325743947601438e-06
8.31149369195927e-06
8.342280228279542e-06
8.348101927402318e-06
8.22941303224578e-06
8.268755874452083e-06
8.243288894593803e-06
8.241934111530291e-06
8.42096250952551e-06
8.607276885785886e-06
8.117989439337947e-06
8.168993812063263e-06
8.091497165962913e-06
8.240644709167633e-06
8.136500080802023e-06
8.096198543472433e-06
8.080043379266044e-06
8.111524359977196e-06
8.265797222128946e-06
8.049203179760767e-06
8.044397946327386e-06
8.146868363367865e-06
8.120275187373238e-06
8.0937286848215e-06
8.118897732112274e-06
1.2036927892422611e-05
1.1383399970532615e-05
1.1312205554725452e-05
1.0806636117299817e-05
1.0495384644926276e-05
1.0279929592016401e-05
1.0164585930616532e-05
9.880057464939362e-06
9.803031113309046e-06
9.635852099787456e-06
9.603256585721809e-06
7.359222219394113e-06
9.334289243767557e-06
9.172140567503817e-06
8.973149597135688e-06
8.93424938286369e-06
8.772276222202002e-06
8.720154768271371e-06
8.767577938328941e-06
8.730241771948144e-06
8.683930378339255e-06
8.551814985713335e-06
8.435824131125536e-06
6.24080229094659e-06
8.473639077299921e-06
8.365672737098429e-06
8.37392335417686e-06
8.715782700341457e-06
8.23646428604885e-06
8.294543860087877e-06
8.26081800342493e-06
6.401077012774259e-06
8.364406871574914e-06
8.159610617619606e-06
8.10396774730826e-06
8.137630784665895e-06
8.138818394343161e-06
8.241464033886814e-06
6.376884395642435e-06
8.102119733122137e-06
8.120206416384335e-06
8.096738538965198e-06
8.072690635074764e-06
8.04007613108837e-06
8.023939475743092e-06
8.038252676811908e-06
8.155009384447354e-06
8.146951625320753e-06
8.134047170704761e-06
8.088226270408505e-06
