0.00614827617595759
0.004565268956975954
0.003425143403583464
0.002588765913998259
0.002002411106691304
0.0015590316777780444
0.0012436905809412035
0.00095128334209027
0.0007583046043343478
0.0006060405814289904
0.00046559382296162966
0.000389489540332022
0.00030121063933785663
0.00025069794161813874
0.00020024332213131046
0.00017317622546408895
0.00013290204419913465
0.00011975367191841002
8.07184027701302e-05
8.033883165436961e-05
5.9824382902418094e-05
5.1561180145043295e-05
2.7801219363077223e-05
3.9498784064395664e-05
3.0730706354620274e-05
2.970117924072646e-05
1.8886321058397826e-05
2.206442446239798e-05
1.5313650877923912e-05
1.6356406453144068e-05
1.11371351788625e-05
1.1183258267322138e-05
9.464369992939758e-06
7.801262236539763e-06
8.145047465157873e-06
7.49282923828698e-06
6.211615780293833e-06
6.490657082913742e-06
5.430147263285612e-06
5.753493532267839e-06
5.279582380834924e-06
5.518067252019421e-06
5.159472723281766e-06
3.7687799190333493e-06
4.19940473617153e-06
5.02424569992499e-06
3.6923089993257108e-06
7.782690742974552e-06
4.071100346614287e-06
3.846393475170906e-06
0.007192737129214755
0.005361380793291182
0.0040673138542406395
0.0030835613828384956
0.002417346771206197
0.0018182364441572396
0.0014435575996654126
0.0011358408624649874
0.0008951807810276824
0.0007194875656268973
0.0005693338458806485
0.00045626332737080944
0.00036733730205407156
0.00028273947788937104
0.00024570988217731404
0.00017437498920891414
0.00014544435395280608
0.00014479917962262334
0.00011116273864819615
9.199734365128442e-05
7.225041054892412e-05
6.279633504657767e-05
3.864917832863135e-05
3.987794325810423e-05
3.667246766736465e-05
1.6177097071135016e-05
2.7705724545468158e-05
2.4734152688998812e-05
2.093821755422276e-05
1.4140890062352973e-05
1.5379469080922803e-05
1.5380028744793606e-05
9.922908666193386e-06
9.459151886104245e-06
9.987212993833872e-06
7.38539445321873e-06
6.223410049299716e-06
6.411687394125565e-06
5.618024334630434e-06
6.286697048607515e-06
4.712368258719124e-06
5.975128548829645e-06
5.116180383568647e-06
3.7310093472520123e-06
4.648307448285038e-06
4.827458039313726e-06
3.672794784970179e-06
4.834031534950434e-06
4.045042948042088e-06
4.2869002057077665e-06
0.00856043147930663
0.006380984856944827
0.0048793849472685835
0.003673566397032757
0.002837247994878167
0.0022408129663855636
0.0017241546344000103
0.0013388403501606305
0.00106070738902031
0.0008617394221297481
0.0006726550814479815
0.0005427566493592106
0.0004399749519169438
0.0003333207241235092
0.0002817377990272929
0.00022486210001415596
0.00019846683119162378
0.0001489297931596134
0.00013302611624277372
0.00010527229624734957
9.012534749819334e-05
8.295733209262579e-05
5.834730901277396e-05
5.110779569328372e-05
4.470952079582702e-05
2.0849077344564648e-05
1.2630614795616779e-05
2.435012165535877e-05
2.177646450984838e-05
2.0847892375885912e-05
1.450361713473125e-05
1.6149026652256815e-05
1.40253406206714e-05
1.2417418408516845e-05
1.1478471270365276e-05
9.101887311735446e-06
8.542388441501458e-06
7.414026643282057e-06
6.551936125087643e-06
4.528935203640394e-06
6.1940744550126325e-06
5.845602485954338e-06
5.015294131771597e-06
5.637899208821295e-06
4.607793179456365e-06
6.691493926069825e-06
6.826337969556562e-06
4.802601532460926e-06
4.01927708171268e-06
3.902930612253996e-06
0.010302174741060988
0.007690189738424058
0.005786518281925446
0.004497724046084173
0.00343772080277982
0.0026190860575181496
0.0020727488390990256
0.0016272478041434724
0.001290542155789609
0.0010434299536514757
0.0008052400638519641
0.0006673947085138465
0.0005395245846402386
0.0004453401745916352
0.0003156502211552059
0.00027319360630817524
0.0002298960198503508
0.0002022857130794531
0.0001530424446856138
0.00014173214251678168
0.00011256824446537195
9.043480217163502e-05
8.219021150601691e-05
3.378236505335863e-05
5.283057356109122e-05
4.264391108843579e-05
3.413415141106935e-05
3.506953276311009e-05
3.0113185939262266e-05
2.1364778241883542e-05
2.2133899403420365e-05
1.56264354206348e-05
1.4363951054141566e-05
9.750009561715345e-06
1.561898757385105e-05
9.804766794907493e-06
9.366340004368645e-06
7.412076440393989e-06
5.6400613995810644e-06
7.814850463638834e-06
5.302772751347717e-06
5.1379428054332266e-06
6.031716860865899e-06
6.5838034650766986e-06
4.702192916372638e-06
4.283684108208341e-06
3.9888457651349185e-06
4.762750216769085e-06
3.98759804853821e-06
4.84388088162202e-06
0.012452172089798097
0.009317989760298184
0.007003286039041434
0.005503288762450431
0.004159684769545868
0.0032451255229837273
0.00255686399506061
0.0019835942270004514
0.0015927850988921577
0.001278028549860144
0.0009850843540232246
0.0007757195988083998
0.0006728509423394868
0.0005448480590519722
0.0004222443322330349
0.000351896408389063
0.0002884102471873984
0.00024175228858458464
0.0002048458183921964
0.00014943119588739506
0.00012372785870906622
0.00010347929796239441
9.085641203077088e-05
6.0331055650286736e-05
5.7858663661924936e-05
5.315205742117968e-05
4.806192996986702e-05
3.0365096307383155e-05
3.356143647437193e-05
2.436357876312023e-05
2.0712955523527476e-05
5.929615656596887e-06
1.571311249737306e-05
1.6369725498455168e-05
1.2205977928836376e-05
9.857898327303438e-06
8.72282430230964e-06
9.332325410449371e-06
4.750198026926e-06
6.370805119892964e-06
5.989818660401269e-06
6.414614864835855e-06
5.935146655700052e-06
5.2908624449399255e-06
4.919583538209871e-06
4.91186575923841e-06
5.347224232510328e-06
5.182322206365164e-06
3.963221034908315e-06
4.797898057740113e-06
