0.5793210872889643
0.5246669041658061
0.4641464725506649
0.4039547731755294
0.3477213200941055
0.29716411866451686
0.2520141355010759
0.21231309631411133
0.17890170319864684
0.15011522435435276
0.12524668187707266
0.10491522030932288
0.08739695163992267
0.07293277752218585
0.06081856060405211
0.05081038944146066
0.04219925893326315
0.03507143338457985
0.029512930651118374
0.024505973785781787
0.02054976699895128
0.017250264401331705
0.014542476320542397
0.012148331131894174
0.010177793654054135
0.008627520273471578
0.007239287897288227
0.006008933840617958
0.005054597795064231
0.004310068612819129
0.003652793779740593
0.003077816009389389
0.0025821684013533908
0.0022172710889509784
0.0018473085798731415
0.0015368287809452985
0.001297743401635465
0.0011055325459725651
0.0009354740624679669
0.0007889302187320535
0.0006448404150631859
0.0005553809530443043
0.0004683769278468475
0.000381151649687439
0.00031571388794593425
0.000272376882763381
0.0002297855640351898
0.00020018576966274182
0.00015819937857286526
0.0001322616795732534
0.6655859301563976
0.6367030908333255
0.5961979661086277
0.5477552371939423
0.49606056613329075
0.4438698558451164
0.39282718595481425
0.3453180967866287
0.3018260112229555
0.2626358022472073
0.2270713786083256
0.1964693340306839
0.16918015990432433
0.14596695514183522
0.1256382284064087
0.10848231679312681
0.0934397248085741
0.08100348899655552
0.06991766606265148
0.060669106171827636
0.052660339510769094
0.04576854454783841
0.03988523636821362
0.03490938985011227
0.030631987508416447
0.026956278105303766
0.023620516076278797
0.02088462838945393
0.018465305607073268
0.016204781778592525
0.014418436938099077
0.012694689322498731
0.011361511794205525
0.010029724608902502
0.008939828100403946
0.007993243651417403
0.007142519596301855
0.006326367876227312
0.005648508260023055
0.005058915325768076
0.004503868129750788
0.003999534521700432
0.0035685685032271763
0.003202576516500133
0.0028774888093126005
0.002520718102779096
0.0022712846503990525
0.0020160790025707254
0.0018014314833715295
0.0015808865731754551
0.6916612770166304
0.6937240407447414
0.688215353662601
0.6740870634442813
0.6519256657988113
0.6235210000988161
0.5907763262517498
0.5551602005181147
0.5179651648904531
0.48114803038083
0.44524064016908693
0.4113363079366126
0.37935020781712114
0.3489435544266283
0.3212600239291419
0.2954494642227219
0.27225029224330344
0.25084022506503945
0.2310772804981619
0.21300552864599176
0.1970274184899352
0.182094934242244
0.1682698376889008
0.1553762143535321
0.14369129902643774
0.13291147567550066
0.12300781824234475
0.1137537286835103
0.10508694931804041
0.0971482392758638
0.08972093957716831
0.08294381560140418
0.07634611230988986
0.07049796393578311
0.06502240110968494
0.05979248847744678
0.055017413028897066
0.05055033092968664
0.0463876538182737
0.042560964939894474
0.038956339955343644
0.035696111881982295
0.03258395480399645
0.029733269293443776
0.02703346411307539
0.02457887302348416
0.02225987791067252
0.020174615646446625
0.018220233542189268
0.016381222979162113
0.7207155980058949
0.7214820078762885
0.6937217152041109
0.7031574484645534
0.7101868216899123
0.7135966576896591
0.7129423116335143
0.7082600305938861
0.6997238738902711
0.6884891124304171
0.6743243575376074
0.6584882072502776
0.6412279528509183
0.6229150065793583
0.6044798164168834
0.5857606516197368
0.5668081068035858
0.5481125523389427
0.5302267296554419
0.5121171008296788
0.4940995060021771
0.4771114187307255
0.4602396883903527
0.44375718525597163
0.4275553045544104
0.41186365858688023
0.3961296686900777
0.3809672984540349
0.3659457887331431
0.35115161565971675
0.33676812907411113
0.3224738409176766
0.3084613999868461
0.29470441764731337
0.281039848634664
0.26773620408253596
0.254693808319715
0.24184009031423714
0.22912745083161956
0.21678061511064772
0.20467262004694198
0.1927512010027551
0.18127082684129758
0.17003316225644083
0.15900505313301827
0.14842585258923524
0.13806580280063085
0.12818831082511584
0.11852149238328091
0.10933508694866967
0.6664430268382339
0.6652320149870138
0.7498101186679063
0.7547796082239469
0.7568632195740246
0.7583259120792019
0.752622811746601
0.7647503429576623
0.7751583246094311
0.7835974636694688
0.7898490965468383
0.7940107474025098
0.7964487762446667
0.7974043225642427
0.7968993721846668
0.7954910776445974
0.7933536034398847
0.7908255551443242
0.7879476942914284
0.7847233755542954
0.781832982392056
0.7788604824503017
0.776285357403918
0.77393557484875
0.7719823026962995
0.7703125715572388
0.7693044279840664
0.7685850788677949
0.768213418271984
0.768479811590143
0.7692432042671533
0.7705541656421127
0.7722552696988565
0.7744489027855996
0.7769948164369566
0.7799642346500233
0.7835946940168066
0.7875383572294765
0.7918495371257604
0.7965686318113571
0.8017930644390814
0.8073360346424067
0.8131380987061474
0.8192861021736847
0.8257229635398877
0.8325434513888543
0.8394849027141137
0.8467849826288545
0.854066051046067
0.861686851937521
