1.4712700177610394e-05
1.3497238962489888e-05
1.2331780952834492e-05
1.1653136991141011e-05
1.1247259738444981e-05
1.0790484108014198e-05
1.0582727731800468e-05
8.587224156419992e-06
8.605787920501484e-06
1.0157198867766226e-05
1.0013150523624503e-05
8.144137097820803e-06
7.83669213411109e-06
7.740666884692438e-06
9.361955775277764e-06
9.309412599911582e-06
9.182764946102928e-06
9.016778253267965e-06
8.971493564269295e-06
8.962968012560246e-06
9.02490395304767e-06
8.874430255545462e-06
8.72673647900335e-06
8.65964264207264e-06
8.599420866062246e-06
8.633448022155044e-06
8.558011404424803e-06
8.590859483681434e-06
8.479928418791971e-06
8.471605389082093e-06
8.398254514374592e-06
8.493693766098431e-06
8.453912945460829e-06
8.358440159339509e-06
6.7845258913123985e-06
6.914122323564698e-06
6.825615601946389e-06
6.645448505593343e-06
8.261404220721857e-06
8.339670780066477e-06
8.276837453635721e-06
8.369822018572393e-06
8.230868065339791e-06
8.22338839101544e-06
8.216688979656439e-06
8.215786838405847e-06
8.236558053820175e-06
8.206619528716708e-06
8.20841930604388e-06
8.20644852228547e-06
0.0005374082910785116
1.3301605789162174e-05
1.224570463875807e-05
1.1675361949681218e-05
1.1321614572734617e-05
1.1006831147630791e-05
1.0557675917510778e-05
1.0384184152445464e-05
8.521132778938068e-06
1.0196861891298425e-05
8.270315215219703e-06
9.78671899076744e-06
7.914658715857392e-06
9.507223051707925e-06
9.331177728055806e-06
7.460429864436513e-06
9.120329461320686e-06
9.027408958806049e-06
8.996203262667812e-06
8.935925932318511e-06
9.013702447102645e-06
7.249413161325435e-06
8.760431470800079e-06
8.682564301976115e-06
8.611141220526974e-06
8.623351972381066e-06
8.612077634806425e-06
8.535711483625974e-06
8.463341329534302e-06
8.731667089811879e-06
8.545110444457826e-06
8.430561466599151e-06
8.362221273428005e-06
8.431614514026187e-06
8.351570819797871e-06
8.444255836348447e-06
6.769829056785248e-06
8.317233042731687e-06
8.458901689323284e-06
8.37480849380512e-06
8.269430553986545e-06
8.398071980830757e-06
8.384941021399861e-06
8.302282957450835e-06
8.260743739940679e-06
8.489674582001783e-06
8.218899757661546e-06
8.20101008158769e-06
8.209376436418836e-06
8.250225965844571e-06
0.00033891937448193854
1.3354232040074798e-05
1.2340582808856304e-05
1.1649234963329036e-05
1.1309176263685217e-05
1.0919937270759128e-05
1.0552155451426515e-05
1.0576366500592016e-05
1.0349580191526542e-05
1.0068462142021062e-05
1.0138107945811825e-05
8.008963233940847e-06
7.929894640823498e-06
9.43325791380456e-06
9.377814206956714e-06
7.4215328031979055e-06
9.123975779123938e-06
9.095745623133311e-06
7.35409788976682e-06
8.906116460316582e-06
7.228272581150108e-06
7.000599776652017e-06
6.98397494414138e-06
7.048575435320004e-06
8.62686694813597e-06
7.166169574079895e-06
8.531762746399885e-06
8.489306809966735e-06
8.53031082326261e-06
8.476701104598305e-06
8.507971506754863e-06
8.444632971893462e-06
8.904217222549526e-06
8.408910293633554e-06
8.396373851304872e-06
8.49609468733803e-06
8.319942278900427e-06
6.7663858679400946e-06
8.318643985094631e-06
8.258093776358777e-06
8.239171161994463e-06
8.28586223722283e-06
8.524393686704101e-06
8.231638327749202e-06
8.289961761276388e-06
8.31249722110794e-06
6.871195441737754e-06
8.217324210857413e-06
8.28779054784512e-06
8.324311764673631e-06
1.4366549654254435e-05
1.3139774518000635e-05
1.2250168040295328e-05
1.1480155608367681e-05
1.120495974293867e-05
1.0945556663699563e-05
1.0742581842970722e-05
1.0398080000917354e-05
1.0204794398727124e-05
1.0024333827907128e-05
8.138806721680325e-06
7.956307383150119e-06
7.922307220686875e-06
9.435823217440742e-06
9.341565450959877e-06
7.496721509347992e-06
9.17314481485576e-06
9.008120881004444e-06
7.550311626358663e-06
7.147834002241282e-06
7.107052886090592e-06
6.857310679619921e-06
7.105428912246303e-06
6.992028994678989e-06
8.64669919864447e-06
7.0999239948355e-06
6.913916687500965e-06
6.80412448783585e-06
6.853298731956947e-06
8.489258926935861e-06
6.8634592012006834e-06
6.754732127745022e-06
8.409949336707356e-06
8.459179141606654e-06
8.3261438996729e-06
8.327058629076234e-06
8.335554479321772e-06
6.770530689759191e-06
6.997366662986337e-06
6.893070151114955e-06
8.236993097821e-06
8.259719705416835e-06
8.274352926718187e-06
8.25191257225466e-06
8.275440547378388e-06
8.240989870067494e-06
8.223092855419445e-06
8.210305359468428e-06
8.245016539176753e-06
8.236622571988761e-06
1.4185062636506984e-05
1.2921363500839611e-05
1.2033220919027698e-05
1.1715454078631282e-05
1.1171076512495048e-05
1.1064520905601505e-05
1.0793343965032065e-05
1.0475071881010933e-05
1.0208952555657014e-05
1.0034393684632548e-05
9.887632569816063e-06
9.726204279303374e-06
7.80346529083431e-06
7.722808856192032e-06
9.351674344681982e-06
9.229191907822454e-06
9.161052228590094e-06
9.065796401364068e-06
9.030163745649133e-06
9.001577461864585e-06
8.879441512510411e-06
8.868386174643028e-06
7.182571740815824e-06
8.685616381010064e-06
6.907918678411562e-06
6.732295995348636e-06
7.025163447305083e-06
6.883165156512661e-06
6.891085753135684e-06
6.929301106906038e-06
6.842940672102671e-06
6.770251101295699e-06
8.555961766409936e-06
8.361057633798907e-06
8.373914333947852e-06
8.422041346767273e-06
8.409612555659862e-06
6.734465871849338e-06
6.714857098799598e-06
8.299077434825719e-06
8.261634106387916e-06
8.421140162417906e-06
8.266133249890117e-06
8.259305608993017e-06
8.244372223353835e-06
8.59085183257946e-06
8.24580333613767e-06
8.238188971887439e-06
6.891031980593709e-06
8.194955127827086e-06
