0.6096760038974024
0.7212432761714822
0.5271570848859766
0.6607561446048227
0.6479248400678221
0.5052503950571132
0.6486791597812196
0.6455696438000826
0.557547814626361
0.5564194396526503
0.5139870932920959
0.5574171490471023
0.4370282291627504
0.4699414328561812
0.4310890670874098
0.34193933134281906
0.31534507710878024
0.29093810379615015
0.26877890637427515
0.24814987786879938
0.22935296147607964
0.23747523050032493
0.21771560974840787
0.20045462453771945
0.1674919740140094
0.15488086092493003
0.15584754826650116
0.14330793449243673
0.12222441834637643
0.11289520230475336
0.10444156652165204
0.10256306145186145
0.08888108959864782
0.08201356115455216
0.07543191601636601
0.06964876679776666
0.06409830588460408
0.05891263009391401
0.05407602475416173
0.049681181220713744
0.047031424588055315
0.041756139982538576
0.039240623368937744
0.03585434202776727
0.03190493129652727
0.029082090606115996
0.02696931980955164
0.024506460968588994
0.022156965484584346
0.020046655526031576
0.72157515965145
0.5202352528366102
0.6455464407647664
0.4880993751183963
0.6297108282082176
0.6186059221658464
0.5442900031314504
0.48973184825161586
0.4306629790027612
0.4485233675942063
0.32841578711588715
0.3404221848063427
0.29604352078181684
0.21682685556319103
0.22437621343986247
0.16483153927297256
0.14434680536945532
0.12674910271233497
0.11109986561337504
0.09789811180989716
0.08650499335569906
0.08867212015333015
0.0678241074092163
0.06928951954598983
0.0612752723752249
0.04788803759301796
0.04852476443857334
0.043082364288766994
0.038504412752218276
0.03436581466037858
0.030840808784380336
0.02764865888045298
0.02263092718516968
0.022194372148293118
0.01997205184719697
0.01803423192188547
0.01618665444572942
0.013643175314153932
0.013117634641126141
0.011892638669836919
0.010700796524864775
0.009173227350780633
0.008687098125803705
0.007853690462237273
0.007086632677305138
0.0061555128034507245
0.005561718235420621
0.0049916039961256375
0.004627846842342631
0.004155974887137592
0.6882469596448249
0.6469787223334004
0.6275997572217191
0.6253818729946348
0.6055395924885638
0.5262653761821386
0.5370315085448771
0.4563355452132116
0.3845861443340858
0.32312975243009223
0.22696071863161393
0.18999711452745605
0.1588642752383368
0.15833878075588537
0.11107347706339998
0.11135826296155993
0.07806196611129113
0.06562559519913647
0.06583098680930544
0.04645877346262495
0.04668044652462178
0.039610516167012055
0.03340624688479288
0.023775194875165218
0.024109336266228465
0.020570952969821477
0.014769376567404846
0.014998821580145982
0.01268168111547019
0.009241703747403185
0.009283418717600078
0.007964838563805143
0.006850120764563261
0.005890496700895809
0.0043734370059484995
0.0037707180277667396
0.0037874224615878083
0.00323394789731557
0.0027658335068287965
0.002447530564013589
0.002114806607301678
0.001599621617665914
0.0015700205035862336
0.0013611295775418641
0.00119525270544929
0.0010517339177343876
0.0008854156542699165
0.0007831259637620658
0.0006259225183917749
0.0005490633118285793
0.5139950964229316
0.48217698542928533
0.6191439372220375
0.5070963641189563
0.5455340435269302
0.5474365761689336
0.38229218689887123
0.37418911158913537
0.307060156813148
0.25096714775741125
0.20552943006975943
0.16800095246875768
0.11550340825695704
0.09436940371494484
0.09250492370475394
0.07635678568768078
0.06294470119790985
0.04347595340930177
0.03601141458176649
0.029874228558330995
0.024820158085633093
0.020744561322804556
0.020524097088051696
0.017181043733416224
0.012020515031064605
0.010119345368558519
0.010062918340766558
0.007075855788646002
0.005974930662332345
0.006014919106951289
0.0050797289316828476
0.004277503028384699
0.003595452640026031
0.0029859752363146086
0.002148539168622454
0.001804579970601572
0.0015435334653648436
0.001290093867324038
0.0013078258528028686
0.0009350556319119852
0.0009156616582925992
0.0006436013355308745
0.0005552168751790099
0.0005555472383880211
0.00048187606236460567
0.0003812160052836244
0.0003317935821329776
0.0002690474131648024
0.00019518917405014768
0.00017473324487593533
0.5083470272876698
0.47883602066106523
0.48610023641927946
0.597936376558871
0.5562312656178843
0.4137702612183972
0.33682276004305667
0.2715163105288939
0.2587399057506399
0.1741788400921198
0.16675902982506685
0.11256656225793105
0.09075617794669344
0.07339770714835436
0.07128785918185776
0.05794012159840167
0.04719577349862292
0.038576417945946906
0.031674640344146465
0.022003822893299163
0.021623531027217258
0.017805278321863738
0.014845473139834309
0.010328305698961926
0.008572166247139634
0.0071490828272849916
0.007153791261652387
0.005951372830907076
0.004204051155895616
0.004164590278834979
0.002932351844191272
0.002953718771216862
0.002465655468918637
0.0021066787296634137
0.0017825765425504292
0.0014638879772150837
0.0012263531840948083
0.0008961022755794579
0.0007365929376677016
0.0006276928687426464
0.0005366173600875879
0.0004519206046729174
0.0004333548595183423
0.0003255442987247781
0.0002736832742369355
0.00023237803989495376
0.00022196538676544364
0.00016779128555821643
0.00014033507058641703
0.00011482219956437945
