0.0022306266897307303
0.001528594242750425
0.0010671910969963783
0.000778367044045214
0.0005925061558869071
0.000471747720919069
0.0003814905686438941
0.0003176329784280174
0.00026554585047722234
0.00022369253290288604
0.00018937568449350906
0.0001612425183423749
0.00013804095210578904
0.00011866198152377105
0.00010248222119169093
8.909486025943103e-05
7.791964377146243e-05
6.848105056689313e-05
6.059345199527222e-05
5.3919732429852374e-05
4.8250549357753414e-05
4.3411228683565284e-05
3.9555327983498145e-05
3.580382135903726e-05
3.2758280793521166e-05
3.0116288631365506e-05
2.7709504720752065e-05
2.568151453519185e-05
2.3909036581448717e-05
2.2316171158887066e-05
1.92281483947232e-05
1.9856054863875983e-05
1.862208939473753e-05
1.7619262558943305e-05
1.701157289735189e-05
1.6033531632486664e-05
1.531786020425585e-05
1.478173785196546e-05
1.4239673533089636e-05
1.3548704254295885e-05
1.3140091243091234e-05
1.269553425786718e-05
1.2254930627619842e-05
1.1894890154851012e-05
1.1697140427813224e-05
1.1370754000927796e-05
1.1172290585337308e-05
1.102793029139626e-05
1.0785508061217364e-05
1.0335507213521389e-05
0.0016380142405845177
0.0010192999887888021
0.0006516469769515254
0.00043745024018715384
0.00030881845530128516
0.00022557104708009756
0.00017335851924238366
0.00013545801304504224
0.0001082022691869522
8.770166032667781e-05
7.222413178409326e-05
6.0283605959332576e-05
5.097004748699785e-05
4.365710279663482e-05
3.785323363891813e-05
3.3329160704642646e-05
2.9353399420228854e-05
2.636694696978026e-05
2.372396146466116e-05
2.153684349370799e-05
1.9746798413655675e-05
1.827721779967817e-05
1.7004471119519415e-05
1.596046154861419e-05
1.5010012001659412e-05
1.418262688646088e-05
1.3547324344109768e-05
1.298798117044253e-05
1.2394950435590246e-05
1.1950336829436026e-05
1.1645360478929057e-05
1.1197946846674967e-05
1.0919481391535868e-05
1.0716407089161883e-05
1.0345400483169342e-05
1.0168030586843457e-05
9.997424701757573e-06
9.803686548126578e-06
9.758537183102156e-06
9.480319754562316e-06
9.566635246871513e-06
9.287100960042594e-06
9.209643815566437e-06
9.088925896127975e-06
9.04168309068254e-06
8.972502738346932e-06
8.895057234781234e-06
8.8710398168379e-06
8.748305246664145e-06
8.862179959656658e-06
0.000900487858155774
0.0004823533434680227
0.00026829123178728764
0.00015861018868057464
0.00010018181678650429
6.744676777648007e-05
4.8216693720681825e-05
3.621535048003999e-05
2.8594857532371343e-05
2.3386033470074175e-05
1.9743859991816493e-05
1.7463087161662116e-05
1.533131604813942e-05
1.4102742177612981e-05
1.2871966077687702e-05
1.2080216068799388e-05
1.1642177824788824e-05
1.1007178289057507e-05
1.048214812171544e-05
1.016486028571073e-05
9.971923724094722e-06
9.571104158445642e-06
9.419572063906756e-06
9.304207099658512e-06
9.10628416517234e-06
9.011866305086436e-06
8.92267791774426e-06
9.164253781501763e-06
8.758731442126688e-06
8.711701735886201e-06
8.603928154271578e-06
8.553733955807274e-06
8.47586160634961e-06
8.47946099591379e-06
8.430543953497072e-06
8.38488833254658e-06
8.33108245801295e-06
8.37761535499304e-06
8.4347382456329e-06
8.31456622640836e-06
8.500672066147352e-06
8.291298115525869e-06
8.428497922263745e-06
8.295453095774619e-06
8.36341891063963e-06
8.369352122783447e-06
8.23626935275712e-06
8.218269812898527e-06
8.212062922785535e-06
8.350422581848704e-06
0.0003744702742709549
0.000164186020541357
7.698577553483243e-05
4.086222638255421e-05
2.5222197031160576e-05
1.799538568114656e-05
1.2555214995435549e-05
1.2649189252478266e-05
1.1570351256651179e-05
1.1011868636057187e-05
1.0520210554587628e-05
1.0064499165074459e-05
9.799537521226753e-06
9.6751306295495e-06
9.605718006788777e-06
9.24686756698101e-06
9.145691476586393e-06
9.61502676832815e-06
9.017611841910522e-06
8.902568330082516e-06
8.746975804996282e-06
8.744886338063473e-06
8.670968064783402e-06
8.672713503687923e-06
8.582844820193003e-06
8.71923153611398e-06
8.566512689212047e-06
8.636596724675982e-06
8.520848040372009e-06
8.51706755788939e-06
8.480101382213334e-06
8.39505287453246e-06
8.357206625730917e-06
8.431155414156954e-06
8.353482599754436e-06
8.317988078987426e-06
8.33790741017193e-06
8.287192887812544e-06
8.27134041148092e-06
8.375142937611102e-06
8.239187520686642e-06
8.252410282572065e-06
8.314181958346545e-06
8.23276345340851e-06
8.237561216040135e-06
8.245382686289382e-06
8.218190773123801e-06
8.24209764116457e-06
8.19877060498353e-06
8.22730788685444e-06
0.00012180053262766943
4.49404421534183e-05
2.18158289916337e-05
1.4373284855428992e-05
1.0113395507049816e-05
1.1252279602746995e-05
8.893052423242231e-06
8.663894256244475e-06
8.42597707106929e-06
1.0309012164588793e-05
1.010604561813011e-05
9.814180559231112e-06
9.648759188740641e-06
9.636507181109977e-06
9.467491726478094e-06
9.274590128560689e-06
9.185538836886664e-06
9.057674997925425e-06
6.996852607299431e-06
9.077527593381873e-06
6.999590730472072e-06
8.734071239357988e-06
8.80411280634874e-06
8.659731272508964e-06
8.68638704198954e-06
8.629245026314791e-06
8.567887113897221e-06
8.471534973963912e-06
8.573454133742331e-06
8.512094478496657e-06
8.380938663954396e-06
8.430637989720324e-06
8.427362731100452e-06
8.322389488668591e-06
8.30944980867443e-06
8.341371143805176e-06
8.371900122483567e-06
8.398027246503403e-06
8.325655631025164e-06
8.269424719431484e-06
8.293738341325074e-06
8.378594076763335e-06
8.218606520671301e-06
8.321998727800484e-06
8.45511721792036e-06
8.23254473858448e-06
8.250810175525203e-06
8.185120614179198e-06
8.177916650087269e-06
8.185472912813907e-06
