1.2159883943652083e-05
1.1342648965295687e-05
1.1022908667057685e-05
1.090075980803018e-05
1.0564825580594572e-05
1.0247853434286469e-05
1.0387668109901327e-05
9.947175836799715e-06
9.678712979410697e-06
9.511733343847695e-06
7.71408048194644e-06
9.325301092433236e-06
9.179617151522379e-06
9.05268122775027e-06
8.944097357188596e-06
8.907141726410828e-06
8.764869970145917e-06
8.751499143921926e-06
8.628437301871905e-06
8.571078584651559e-06
8.60377702316395e-06
8.62178546456871e-06
8.465200717289179e-06
8.609378710167093e-06
8.474761113319573e-06
8.35301191270954e-06
8.332837125646364e-06
8.272289736210858e-06
8.304083909393967e-06
8.208585133728796e-06
8.230367871675526e-06
8.181942421692234e-06
8.330927136368516e-06
8.191216122055422e-06
8.210074438408377e-06
8.212723176859171e-06
8.152004798200885e-06
8.097841355692026e-06
8.074438890837143e-06
8.179705975108753e-06
8.143199310750582e-06
8.058278462064195e-06
8.075564309595329e-06
8.178779727474605e-06
8.138222276743434e-06
8.050583233720765e-06
8.114588264218625e-06
8.10690493557864e-06
8.067655510313188e-06
8.061005574488966e-06
1.199700098630796e-05
1.1349065195620511e-05
1.0666023105843081e-05
1.0736491249163649e-05
1.0676020526623198e-05
1.0263197559368109e-05
1.0223559191557818e-05
9.889117181027807e-06
9.761487113513212e-06
9.699010528940732e-06
9.48435006686843e-06
9.392257502627288e-06
9.254558953619707e-06
9.170007604697439e-06
8.972198852097435e-06
8.888086010294671e-06
8.870023818108308e-06
8.719224341091625e-06
8.660908048852e-06
8.596324303722369e-06
8.624680493340975e-06
8.537410095099673e-06
8.646911983656302e-06
8.463973622641063e-06
8.448719608145083e-06
8.354346808903124e-06
8.795227703473074e-06
8.812208828312684e-06
8.347457204460618e-06
8.255516701582977e-06
8.262626269406326e-06
8.807761173068585e-06
8.256292484132288e-06
8.249209303090588e-06
8.156100760770002e-06
8.182466499917496e-06
8.38099635092071e-06
8.18076976771831e-06
8.087907469422895e-06
8.220111028522936e-06
8.087804252765451e-06
8.134223920208683e-06
8.070278465388547e-06
8.111684616673998e-06
8.056826210411927e-06
8.085731863616274e-06
8.085148311187673e-06
8.073585115897508e-06
8.155133708331874e-06
8.047687584666896e-06
1.21747120516158e-05
1.1417812914027436e-05
1.1110551235482546e-05
1.0731469433755692e-05
1.0489409860925392e-05
1.0181772376216536e-05
9.917375965562414e-06
9.943263324152518e-06
9.923968546265982e-06
9.678380191502356e-06
9.570126476510232e-06
9.32556823185493e-06
9.25431065468274e-06
9.077405859314602e-06
8.98996511222716e-06
6.626904135997869e-06
8.861449671271338e-06
8.74636362835357e-06
8.62845095195297e-06
8.594673758244298e-06
6.49073111769205e-06
6.427888479709765e-06
8.45780190628087e-06
8.511314316228535e-06
8.46565781364994e-06
8.399348859766675e-06
8.421141203696081e-06
8.47534814596429e-06
8.338901591797843e-06
8.254993226541885e-06
8.275658818668319e-06
8.17894904991956e-06
8.150793963768166e-06
8.171726645023192e-06
8.298819385244016e-06
8.190442804645315e-06
8.137959052412214e-06
8.106036460620025e-06
8.101098425861153e-06
8.11114685361769e-06
8.181826810949033e-06
8.1341184816619e-06
8.096660074841111e-06
8.158509196998232e-06
8.06339785608401e-06
8.24872168292412e-06
8.202095002629584e-06
8.119997962019454e-06
8.093361666960952e-06
8.22358938534773e-06
1.1984132498366051e-05
1.1447713753609534e-05
1.12648413977956e-05
1.0881060692802258e-05
1.0439157485553352e-05
1.0422772210416653e-05
1.0058774102761348e-05
1.0228464897177325e-05
9.899006645497366e-06
9.784943354129716e-06
9.593435595589561e-06
9.400490782240922e-06
9.222333239966574e-06
9.14053271383608e-06
8.977024791301247e-06
8.947532697645144e-06
6.709802352400374e-06
6.7955284025478235e-06
8.629951283700699e-06
8.580324946327877e-06
8.52598042200281e-06
8.542786814835779e-06
8.430551426075183e-06
8.42396364963971e-06
8.387325192815709e-06
8.362126882932586e-06
8.368908090528038e-06
8.264092237864062e-06
8.253890218634652e-06
8.366143775417889e-06
8.40600071194686e-06
8.185979996078174e-06
8.255594203254724e-06
8.35902855822468e-06
8.29997806872651e-06
8.26563930000912e-06
8.138485972253306e-06
8.146858992530426e-06
8.239889879191331e-06
8.249796975667856e-06
8.15871075210417e-06
8.086809672569473e-06
8.419736931220001e-06
8.250397117826047e-06
8.086264278062139e-06
8.19263706564044e-06
8.168726113644276e-06
8.055708256682337e-06
8.05732312891827e-06
8.065703392623469e-06
1.2106817937285186e-05
1.170765432545462e-05
1.1078751723458957e-05
1.0895281138068036e-05
1.0340066362246603e-05
1.0315536899119238e-05
1.0256614575321343e-05
1.0131438762828182e-05
1.0071844502634875e-05
9.674662134862011e-06
9.518768821492607e-06
7.170048511695448e-06
9.233894738835957e-06
9.067894753633787e-06
9.079183274307567e-06
8.931159542480138e-06
8.938094561372623e-06
8.771974792542991e-06
8.6777888469447e-06
8.610778461703994e-06
8.585949080597288e-06
8.611304958883181e-06
8.527553955639533e-06
8.553801226218738e-06
8.458058420091064e-06
8.346918597412767e-06
8.362983688670056e-06
8.38299447769586e-06
8.670923553832921e-06
8.332964469559556e-06
8.364157412343864e-06
8.204113662979573e-06
8.208402339171528e-06
8.404689667118603e-06
8.382025371345136e-06
8.217679085986695e-06
8.170012997688048e-06
8.121115506298793e-06
8.172455433275161e-06
8.13663811749521e-06
8.084060484581101e-06
8.091130993648221e-06
8.149349838282305e-06
8.086250976813147e-06
8.092475974441626e-06
8.159728861700799e-06
8.079905498781237e-06
8.235903859676874e-06
8.049083565886406e-06
8.057225545199387e-06
