0.0003743831279922061
0.00022897728308457488
0.00013927740097052776
8.816401467126589e-05
6.981572434783256e-05
6.032813113310276e-05
5.542627345089812e-05
5.239399545775569e-05
4.9458952537384526e-05
4.66153925116064e-05
4.3989261068744234e-05
4.088289467796269e-05
3.805329765727006e-05
3.53397167719427e-05
3.276472352897741e-05
3.044001277652253e-05
2.82168245326897e-05
2.6493620691736552e-05
2.433442683691389e-05
2.292154030558713e-05
2.1190376675028766e-05
1.979789380290864e-05
1.8645713530052177e-05
1.7472513190064376e-05
1.6463597121596507e-05
1.5706821037353436e-05
1.483809744495801e-05
1.4166402305337833e-05
1.359870530703855e-05
1.2980925844341407e-05
1.2482264960311795e-05
1.2023781445491544e-05
1.1573201127990096e-05
1.1515485316193619e-05
1.0966252925070918e-05
1.063472561080303e-05
1.0381352140820255e-05
1.0159404878251621e-05
9.987020520352274e-06
9.80983107667921e-06
9.668871915557986e-06
9.469409220308478e-06
9.351034654936363e-06
9.301197214095502e-06
9.283358430201005e-06
9.02341349262592e-06
8.93860143147407e-06
8.910364994063613e-06
8.841274358628581e-06
8.766699360895913e-06
0.0005021866971322009
0.00034050132384155773
0.00022778145667667893
0.0001546241385823599
0.00011905581729343417
9.581040177031319e-05
7.757529212581993e-05
7.023980571818633e-05
6.180718279602537e-05
5.4735686974782816e-05
4.818964200037357e-05
4.2520042266458447e-05
3.7547947117522185e-05
3.3217812733132845e-05
2.948528317614496e-05
2.6291828652325044e-05
2.3650779795381105e-05
2.137395575552148e-05
1.9627347936923556e-05
1.78573382152436e-05
1.6578911150921805e-05
1.5542265979107128e-05
1.4597136613114792e-05
1.3690090852946923e-05
1.3005970542101508e-05
1.2394882332400492e-05
1.1966864323031956e-05
1.1562838836409739e-05
1.1223031190499277e-05
1.0768035596409042e-05
1.0503155380092721e-05
1.0282395438099279e-05
1.0124234011033018e-05
9.8107248692747e-06
9.643891274224714e-06
9.580490372584904e-06
9.535339054345116e-06
9.240112560648939e-06
9.15209588858712e-06
9.2068492619779e-06
9.091195087185255e-06
8.949473329300517e-06
8.897395962992327e-06
8.753697141150596e-06
8.987629567691613e-06
8.92066530111535e-06
8.618967314522052e-06
8.587610869748019e-06
8.668877157336219e-06
8.496966860227495e-06
0.00102197089178091
0.0007290623628296578
0.0005142799647235297
0.00037738645486073974
0.0002898193389506698
0.00024445730488886763
0.00021071479151557604
0.00018524857668889005
0.00016052772275043647
0.00014505968909528377
0.00012795716131797086
0.00011233677015842769
9.860322583077341e-05
8.611050092000028e-05
7.541542259659195e-05
6.606043731949285e-05
5.806690278942206e-05
5.1212069686057404e-05
4.5439004117353576e-05
4.06926359300952e-05
3.626144451440716e-05
3.26993186327007e-05
2.9737210745728326e-05
2.703907971868258e-05
2.479250033005087e-05
2.2884264549105637e-05
2.1228536587925007e-05
1.9873115806645636e-05
1.8538733557615927e-05
1.749612286050528e-05
1.6514545782775336e-05
1.5717882836829844e-05
1.512529470459878e-05
1.4339516491435056e-05
1.3775547808680955e-05
1.320980146268802e-05
1.2744952383902941e-05
1.23336287444209e-05
1.199656222528045e-05
1.161675391769812e-05
1.1325486592883571e-05
1.1115998254540571e-05
1.0788392629690335e-05
1.0656041281698059e-05
1.0378658592324896e-05
1.0184757823106239e-05
9.996633252629117e-06
9.897730388397363e-06
9.701074313639424e-06
9.62429686057753e-06
0.08243870713630297
0.06665885911289204
0.0009135451688407903
0.0006964741148023368
0.0005560797256171091
0.0004677438016938984
0.00040836967923973955
0.0003585354187256584
0.0003126567349978071
0.00027854642463243096
0.00024468058944149274
0.0002143974539086102
0.00018752401393873352
0.00016377299382752675
0.00014305293554528475
0.00012516672725737532
0.0001097179137701243
9.6572743030654e-05
8.522268276056622e-05
7.538810859286649e-05
6.761921280984406e-05
5.999036396786561e-05
5.3919118730982873e-05
4.8611051881808365e-05
4.406257133382496e-05
4.0137306394960603e-05
3.6735168335688684e-05
3.373745585544263e-05
3.116001314884542e-05
2.885096134741527e-05
2.680960835355073e-05
2.4999907996647863e-05
2.3474865374906173e-05
2.2084617367079673e-05
2.0798154516832312e-05
1.9633894704718102e-05
1.872078976106195e-05
1.787903109806699e-05
1.6855455149289433e-05
1.613213181250739e-05
1.5491864499894703e-05
1.4913503277869111e-05
1.4260900128126863e-05
1.3908757347413925e-05
1.333705232464677e-05
1.285611543999643e-05
1.2607426270072608e-05
1.203496792745451e-05
1.2162932474746313e-05
1.1614971109352723e-05
0.666666177011213
0.6666661566674563
0.03936535932481644
0.029764052291486598
0.0225318003827909
0.0174550875741869
0.0005044832643082975
0.00043390486642991277
0.0003754298750180407
0.0003254857155938762
0.00028224894228556785
0.0002448907371265241
0.0002124975627084691
0.0001846504560669704
0.00016086856369845748
0.00014039824902001286
0.00012293997511603205
0.00010805036696692749
9.543710903581193e-05
8.456939329748447e-05
7.528027918568547e-05
6.733921931778575e-05
6.064148328910335e-05
5.463424895579827e-05
4.958820742007042e-05
4.512188730543265e-05
4.137783557867092e-05
3.791981879963657e-05
3.495882717063914e-05
3.232322263069243e-05
2.9980813619046032e-05
2.8021568703961997e-05
2.6130661355039386e-05
2.4603764291253327e-05
2.302101675044632e-05
2.180362199799557e-05
2.0521432218756352e-05
1.9433949353220292e-05
1.8425906748720244e-05
1.7652407047541452e-05
1.6716078123257816e-05
1.6101486709052537e-05
1.5333488985191934e-05
1.4781507845174069e-05
1.4338791858525823e-05
1.3659903095653014e-05
1.3251789012569404e-05
1.2948789219535684e-05
1.261624353732227e-05
1.2024833323742712e-05
