3.7086763075455664e-05
1.756166914090862e-05
1.3304456319529478e-05
1.1925561785863792e-05
9.333142424239327e-06
1.0969918950110014e-05
8.739344184327535e-06
1.0617705258453292e-05
1.0546663335775364e-05
8.279313389536469e-06
8.099973690667284e-06
9.904804880500606e-06
9.753470167961353e-06
9.679799538142575e-06
9.440620197476157e-06
9.241157479911166e-06
9.159540252712262e-06
9.036013120411468e-06
8.990820672294397e-06
8.917354004545075e-06
8.900621497942574e-06
6.979794631045699e-06
9.035349378461177e-06
8.76233064373011e-06
8.621276124332056e-06
8.567940553372289e-06
8.498716522420402e-06
8.498277179525004e-06
8.477621688096626e-06
8.442974481659427e-06
8.427271734445796e-06
8.400403308073123e-06
8.367793609798113e-06
8.376664896281305e-06
8.32264370997926e-06
8.376726881698104e-06
8.395312293796309e-06
8.28430771360189e-06
8.318146760721845e-06
8.363235948438685e-06
8.28466835844921e-06
8.340436401299556e-06
8.286346232622144e-06
8.249640608193332e-06
8.208611701476798e-06
8.248281436862293e-06
8.224392579192497e-06
8.26746606685802e-06
8.209463030262043e-06
8.200603224706171e-06
1.7937000656109703e-05
1.3906733874691213e-05
1.2680950562393711e-05
1.1832735865136002e-05
9.466387252299313e-06
1.1026617997345056e-05
8.96635336711249e-06
1.053952699558991e-05
8.389181915369193e-06
1.0187515015358528e-05
8.345120038111276e-06
7.987148837762525e-06
9.800876371701683e-06
9.63725767721968e-06
9.345103527236276e-06
9.362941468804564e-06
9.274371797651781e-06
9.042117047552978e-06
9.078702102760516e-06
8.940112569799652e-06
8.849151023504476e-06
8.750087272746399e-06
7.049558912064491e-06
8.677635096154823e-06
8.695351679910424e-06
8.592428041409583e-06
8.564235763119932e-06
8.57837538426054e-06
8.853885271498108e-06
8.415796408089982e-06
8.641176513890514e-06
8.399125696167964e-06
8.40873021212829e-06
8.383213437879178e-06
8.323712337499067e-06
8.354823670231326e-06
8.305446208001221e-06
8.313957552408269e-06
8.304626297195306e-06
8.305221344429015e-06
8.292316818980794e-06
8.236838164421556e-06
8.417025011087098e-06
8.32420571672543e-06
8.249395524906333e-06
8.254929495521424e-06
8.263633817007232e-06
8.200551960824143e-06
8.216929613169555e-06
8.299586137794357e-06
1.527113721511153e-05
1.374356074590466e-05
1.2619347407483161e-05
1.1836567374245988e-05
1.115926028383285e-05
1.0894309088849141e-05
1.0759622406153468e-05
8.609172462481496e-06
1.0331365667304304e-05
8.473463818381433e-06
8.50550301412234e-06
8.014613421813976e-06
7.760718835569946e-06
7.73695038591704e-06
9.410673073473319e-06
9.231428348299708e-06
9.112552235235327e-06
9.073105466383957e-06
8.95643567666582e-06
8.883330102960052e-06
8.821375357959127e-06
8.77022012646389e-06
8.831596450042944e-06
8.645361703862875e-06
8.638703075769527e-06
8.569584627471372e-06
8.635324372452402e-06
8.534740667753837e-06
8.563399433114682e-06
8.445858164840558e-06
8.574359455115754e-06
8.52591056332841e-06
8.418019606160065e-06
8.321149165713138e-06
8.356917781671136e-06
8.371993779121567e-06
8.354902076734838e-06
8.435851892030222e-06
8.521515749371211e-06
8.31475491336331e-06
8.268360485175208e-06
8.23879542444228e-06
8.2692718352817e-06
8.226770636055036e-06
8.203633582004599e-06
8.267505839376632e-06
8.264565720117467e-06
8.226448130699282e-06
8.204441165449161e-06
8.269506029723317e-06
1.4969345684234803e-05
1.3581879893087567e-05
1.2481008736520138e-05
1.1799135516188386e-05
1.1210104169379065e-05
9.529377399397632e-06
8.670612600347738e-06
8.686860468287705e-06
1.0391883166427363e-05
1.0121667217699581e-05
1.0115189971404703e-05
7.98941511470641e-06
9.635868412072313e-06
9.46732566986519e-06
9.403590156331632e-06
9.365328609511892e-06
9.153407549145065e-06
9.01904166550338e-06
8.97531455679168e-06
8.969577084072533e-06
8.849328157367609e-06
8.90403043030119e-06
6.976940848613111e-06
8.818986360958903e-06
8.728523431145163e-06
8.655353188724568e-06
8.543051697174064e-06
8.520738806749861e-06
8.602881031105625e-06
8.518553406111629e-06
8.397485566469243e-06
8.415396136607356e-06
8.409160485056688e-06
8.498009625101943e-06
8.33911136477461e-06
8.463042518669361e-06
8.30447624733388e-06
8.389396278452033e-06
8.268141111100746e-06
8.254540654006881e-06
8.244177725380553e-06
8.216820223672094e-06
8.270396429810312e-06
8.23394164806146e-06
8.285350014514137e-06
8.18360076149105e-06
8.203361270608944e-06
8.237047051551372e-06
8.202109613053565e-06
8.229520892633069e-06
1.4833967651783908e-05
1.348267721823504e-05
1.2462861693984806e-05
1.1712216507753226e-05
1.1270624541648289e-05
1.082991092393737e-05
1.0641967749136505e-05
1.059213676946058e-05
1.0333329146905434e-05
1.0119155888999032e-05
9.921517981181793e-06
1.003000406629706e-05
9.629012951428706e-06
7.617589194097718e-06
9.337938504661025e-06
9.262127105613693e-06
9.096033509070622e-06
9.016513182302788e-06
9.067616010383084e-06
8.876499584697939e-06
8.86201253302854e-06
7.039817616627531e-06
8.755705307228467e-06
8.694750321946998e-06
8.671956310712936e-06
8.662659887415103e-06
8.526379298934295e-06
6.753755895316793e-06
8.476686816250023e-06
6.805854951053014e-06
8.45339613442242e-06
8.364119116754942e-06
8.382470661483232e-06
8.366146235783134e-06
8.343658040921298e-06
8.296638488891617e-06
8.37850890933467e-06
8.327284224174392e-06
8.34013290373914e-06
8.236975570952154e-06
8.325970936584604e-06
8.296079170300175e-06
8.224139118495621e-06
8.239316036995348e-06
8.217987439329555e-06
8.423515750588528e-06
8.255024185999105e-06
8.211343952790884e-06
8.200071247577156e-06
8.304505230150028e-06
