0.6106575894026673
0.5447367849072466
0.4648803525862417
0.3840312992053402
0.3097570799783316
0.24669498593711037
0.19526283518079812
0.1537207717774811
0.12141304114957463
0.09578123798244054
0.07562605807239442
0.060054566150107624
0.04792528539169527
0.03847737530139539
0.03069184033722594
0.024786872439643615
0.020145960578123456
0.01631065049143987
0.013347440284995571
0.010863956147393772
0.008909593836252894
0.007391136172059332
0.006013168465602514
0.004991370045488885
0.004198706761391557
0.0034854489074485073
0.0028945863566069985
0.0024146518424137398
0.0020350228440371154
0.0017085128360372348
0.0014307581818266968
0.0011806047377842521
0.0010080396211188392
0.0008433280317543534
0.0007179343799593729
0.0006045743019660321
0.0004903319207449908
0.0004309619245235208
0.0003467537955436084
0.00031102252931480834
0.00026236233356224936
0.00021994315396178798
0.00018922219951178487
0.00015770898735467664
0.0001256170060404127
0.0001087297316662017
9.184085651070539e-05
7.553180791608494e-05
6.228484547388113e-05
5.461750357005357e-05
0.6135848202355865
0.5464403593475489
0.4631442246435741
0.37812307447321003
0.3013863795192777
0.23705462581323633
0.18437625207192399
0.14346361405659724
0.11142143435423024
0.08695858075699547
0.0681705948469098
0.053178123968349755
0.04198165168190149
0.03353161285919837
0.026575976409356716
0.021203596171668337
0.017257633887551638
0.013816827878099125
0.011209827254861415
0.009165002629298646
0.0075282629575770255
0.006142945269233868
0.005052325838967198
0.004175623351971858
0.003418204839111594
0.0028567494991063036
0.002410678025567714
0.002005461997511726
0.001712398028534845
0.0013930701561480907
0.0012004948501684876
0.0009882098773528192
0.0008197759803091342
0.0006797319783595768
0.0005895755838096761
0.0005043548556360467
0.00042310628532793437
0.0003481424339939476
0.00030626070388595217
0.00025513180437630734
0.0002070036898438321
0.00018335435444827297
0.00014498558578246445
0.00013861521666402865
0.0001112803657796757
9.837286021896485e-05
8.407445196956242e-05
6.750424439461167e-05
6.127116822529644e-05
5.1657563397755624e-05
0.6188548420369746
0.5524631237798794
0.46743319985551723
0.37937030265691163
0.2996735681961846
0.2327769069324237
0.1793516821693436
0.13744344458653668
0.10568672571303472
0.08123921525819444
0.06277072513433557
0.04878766235946741
0.03832392594913103
0.030277832340077082
0.023788202503205902
0.018943218978586862
0.015185893513278925
0.01220711414374498
0.0098844880114356
0.007991230424508444
0.006531521153597009
0.005307535616516534
0.004330848240714502
0.003611225593184275
0.0029676488870133966
0.0024763772207012646
0.0020513893857069254
0.001694595110139696
0.0014345244408087154
0.0011886334472052118
0.0009784408830508795
0.0008683010119460155
0.0006967681300060757
0.0006038875988443326
0.000512499280790335
0.0004407169186605442
0.0003661873201854515
0.00029364407616694344
0.0002771452267777974
0.00022895683679968748
0.00019056982043319515
0.00015916565831197715
0.00014248358798529814
0.00011358759533486307
0.00010032889883171414
9.125877845117536e-05
7.006337622017522e-05
6.598090875953311e-05
5.67018878869785e-05
5.048633901760802e-05
0.6257028793221103
0.5617052345827257
0.4761827434133744
0.38611199706642185
0.30332834628644034
0.23308472858136398
0.17790925689648662
0.13542245863992153
0.10296842781285975
0.07839571316616778
0.05995447593566272
0.046092970625162266
0.03576846447151194
0.027961836794586636
0.02203782189835024
0.01725562510989398
0.013825558311831854
0.011037959959470767
0.008894438295389051
0.007208481323655036
0.00578708362507907
0.004789658604414271
0.0038413532154288887
0.003135277964127603
0.002661552081595353
0.002199836895238838
0.0017845288069028298
0.0014983015991953952
0.0012532253269417204
0.0010535526135588835
0.0008775045877630339
0.0007221698269459509
0.0006323611024349196
0.000537677603214326
0.00043487966474020645
0.00037923127486672037
0.0003084977642240361
0.0002785679938129837
0.00022680621831872028
0.0001922701282479622
0.00016402866055797993
0.0001435874503783463
0.00011595902709671257
0.00010704028071795157
8.368135335767857e-05
7.583042147396579e-05
6.315349502372669e-05
5.415080132542549e-05
5.011092038165188e-05
4.441323649229112e-05
0.6330063705397566
0.5732624964660394
0.48918870955052296
0.3969743243099302
0.3111686488779102
0.23824380915093568
0.1803779542937861
0.13592157581732534
0.10229069208577757
0.07702522792776001
0.05843666129901448
0.04443151054730321
0.03439435226160614
0.02662582489351706
0.020713536394284637
0.01629128278470393
0.012807646823317809
0.010183761324493501
0.008196955235029058
0.006549147309122372
0.005252420899827359
0.0042491809799199975
0.0034760233634385518
0.0028768726983152693
0.0023436603672537526
0.001900002102929288
0.0015881366015608744
0.0013015249196093315
0.0010933948385977166
0.0008979764718540784
0.0007763930237105754
0.0006469768833292644
0.000527794737087417
0.00045994851156638816
0.00038875046800979085
0.0003213842063670702
0.00028321045551871205
0.00022783480083088392
0.00018975867923209933
0.00016624959222333313
0.00013368430511018214
0.00012115375428645159
0.00010377189102273032
8.510347590129363e-05
7.382058279259418e-05
5.6421789498162234e-05
5.2412045114413885e-05
4.6593567932240454e-05
4.082095872259828e-05
3.085192796636882e-05
