0.6393652508362513
0.46446429054105287
0.5686764221865368
0.5402821186581288
0.42302105176951443
0.42208137134370605
0.42743442060408976
0.4956116376869749
0.4547038994322161
0.47398162900018115
0.5430810168967624
0.5163103066803079
0.5919642297088497
0.6161553871413106
0.6395221673691633
0.6610131594395088
0.6745428193023821
0.6766031146342607
0.6794173775334973
0.6827887561527555
0.6863930409556676
0.6416172181976549
0.6456953898810167
0.6967523362218844
0.6509119570580311
0.7019846031702658
0.703689411761449
0.7046486843520532
0.6508040475441892
0.7039098305236156
0.7020599853235987
0.6992309728497241
0.6953755008287135
0.6907335050370624
0.6854705445735093
0.6287209820448117
0.6737421301169697
0.6219950502384508
0.6190313026305914
0.6163695845429624
0.6503586712539782
0.6119515084935323
0.6403557825202437
0.6085216171586685
0.6320081189694714
0.6059937042782486
0.6049506860005034
0.6220479795248026
0.603454353297669
0.6028507213829277
0.5892080920519343
0.6229199714764911
0.6205746184091965
0.5592603009740662
0.5594803855955401
0.53299800115187
0.524791094576198
0.5141467497365666
0.476284960820455
0.4633099352425548
0.4518455919753964
0.44051863669299574
0.42881884506012125
0.44565425910876766
0.4316544014762824
0.41725515151680936
0.37208266463327533
0.35505884419425193
0.3373317643387892
0.3193633132657252
0.3334158229395725
0.28288385856768794
0.2979738948385836
0.2475679935653109
0.2308770448641
0.21477785627711887
0.2311129169366719
0.21562501219299124
0.2010392268570621
0.1592398470088976
0.14731703481082792
0.13632530539634713
0.14978416014007534
0.1387320112415269
0.10723311941111824
0.09892256084142936
0.0911438855370661
0.10104540483460778
0.07711476419331298
0.08563349326301684
0.06500596606753317
0.05957609609883452
0.05453549917653555
0.049884310415171496
0.04552805881258093
0.0415207865732945
0.04607278202169163
0.034349530742975865
0.038024004092072516
0.02819620074698448
0.5952766312318691
0.4698560227774602
0.47133790975404444
0.41747808676551457
0.36380013333004435
0.34068278170392496
0.30581852830318024
0.28029286658666586
0.2892332118349489
0.27523470324107013
0.22242462656443351
0.20742038037162946
0.1934301118222539
0.18032949321029568
0.16820068302282887
0.1997806270304623
0.1462026630048665
0.136207543553154
0.12680189017826726
0.11777808748346985
0.10944459194513645
0.10160198043973201
0.09412637412836233
0.1186592318296309
0.0807189460856339
0.10272307277278747
0.09543215203711009
0.06371028592852224
0.08215674950218455
0.05427509530134522
0.07040944490195455
0.046045121469737826
0.04240870042080325
0.039009086695092954
0.05119360617495372
0.047186055768172364
0.04344540378851036
0.03996203530103748
0.036726967311755065
0.0337082972234094
0.02133053905245974
0.01949971405918194
0.017816534982630805
0.02367313407314997
0.014817927807963427
0.019686442360242307
0.012250934141150083
0.011109511406486638
0.010062939796934733
0.013357797629304669
0.5302592228380973
0.45379015794848876
0.46389346122027697
0.3193798711787922
0.32043030349905066
0.26431452074349915
0.1823645779614418
0.18037124892881518
0.12675074966362054
0.12441096214189462
0.1041258812357293
0.0763477876960379
0.06523481546913379
0.06287074997961029
0.04862020383818344
0.04247525182037548
0.04002010545979251
0.03287507092434483
0.029177572807034036
0.025964476602716502
0.023288183411934504
0.02097292553435226
0.01883668153329776
0.01704168540208173
0.014961635197121237
0.01410132260566277
0.012800480206294762
0.011673923845264778
0.01001622912381861
0.00978001191945821
0.00895546005014769
0.007544254763995117
0.007522286891827212
0.0068875021419170235
0.005760369383387864
0.005261474772629615
0.004813659940853254
0.004425852292379684
0.0045125122775425686
0.004139688129007224
0.003807356980076171
0.003100760913092415
0.003187086002065853
0.0026061116522999583
0.002677274522684292
0.002449860109784985
0.0022327762342024826
0.002035990058225967
0.001855572073281797
0.0016850632461353765
0.6228600474042578
0.5100026362096957
0.5305315779429582
0.45971655187769456
0.3941371874651227
0.3938695192972891
0.2831765484054207
0.23856676345576766
0.234590633048545
0.16837637608449252
0.14121911479125226
0.1184376588298921
0.09931016110918323
0.09648611113849626
0.08088175873207348
0.05907885294801973
0.04972406855115541
0.04215529477103863
0.035590426101925754
0.03022675264718
0.02558467425330979
0.021839740455584344
0.01857958602041654
0.0178204906045486
0.015147606831443339
0.011526870996403593
0.0098947681166357
0.008492254473919991
0.007994159301759396
0.006214195198855688
0.005343343006636969
0.005068834180321891
0.004325746629793681
0.0037297227308465963
0.002974694028910818
0.002560921808286265
0.0022378876000057613
0.0019283778601062451
0.0016667830522960614
0.0015159916120681682
0.0012568005936048898
0.0010917391133457022
0.0009479552436141292
0.0008511842294429695
0.000714308306774214
0.0006418078682908224
0.0005522892019640402
0.0004723633631891211
0.0004187483218485166
0.0003686748062082801
