0.5692809946697105
0.5215418420227016
0.44451453928395124
0.31636150048787415
0.3163795721410474
0.2646840505045064
0.22068642354975687
0.15483199184455354
0.12874729728312184
0.1070466536665382
0.08925943998757013
0.07403558294169654
0.07302106176657364
0.051326284970987235
0.042758051478756
0.03565873546586551
0.029793602425450927
0.029374879543468402
0.020884403325010847
0.01740042895013716
0.01462418020320988
0.012257036590080594
0.012029164252531088
0.010025612766540792
0.00728063257900502
0.007201766252513009
0.005955992647482589
0.005024582448966086
0.004200227677629065
0.003564999587005957
0.0030023706704337405
0.002516118267544609
0.002090482059591725
0.0018045420439318782
0.0014995391331594776
0.001255767439005906
0.0009670882694311489
0.0009186431697775221
0.0007661072461281337
0.0005826433975468781
0.000491669392878924
0.00045256330211973506
0.0003822506851495211
0.00030363757523121926
0.000253612522525426
0.00022944236821098585
0.00018733687389727027
0.00015602272982062626
0.00013338583752098288
0.00011654135294492107
0.446619041786701
0.44829227056693133
0.32155959525256517
0.2703874026736087
0.2264556898515292
0.18929634640291626
0.15806544083649599
0.15350480455959992
0.11013185565787853
0.10649672175088509
0.08883337022116267
0.06445850971428013
0.05407715541432656
0.045467397685897915
0.03829059152275105
0.03222530454580563
0.03084271609548983
0.023093476125840673
0.021995958523062686
0.01863130337008234
0.014113977224944674
0.012048441683237043
0.011358461235542405
0.00969162007225921
0.008245111684112683
0.007062204395408611
0.006000134094580556
0.004745941344203697
0.00440270355581196
0.0034841735247912453
0.0032447054167448197
0.0025966839679849585
0.002238560312273208
0.00204216249252287
0.0016640285190119286
0.0015103407979096817
0.0012439311490201055
0.0010910255010802006
0.0009740829122424355
0.0008157374721118327
0.0007095802557941511
0.0006176220487581485
0.0005422070416452041
0.00046593959741936253
0.00040758263382123516
0.00035439036458140283
0.0003079417720144306
0.0002695992020080862
0.00023605559783135277
0.00020424745379810094
0.3567688973511105
0.3579647687842318
0.24456031456121174
0.20186682227058217
0.16688313245976172
0.16429991469418637
0.13611104874901847
0.09709252071026697
0.09450736069886334
0.06968102710864732
0.06726516662706328
0.057190467034782144
0.04485451440382182
0.04205832755139549
0.03653325811795882
0.03180001801532428
0.027880385108310035
0.024030913698733114
0.021462902835217346
0.019425975900076442
0.017258628675625665
0.015372226723391336
0.014385943368687149
0.012464340121645434
0.01193261784340749
0.010847150337605083
0.009231683562731297
0.008402970124239295
0.008309557610007179
0.007617244960928415
0.006373427026608813
0.005816500279717918
0.005868946256584184
0.004854604366631432
0.004435091846712869
0.004532357254773078
0.00371021266162197
0.0033997660175595357
0.0031056155590070134
0.0028460129959728686
0.002928865984286211
0.002672173326593863
0.0024454376831440916
0.0022249525018345206
0.0017999257486094322
0.0018476069326263111
0.0014847339131539572
0.001517743347066669
0.0012155084343669076
0.0010990242568520436
0.49786820552016164
0.4032443103197568
0.390995901872353
0.34785821487804647
0.3174702874981703
0.2895640669620462
0.2661527742769171
0.2798243759902741
0.2660650513984675
0.21230038835451648
0.24024533008698046
0.18424699919925103
0.1717993739629482
0.16007793740834975
0.14913304529423232
0.1388375565070743
0.12913045412224622
0.12001265529092653
0.11137323309363201
0.10325501331506637
0.09566373779757098
0.0885266332636383
0.11200468076141978
0.10407500774934486
0.06988144529927176
0.08962668291401465
0.059492710392846204
0.07689212880362939
0.050472411428371555
0.06566907639649167
0.042749460601413936
0.055903260194194115
0.03608273911264037
0.04743196658110105
0.030382819776379355
0.02788765114399394
0.025539688281688844
0.033790313765493796
0.02136480353664727
0.02834398815268413
0.017812925344216857
0.023663414591626908
0.014776399225877701
0.019649926080336555
0.01220488801579278
0.016216864310301338
0.014690183892047681
0.013290612470594265
0.008158008306803799
0.007340429662793468
0.5832397330755117
0.6265382728567945
0.5606201939286641
0.5650344562406604
0.5372288936018059
0.5137369528663531
0.4943047431285438
0.4784849252376936
0.4945062789712963
0.45359139059841
0.4421899575675561
0.4603770587126095
0.41821451162988066
0.4339579031215417
0.4192986971806604
0.3655302306475471
0.387584441085275
0.3705732338871077
0.31539714241885874
0.33547303065571943
0.31753117930038244
0.2633228368853333
0.28222801249175833
0.23037074755862708
0.24831230327522125
0.23215240544186988
0.18562105550108643
0.17218002470132698
0.15960043383386857
0.14772807358194073
0.16213702184225653
0.12622761849817055
0.1164853033706773
0.10750177570763164
0.09909921638485475
0.09130068773297562
0.10120425826801127
0.07722152385572478
0.0857421469026185
0.06505391450757858
0.0596028927983121
0.05455622294315454
0.060593467465256734
0.04550041602504029
0.05051889119674935
0.03774184950961512
0.0418137411210846
0.03793124264706105
0.028110282938957454
0.025382644613701877
