0.5514513528390825
0.5001185781103125
0.6225206040484821
0.513940661502747
0.5615498591359882
0.37779037294558415
0.3399378131164139
0.25534650673967985
0.160521034561264
0.12054462443610592
0.10768865613926548
0.06859332742501711
0.05229050192517248
0.04804647910861504
0.0313126182741118
0.024326451548609573
0.0190220078901997
0.01501092258781589
0.011951879411293609
0.01141060576638675
0.009233406294878121
0.006241784772723857
0.005028017829210807
0.004919316172699695
0.004016327114947371
0.0027544529923957395
0.002268498042421574
0.0018999674203086236
0.0018387151461624063
0.0013062125418430437
0.0010946822986296345
0.0009192509521779302
0.0009306900196903722
0.0006464197653005543
0.0006540746045970991
0.000455753425501193
0.00037806713271026915
0.00032674943087773745
0.0002756623622484078
0.00028837390457014944
0.00019885601076408133
0.00020813503013150658
0.00015257028118220717
0.00015018971435654116
0.00011369567731622787
9.441241442420534e-05
8.143402023064183e-05
7.001949297613663e-05
7.019819469178401e-05
6.533244329742782e-05
0.812269614039742
0.5032740721160809
0.48899700417485736
0.6244920490707581
0.5531048944350987
0.4679628122900209
0.2981344070348022
0.2226822013825278
0.19664640242010534
0.14642289682781773
0.10971183651759708
0.06903589798900278
0.06259413411647985
0.03975974093358703
0.03068536082316564
0.028517786779834964
0.022210407108557817
0.014493229473330982
0.011521843183560754
0.00919562812425223
0.007406198701208844
0.005845609473804747
0.005733798642121646
0.004675266406956258
0.003170588361880111
0.002604918493495312
0.002141743910176741
0.0021235479372355703
0.0017226656064384116
0.0012313521079959644
0.0010099005200288058
0.000856862070719
0.0008465978801646123
0.0007060891515677792
0.00050438449600132
0.0004300325164769969
0.0004251016085390358
0.00036010534710329
0.00026957269565630604
0.00022959666021238334
0.0001862762077946556
0.00018458814283317526
0.00016401343506156074
0.00012347504810383825
0.00011999556038477799
0.00010627376112459785
9.058290901853283e-05
7.811592564899161e-05
6.816516552632379e-05
6.01247064423438e-05
0.8341483076927745
0.6651160556932383
0.6307514649341572
0.504497450748949
0.5289607837284994
0.4127918114950676
0.31401216618994354
0.2783167994285356
0.20582408018673648
0.12768194884345974
0.09456948691274558
0.08406993271220453
0.053108821745158186
0.040188726830056254
0.03659496621998526
0.023672825899050287
0.02193223355550855
0.014393331415847532
0.01335972438906996
0.008960820111826528
0.00846923646642439
0.006792745134978961
0.005475445640047205
0.004427163820043489
0.003037261240023126
0.002505798257119052
0.0020321168054499017
0.0019816339859287657
0.001385529987932399
0.0013672735872753972
0.000946422648523515
0.0009653524332825514
0.0006903296730440545
0.0005614837065125444
0.0005658719526919764
0.0004703371847796234
0.0003953164604577619
0.00034662231275772726
0.0002462984066707863
0.00024888487686824945
0.00018291381607704604
0.00015652989975190046
0.00015853870736481923
0.00011242916666631686
0.00011624756720263196
9.018607974586867e-05
8.662934160819091e-05
6.761318146286666e-05
5.907641810865005e-05
5.779242740189261e-05
0.775898791004068
0.6855744116721949
0.4866720078746982
0.627170063783119
0.5558684946676191
0.4347454808605723
0.3318358286395947
0.24800744998910906
0.18297468066831235
0.13442057184414113
0.09919078280283866
0.0734485090442184
0.05481464603230479
0.04116744622662971
0.031243629942887985
0.023879690361762518
0.021935355717876637
0.01440797714366504
0.01136655677600995
0.008862888175707573
0.007036374280087188
0.0055785585907762725
0.004509168052213353
0.004274441555094488
0.00355464014441198
0.002392125720354632
0.001970640886529096
0.001918994602930546
0.001614243074500088
0.001334158159711052
0.0010936773004832645
0.0007723392499077164
0.0006222963549621374
0.0005396827143051564
0.0005313656486394258
0.00046136812762431756
0.0003885708938344834
0.0003227909342933266
0.00026237797482853153
0.00023649419080196132
0.00019465937649476572
0.00014668601918910174
0.0001258236286255654
0.00010514745213519028
0.0001121232699161645
9.522600705669237e-05
7.588209958730996e-05
6.212045984610448e-05
6.79306614022046e-05
5.6874485105939954e-05
0.6878914276546515
0.6689800971119679
0.4919640967534368
0.4926746863642957
0.585222976928819
0.5456783463388083
0.3515898064037758
0.31350954451570123
0.1950352924116321
0.1428814614327112
0.1048928173311402
0.09208330966089195
0.05727946944237161
0.05106534421522779
0.03225853860283534
0.02926374648798369
0.022394545887680528
0.014547045719610185
0.013595118456578681
0.010551409671694434
0.007070658722115208
0.005525836577966792
0.005389391323686765
0.0035695014091723376
0.002908168808047229
0.00283908578071701
0.002283563917459208
0.0018801316675896018
0.0013129627560647394
0.0012595867282406692
0.0010838271781385966
0.0008911813070713315
0.0007580157499580409
0.0006244133750946679
0.000446570553591652
0.0003651044924581903
0.00031276950547753923
0.00026224332532220895
0.00022640533575402078
0.00023080351257820375
0.00016386366890441817
0.0001601813936895624
0.000146788474198023
0.00010346639146385783
0.00010320352794268572
0.00010175293926351081
8.268955277868084e-05
6.936970434590073e-05
6.142685039023377e-05
4.945744218298742e-05
