[0.125]
[0.125]
[0.125]
[0.25]
[1.0]
[1.0]
[0.5]
[1.0]
[0.125]
[1.0]
[1.0]
[1.0]
[1.0]
[1.0]
[1.0]
[1.0]
[1.0]
[0.625]
[1.0]
[1.0]
[1.0]
[1.0]
[1.0]
[1.0]
[0.375]
[0.25]
[1.0]
[1.0]
[1.0]
[1.0]
[1.0]
[1.0]
[0.3125]
[1.0]
[1.0]
[1.0]
[1.0]
[1.0]
[1.0]
[1.0]
[1.0]
[1.0]
[0.5]
[1.0]
[1.0]
[1.0]
[1.0]
[1.0]
[0.625]
[1.0]
[1.0]
[1.0]
[1.0]
[0.75]
[0.5]
[1.0]
[1.0]
[1.0]
[0.125]
[1.0]
[1.0]
[1.0]
[0.5]
[1.0]
[1.0]
[1.0]
[0.5625]
[1.0]
[1.0]
[1.0]
[1.0]
[1.0]
[1.0]
[1.0]
[0.5]
[1.0]
[1.0]
[1.0]
[1.0]
[0.125]
[1.0]
[1.0]
[1.0]
[1.0]
[1.0]
[1.0]
[0.5]
[1.0]
[1.0]
[0.5]
[1.0]
[1.0]
[0.625]
[1.0]
[0.625]
[1.0]
[1.0]
[1.0]
[1.0]
[1.0]
[1.0]
[1.0]
[0.625]
[0.75]
[1.0]
[1.0]
[0.5]
[1.0]
[1.0]
[1.0]
[0.25]
[0.25]
[1.0]
[1.0]
[1.0]
[1.0]
[1.0]
[1.0]
[1.0]
[1.0]
[1.0]
[1.0]
[0.25]
