3440. 0.680
3480. 0.606
3600. 0.703
3000. 0.343
4280. 0.469
1000. 0.704
4560. 0.268
4130. 0.114
820.0 0.843
1180. 0.976
3640. 0.360
1040. 0.743
4300. 0.219
3160. 0.746
3150. 0.198
2320. 0.360
3780. 0.754
3780. 0.252
680.0 0.546
5320. 0.546
2100. 0.313
2000. 0.922
480.0 0.854
150.0 0.878
5130. 0.760
2500. 0.491
4290. 0.673
4020. 0.356
3660. 0.349
3750. 0.648
1220. 0.519
1280. 0.870
1520. 0.634
6360. 0.176
2400. 0.861
6020. 0.100
3000. 0.360
4620. 0.338
4860. 0.130
5160. 0.603
4300. 0.341
880.0 0.737
3040. 0.807
4260. 0.149
3800. 0.323
4860. 0.418
5110. 0.104
5320. 0.420
3800. 0.211
840.0 0.518
4060. 0.567
960.0 0.729
1560. 0.791
5670. 0.642
5320. 0.098
2320. 0.867
3360. 0.155
1200. 0.358
3220. 0.687
2000. 0.237
2460. 0.848
1720. 0.365
2100. 0.805
2940. 0.348
1320. 0.513
540.0 0.996
2100. 0.206
600.0 0.470
540.0 0.663
1470. 0.948
560.0 0.791
3720. 0.601
3030. 0.343
4360. 0.339
1280. 0.890
4450. 0.500
2680. 0.403
6060. 0.126
5460. 0.560
2720. 0.361
2280. 0.289
3960. 0.328
1440. 0.339
900.0 0.609
3710. 0.465
3920. 0.068
3100. 0.921
1920. 0.298
2580. 0.182
5320. 0.441
2050. 0.329
4410. 0.779
1280. 0.488
1440. 0.307
