[0.125]
[0.625]
[1.0]
[0.625]
[1.0]
[0.625]
[0.1875]
[1.0]
[0.625]
[1.0]
[1.0]
[1.0]
[0.25]
[1.0]
[1.0]
[1.0]
[1.0]
[1.0]
[1.0]
[1.0]
[1.0]
[1.0]
[0.5]
[0.4375]
[1.0]
[1.0]
[1.0]
[1.0]
[1.0]
[1.0]
[1.0]
[1.0]
[1.0]
[1.0]
[1.0]
[1.0]
[1.0]
[1.0]
[1.0]
[1.0]
[1.0]
[1.0]
[1.0]
[1.0]
[1.0]
[1.0]
[1.0]
[0.625]
[1.0]
[1.0]
[1.0]
[1.0]
[1.0]
[1.0]
[0.125]
[1.0]
[1.0]
[0.625]
[1.0]
[1.0]
[1.0]
[0.25]
[1.0]
[1.0]
[1.0]
[0.375]
[1.0]
[1.0]
[1.0]
[1.0]
[0.75]
[1.0]
[1.0]
[1.0]
[1.0]
[1.0]
[1.0]
[0.625]
[1.0]
[1.0]
[1.0]
[0.625]
[1.0]
[0.625]
[1.0]
[0.9375]
[1.0]
[1.0]
[1.0]
[1.0]
[1.0]
[0.75]
[1.0]
[1.0]
[1.0]
[0.625]
[1.0]
[0.625]
[0.625]
[1.0]
[0.75]
[1.0]
[1.0]
[0.625]
[1.0]
[1.0]
[0.625]
[1.0]
[1.0]
[1.0]
[0.3125]
[1.0]
[1.0]
[1.0]
[1.0]
[1.0]
[1.0]
[0.625]
