6650. 0.621
3840. 0.698
680.0 0.689
1680. 0.945
4450. 0.543
2900. 0.961
7040. 0.853
5200. 0.940
1540. 0.993
4560. 0.364
5320. 0.418
3040. 0.939
1680. 0.610
3650. 0.656
3540. 0.744
2880. 0.888
840.0 0.994
5400. 0.896
8000. 0.455
3120. 0.959
1680. 0.994
3240. 0.915
4880. 0.940
1700. 0.999
1340. 0.999
2040. 0.942
1220. 0.998
2250. 0.979
1100. 0.999
3950. 0.768
5160. 0.745
7630. 0.428
3240. 0.520
5520. 0.428
960.0 0.816
2240. 0.990
5320. 0.587
4970. 0.336
1500. 0.974
4760. 0.538
3300. 0.785
2880. 0.904
5320. 0.765
460.0 0.777
2400. 0.813
2400. 0.922
1720. 0.979
3010. 0.923
2950. 0.926
600.0 0.767
2640. 0.941
760.0 0.991
330.0 0.975
4350. 0.804
3630. 0.907
3480. 0.976
8520. 0.275
6840. 0.424
8330. 0.184
2730. 0.966
4760. 0.826
1460. 0.999
6450. 0.705
6100. 0.638
3760. 0.837
5160. 0.478
6020. 0.451
5040. 0.456
3440. 0.983
5320. 0.359
5460. 0.653
3700. 0.772
4380. 0.541
1530. 0.983
840.0 0.642
600.0 0.999
5670. 0.716
3430. 0.456
6020. 0.662
620.0 0.894
4060. 0.748
2700. 0.921
3780. 0.608
3060. 0.810
4130. 0.818
780.0 0.999
1050. 0.476
1740. 0.165
1250. 0.985
280.0 0.982
