[0.125]
[0.25]
[1.0]
[0.5]
[1.0]
[1.0]
[1.0]
[1.0]
[1.0]
[1.0]
[1.0]
[0.125]
[0.25]
[1.0]
[1.0]
[1.0]
[1.0]
[1.0]
[1.0]
[1.0]
[1.0]
[1.0]
[0.5]
[1.0]
[1.0]
[1.0]
[1.0]
[1.0]
[1.0]
[1.0]
[1.0]
[1.0]
[1.0]
[1.0]
[1.0]
[1.0]
[0.5]
[1.0]
[0.4375]
[1.0]
[1.0]
[1.0]
[1.0]
[0.5]
[1.0]
[1.0]
[1.0]
[1.0]
[1.0]
[1.0]
[1.0]
[1.0]
[1.0]
[1.0]
[1.0]
[1.0]
[1.0]
[1.0]
[1.0]
[1.0]
[1.0]
[1.0]
[1.0]
[1.0]
[1.0]
[1.0]
[1.0]
[1.0]
[1.0]
[1.0]
[1.0]
[1.0]
[1.0]
[1.0]
[1.0]
[1.0]
[1.0]
[1.0]
[1.0]
[1.0]
[1.0]
[1.0]
[1.0]
[1.0]
[1.0]
[1.0]
[1.0]
[1.0]
[1.0]
[1.0]
[1.0]
[1.0]
[1.0]
[1.0]
[1.0]
[1.0]
[1.0]
[1.0]
[1.0]
[1.0]
[1.0]
[1.0]
[1.0]
[1.0]
[1.0]
[1.0]
[1.0]
[0.5]
[1.0]
[1.0]
[1.0]
[1.0]
