[0.25]
[0.25]
[1.0]
[1.0]
[1.0]
[0.5]
[1.0]
[0.625]
[1.0]
[1.0]
[1.0]
[1.0]
[1.0]
[1.0]
[1.0]
[1.0]
[1.0]
[0.5]
[0.875]
[1.0]
[1.0]
[1.0]
[1.0]
[1.0]
[0.5]
[1.0]
[1.0]
[1.0]
[0.1875]
[1.0]
[1.0]
[1.0]
[1.0]
[1.0]
[0.75]
[1.0]
[1.0]
[1.0]
[1.0]
[1.0]
[1.0]
[1.0]
[1.0]
[1.0]
[1.0]
[1.0]
[1.0]
[1.0]
[1.0]
[1.0]
[1.0]
[1.0]
[1.0]
[1.0]
[1.0]
[1.0]
[1.0]
[1.0]
[0.5]
[1.0]
[1.0]
[1.0]
[0.5]
[1.0]
[0.3125]
[1.0]
[1.0]
[1.0]
[1.0]
[1.0]
[1.0]
[1.0]
[1.0]
[1.0]
[1.0]
[1.0]
[1.0]
[1.0]
[1.0]
[0.5]
[1.0]
[1.0]
[0.5]
[1.0]
[1.0]
[1.0]
[1.0]
[1.0]
[1.0]
[1.0]
[1.0]
[1.0]
[0.5]
[1.0]
[1.0]
[1.0]
[1.0]
[0.5]
[1.0]
[1.0]
[1.0]
[1.0]
[0.5]
[1.0]
[1.0]
[0.5]
[1.0]
[1.0]
[1.0]
[1.0]
[1.0]
[1.0]
[1.0]
[1.0]
[1.0]
[1.0]
[1.0]
[1.0]
[1.0]
[1.0]
[1.0]
[1.0]
[1.0]
[1.0]
[1.0]
[1.0]
