[0.125]
[0.125]
[0.25]
[1.0]
[1.0]
[1.0]
[1.0]
[0.3125]
[1.0]
[1.0]
[1.0]
[1.0]
[0.375]
[1.0]
[1.0]
[1.0]
[1.0]
[1.0]
[1.0]
[1.0]
[1.0]
[1.0]
[1.0]
[1.0]
[1.0]
[0.5]
[1.0]
[1.0]
[1.0]
[1.0]
[1.0]
[1.0]
[1.0]
[1.0]
[1.0]
[1.0]
[1.0]
[1.0]
[1.0]
[1.0]
[1.0]
[1.0]
[1.0]
[1.0]
[0.5]
[1.0]
[1.0]
[1.0]
[1.0]
[1.0]
[1.0]
[0.5]
[1.0]
[1.0]
[1.0]
[1.0]
[0.5]
[1.0]
[1.0]
[1.0]
[1.0]
[1.0]
[1.0]
[1.0]
[1.0]
[1.0]
[1.0]
[1.0]
[1.0]
[1.0]
[1.0]
[0.25]
[1.0]
[1.0]
[1.0]
[1.0]
[0.5]
[1.0]
[1.0]
[1.0]
[1.0]
[1.0]
[1.0]
[1.0]
[1.0]
[1.0]
[1.0]
[1.0]
[1.0]
[1.0]
[1.0]
[0.5]
[1.0]
[0.25]
[1.0]
[1.0]
[1.0]
[1.0]
[0.5]
[1.0]
[1.0]
[0.625]
[1.0]
[1.0]
[1.0]
[1.0]
[1.0]
[1.0]
[1.0]
[1.0]
[1.0]
[1.0]
[1.0]
[1.0]
[1.0]
[1.0]
[0.5]
[1.0]
[1.0]
[1.0]
[1.0]
[0.875]
[1.0]
[1.0]
