6650. 0.579
3840. 0.664
680.0 1.0
2900. 0.574
4450. 1.0
1680. 1.0
1540. 1.0
4560. 0.379
840.0 0.908
760.0 0.964
2880. 1.0
3540. 0.269
5320. 0.799
2880. 0.333
3040. 1.0
3650. 1.0
5320. 0.236
1680. 1.0
5200. 1.0
460.0 0.620
3240. 0.405
2400. 1.0
1500. 1.0
7040. 0.407
1680. 1.0
4970. 0.544
960.0 1.0
1220. 1.0
3240. 1.0
5520. 0.401
5400. 1.0
330.0 0.823
1050. 0.887
3010. 1.0
2640. 0.688
280.0 1.0
2400. 1.0
5320. 0.346
4760. 1.0
1740. 0.797
1720. 1.0
780.0 1.0
1250. 0.523
2240. 1.0
2950. 1.0
3060. 0.680
4130. 0.879
600.0 1.0
3430. 0.585
3300. 1.0
7630. 0.479
5160. 1.0
3950. 0.252
6020. 0.571
1530. 1.0
2700. 0.341
3700. 0.759
5040. 1.0
4060. 0.233
5320. 1.0
2040. 0.576
2250. 0.640
8000. 1.0
4880. 1.0
3440. 0.433
6020. 0.890
3120. 1.0
1100. 1.0
840.0 0.804
5460. 0.689
6840. 1.0
6100. 0.523
1340. 1.0
4760. 1.0
600.0 0.829
3780. 0.448
1700. 1.0
6450. 1.0
8330. 0.286
2730. 1.0
4380. 1.0
5670. 0.157
3760. 1.0
1460. 1.0
4350. 1.0
8520. 0.248
5160. 1.0
3630. 1.0
620.0 0.997
3480. 0.719
