30380 21699
12760 31899
12880 18399
18810 17099
46050 30699
16100 32199
12210 11099
6000. 11999
30290 23299
13920 11599
10260 11399
5850. 19499
5640. 18799
17280 28799
3570. 11899
11220 18699
20500 20499
14760 24599
49980 29399
30810 23699
20020 15399
6600. 13199
3960. 98999
10620 35399
20100 40199
10560 26399
20940 34899
14200 28399
32300 32299
1000. 49999
12540 20899
20700 22999
24480 27199
15400 21999
15680 19599
19200 19199
29400 24499
15840 14399
29400 19599
20160 12599
14490 16099
23850 15899
18330 14099
11060 15799
18980 14599
14760 16399
4700. 93999
17100 18999
17360 12399
8790. 29299
5070. 16899
14400 28799
6180. 20599
11840 29599
8960. 22399
13350 26699
13850 27699
1180. 58999
17280 28799
10850 21699
3480. 11599
6680. 16699
1220. 60999
860.0 42999
29440 36799
12840 21399
54080 33799
35100 38999
8300. 16599
15400 21999
18480 15399
4720. 11799
11640 19399
5280. 13199
25060 35799
26650 20499
39000 29999
21480 17899
42600 28399
29070 17099
27160 19399
29070 17099
19800 13199
29380 22599
20880 17399
21900 21899
27500 27499
27750 18499
34440 24599
25620 18299
41650 24499
32320 20199
32960 20599
30960 25799
35100 23399
26070 23699
11060 15799
18900 20999
26040 18599
22820 16299
12720 15899
20610 22899
21690 24099
15210 11699
43500 28999
20040 16699
3120. 77999
21340 19399
26560 16599
29580 17399
5400. 10799
29700 26999
23520 14699
24080 17199
7040. 87999
32640 19199
11180 85999
15300 10199
26550 17699
15960 11399
13360 16699
22720 14199
17920 22399
25500 25499
9920. 61999
24820 14599
520.0 25999
5950. 11899
17400 14499
13860 15399
3960. 65999
22220 20199
8200. 81999
6160. 76999
9990. 11099
7420. 10599
6210. 68999
11790 13099
720.0 23999
260.0 12999
320.0 15999
320.0 15999
7560. 25199
10750 21499
36260 25899
51090 39299
1060. 52999
4920. 12299
22720 14199
19000 18999
39950 23499
3210. 10699
20610 22899
2400. 79999
11280 18799
18200 13999
25960 23599
29550 19699
8040. 13399
24310 22099
14840 21199
14280 20399
10680 17799
28950 19299
28260 31399
9360. 15599
26690 15699
3080. 76999
680.0 33999
680.0 33999
21060 16199
34840 26799
25000 24999
18240 11399
13130 10099
17160 13199
9920. 61999
14560 11199
220.0 10999
