15120 25199
26900 26899
520.0 25999
23400 25999
12330 13699
20930 29899
840.0 20999
1710. 56999
31050 20699
17680 22099
24480 27199
32110 24699
8400. 20999
23660 16899
16920 18799
33240 27699
7120. 88999
21760 12799
10110 33699
29440 18399
33800 33799
21600 23999
29920 17599
23100 15399
9180. 10199
9520. 13599
17820 16199
8690. 78999
24360 34799
14220 23699
23030 32899
3750. 12499
22920 19099
16590 23699
12960 16199
23870 21699
28300 28299
31130 28299
12460 17799
35200 21999
36010 27699
8050. 11499
24780 17699
22160 27699
26100 28999
27300 20999
37440 23399
21840 16799
700.0 34999
9120. 75999
2280. 56999
18450 20499
320.0 15999
880.0 10999
8220. 27399
1900. 94999
9270. 30899
5790. 19299
11960 29899
14580 24299
31320 34799
42400 26499
43890 39899
12720 15899
15520 19399
5800. 14499
6650. 13299
33000 32999
28080 21599
33040 23599
26520 20399
42700 30499
780.0 38999
15570 17299
14320 17899
25500 16999
7980. 11399
25440 15899
17640 14699
27000 17999
7800. 15599
20250 22499
27150 18099
23520 14699
20160 22399
19500 19499
24160 15099
9730. 13899
18300 12199
21120 19199
33830 19899
14280 11899
20160 22399
21670 19699
16400 16399
6840. 75999
500.0 24999
8310. 27699
15120 37799
11120 27799
1740. 86999
4710. 15699
5070. 16899
9200. 22999
3900. 12999
6840. 17099
4290. 14299
12480 20799
2970. 98999
36360 30299
920.0 45999
8300. 16599
6520. 16299
13930 19899
24750 27499
29480 26799
19800 17999
29550 19699
40120 23599
13580 19399
22560 28199
39340 28099
22200 22199
45000 29999
26040 21699
19050 12699
28600 25999
4560. 11399
780.0 38999
27720 23099
36000 22499
32250 21499
32130 35699
43350 25499
15920 19899
15820 22599
27040 20799
30240 18899
17440 21799
28960 18099
18270 26099
24570 18899
22400 13999
23220 25799
22400 22399
31080 22199
680.0 33999
15900 15899
800.0 39999
22500 14999
43690 25699
23520 14699
15600 19499
5560. 13899
17840 22299
17680 22099
18590 14299
18090 20099
15400 15399
10160 12699
13920 17399
16200 16199
20960 13099
24310 14299
10560 87999
16400 16399
3990. 56999
380.0 18999
1330. 18999
1080. 35999
2140. 10699
14450 28899
9000. 22499
10800 21599
1440. 71999
9800. 19599
11220 18699
16660 23799
27040 20799
20520 17099
25200 31499
28100 28099
18300 12199
22920 19099
30450 20299
28050 18699
17200 21499
21600 17999
30430 17899
8260. 11799
23630 13899
3550. 70999
1680. 41999
