7080. 36
5040. 30
5280. 30
12900 69
5060. 15
1220. 0
3360. 12
5160. 21
9460. 39
2580. 6
5320. 39
6020. 42
7260. 27
10560 45
2370. 6
840.0 0
2450. 12
5800. 30
6080. 24
3360. 9
3040. 15
4050. 15
3210. 15
11680 78
11400 81
6840. 30
11180 27
10530 51
6080. 15
10220 39
10640 54
4410. 15
3420. 24
5590. 12
11340 66
1650. 0
4760. 30
13760 78
4060. 6
8760. 33
6540. 30
5520. 21
3900. 18
3180. 30
7300. 39
4970. 21
11180 27
12160 81
7560. 42
3150. 27
6880. 27
10320 33
1080. 0
5310. 12
4260. 33
2120. 6
12040 75
3920. 9
360.0 0
7139. 45
4140. 18
8189. 45
4980. 27
6240. 21
5760. 33
4850. 30
3780. 18
3040. 12
4290. 27
1440. 0
4620. 18
280.0 0
6840. 54
6840. 36
6840. 42
5440. 18
8680. 33
3180. 21
12410 63
3270. 15
13760 87
300.0 0
460.0 0
8580. 39
5100. 33
13760 69
10320 36
4360. 12
1480. 0
800.0 0
10950 36
9030. 30
6660. 48
1580. 0
5530. 24
6080. 21
10640 33
8360. 21
9460. 51
3240. 15
2100. 6
5800. 33
7920. 24
8970. 57
3280. 15
1470. 0
2520. 12
1400. 0
14620 102
960.0 0
14620 78
7740. 27
4860. 18
11180 30
960.0 0
12900 39
1420. 0
5160. 30
12960 63
11340 27
880.0 0
5200. 18
4380. 21
12920 87
5520. 33
1200. 0
7300. 21
4260. 18
2040. 3
4050. 21
11040 54
10320 78
5160. 24
7540. 36
4140. 21
12160 54
7420. 21
9880. 69
12160 84
12900 75
5700. 36
3920. 21
6720. 15
9720. 51
11180 18
8520. 72
6880. 30
4760. 18
4830. 27
7560. 42
800.0 0
11730 69
9120. 33
7300. 36
7420. 36
11180 57
7300. 36
600.0 0
5520. 39
10710 90
5280. 27
940.0 0
7480. 27
5760. 9
13760 45
4600. 42
14620 72
4440. 30
10320 54
7080. 42
10220 51
6080. 15
8040. 33
5360. 27
9010. 48
1780. 0
2040. 18
2520. 6
10880 72
880.0 0
7300. 42
4140. 12
4320. 12
8600. 30
6880. 36
6800. 12
13760 48
10530 54
4320. 24
2500. 3
840.0 3
6960. 45
4290. 15
3160. 15
2640. 6
3760. 18
5460. 30
840.0 3
12900 66
5320. 30
640.0 0
10640 39
8910. 45
1160. 0
4640. 21
13760 72
3960. 24
5160. 39
4920. 33
5320. 12
5280. 24
4560. 9
3360. 12
