15000 37499
17840 22299
11720 29299
41100 27399
11660 10599
1220. 60999
7210. 10299
12000 19999
26510 24099
4860. 80999
16730 23899
18060 12899
14300 12999
29440 18399
3450. 11499
840.0 41999
6930. 98999
18900 18899
13680 17099
4800. 15999
8720. 10899
8850. 17699
5700. 18999
44960 28099
36150 24099
16920 18799
23270 17899
31720 24399
12960 16199
26040 18599
41440 29599
13050 14499
11340 12599
11440 87999
40460 28899
1650. 54999
10000 24999
41280 25799
6370. 90999
21120 17599
14100 23499
13440 16799
6870. 22899
11880 19799
18900 18899
9240. 13199
20020 15399
49920 31199
25560 21299
9400. 18799
14960 18699
18240 15199
1080. 53999
10620 11799
12660 21099
3440. 85999
48300 34499
9800. 13999
360.0 17999
19180 27399
8220. 13699
23140 17799
9030. 30099
14170 10899
18840 15699
13300 26599
8760. 14599
5080. 12699
8520. 28399
1440. 71999
12530 17899
280.0 13999
25140 41899
20250 22499
25290 28099
14400 17999
19950 28499
6420. 21399
36040 21199
5790. 19299
55520 34699
300.0 14999
460.0 22999
24570 18899
12650 25299
43360 27099
21000 17499
7120. 17799
1480. 73999
800.0 39999
27600 18399
18550 26499
20940 34899
1580. 78999
14980 21399
14240 17799
26320 18799
19250 17499
21230 19299
8160. 13599
4200. 83999
14950 29899
21000 17499
27300 20999
9920. 12399
1470. 20999
5160. 12899
1400. 69999
69190 40699
960.0 47999
65110 38299
19350 21499
10860 18099
19760 15199
960.0 47999
38400 25599
1420. 70999
14280 23799
40320 25199
22260 15899
880.0 43999
9040. 22599
11400 18999
52700 30999
15000 24999
1000. 24999
18400 18399
9060. 15099
2760. 68999
9450. 18899
38560 24099
37440 31199
13320 22199
20930 16099
9600. 15999
29920 18699
13720 97999
37570 28899
60320 37699
51750 34499
18240 30399
15280 19099
14640 12199
26280 21899
20800 15999
41640 34699
17440 21799
11760 16799
11830 16899
19680 16399
800.0 39999
46240 27199
18480 15399
27300 27299
16870 24099
36400 27999
25000 24999
600.0 29999
23680 29599
51680 30399
14160 11799
940.0 46999
18040 16399
7920. 65999
31520 19699
12160 30399
46750 27499
10560 26399
29280 24399
22680 18899
42700 30499
9920. 12399
18000 29999
10880 27199
35530 20899
1780. 88999
4920. 16399
3780. 53999
40320 25199
880.0 43999
19600 19599
6390. 21299
9180. 10199
18900 18899
15280 19099
12600 12599
26720 16699
39130 30099
10960 13699
4300. 42999
2640. 43999
21960 18299
6960. 23199
6280. 15699
4020. 66999
6760. 16899
13140 21899
1440. 35999
35100 23399
15680 22399
820.0 40999
31640 22599
25850 23499
1160. 57999
8120. 20299
48640 30399
16200 17999
15960 13299
13860 23099
7490. 10699
16160 20199
6600. 16499
7140. 11899
