3960. 0.1263818044953764
7300. 0.339024400475896
520.0 0.2724191697023587
5220. 0.24802479842764869
4320. 0.7157604188913704
6020. 0.17657886557185343
840.0 0.052288817871128934
1200. 0.0436258677865613
12900 0.9065346527315015
5440. 2.3222915741546934
6840. 2.82594837702724
6890. 3.1413894139891863
3960. 2.789367823350622
10640 3.754386963501471
5940. 4.67259629996169
9120. 7.870700666248354
4320. 8.67895186402809
9010. 8.61099087265385
5490. 3.1292908351367856
13760 9.376671265920013
6900. 9.985523007831194
7740. 11.986247633926315
14620 20.465892034588595
9900. 29.141821050291448
6210. 28.428439978170392
4060. 30.224059614113603
9460. 26.57360810931528
3960. 30.262372455351425
7630. 16.725115595628623
5940. 6.3984056961138265
6860. 22.008639877407056
1950. 18.776908335040005
9720. 13.673857741689261
5110. 18.505155279429204
6880. 14.776333266059915
9460. 9.239391268069618
8600. 30.349141427155487
8910. 28.55120611812665
5320. 17.42841409061772
13760 29.700402443968052
11180 22.772226583585464
3640. 36.95659336064867
9520. 42.30853287151817
4240. 43.446758329483316
6840. 39.485933518047496
9880. 27.346335255025963
10080 44.94734508314335
9230. 44.54448732237654
700.0 49.812433972380674
5160. 48.76388809511015
1680. 33.897787650265386
6840. 58.2748074893483
320.0 54.14063008255359
880.0 35.97497047595731
4890. 3.4827099257136496
1900. 28.476216326307032
4140. 17.46867271413734
3270. 19.80146488798357
4440. 23.594467970222773
5820. 33.58213911294098
7740. 25.365613594237956
13760 16.64323389364411
8360. 19.706103131667476
6080. 27.004920789019764
5840. 42.340098373426876
3040. 19.23857968492935
3200. 40.54502394385924
8600. 21.208983971313884
10530 30.483678119277926
11340 35.588889880545935
11180 46.73783329533984
12040 46.80974885760341
780.0 38.543567303287034
6840. 37.46593059653169
5680. 55.94843288178624
9450. 61.47936997067024
3569. 67.48083111997467
12160 67.59994110171779
9120. 73.74845398595531
9450. 47.91163774222106
2850. 52.21704957296795
5670. 46.90608414664224
11400 51.468105214766794
10080 50.59374567523166
6120. 67.68863541408119
7600. 62.37642871319548
8480. 83.75092440349894
4060. 75.32981089792793
10650 83.68382951438647
4730. 77.53436932827255
12410 76.08356260091352
4320. 90.05911345299761
3420. 83.62650703865748
5390. 81.66756600525508
5300. 76.78619685296518
3870. 86.67975157609605
500.0 73.87144696834378
4350. 68.70924234095263
7200. 50.11337470208541
6480. 26.20157382447806
1740. 9.534539591705112
2730. 47.78882858395342
3090. 17.174726998132172
4400. 73.14384916110694
2370. 54.502418476868755
3400. 28.393440581481485
2220. 66.62261272191712
6360. 74.65718525656231
1980. 57.65770456258001
10320 27.435144666014338
920.0 17.651283750476665
4850. 53.58053282294058
3520. 73.9045136377125
6020. 15.568477566506544
7740. 45.227146535539475
9460. 46.050646299382834
9460. 44.585558608140346
12900 79.91033650727658
14620 50.977965429802396
5180. 61.428300276904295
5520. 87.1319729901291
10640 41.696408833222876
7600. 106.60715113204172
12150 80.10578071098644
9720. 94.75516488312273
10950 107.54328292926174
8910. 98.90417546624546
2400. 91.93027611092347
780.0 90.4508646084215
9120. 89.50714125915704
13760 57.91730996351373
11400 116.9226299360637
5940. 114.46069387595576
12920 80.51596739593015
4240. 117.6217784261579
5320. 89.13247567990986
11180 79.81208424456938
13760 133.5566272160732
6080. 123.42324091370914
10560 110.7574155807447
6020. 137.47285645048763
11180 90.96460239260819
13760 126.45849994204202
7740. 125.47309716618092
7600. 138.3349744568335
12040 147.6383313264146
680.0 133.78777531086916
6800. 116.94802219826082
800.0 89.92383727003599
12900 127.65800914390712
12920 106.82581006081887
10880 128.28559771894948
4240. 134.52777906401806
2040. 135.5158218437687
4080. 131.2624787029359
4240. 109.92030341432431
9880. 107.84828836435867
3690. 126.00360021438738
7300. 157.22580402599584
6080. 152.5279346204135
4240. 152.4417043434422
6600. 175.23499944654
12160 169.20487272412373
12920 142.78272301710223
6960. 167.61422144195333
5400. 185.30335129135779
2310. 156.118977905414
380.0 146.45599076495097
1330. 136.9320037036976
630.0 126.53347880356623
2140. 124.2225184899593
7400. 124.5456011839448
4560. 114.79556495831238
5050. 121.18120797298661
1440. 125.34805785485037
4850. 117.78038610628423
4860. 128.61144668885183
6020. 115.91601854569504
11180 111.66106737067912
8520. 131.6797186551664
6080. 125.0020638763329
7600. 121.07670662080974
11400 134.9242918399562
9120. 123.695973290187
10350 134.69648360305405
12900 130.33696480090376
6880. 129.07975125321164
7920. 141.96961449886152
10710 146.80976104665996
2800. 126.74416895209134
9180. 145.3665683568037
1900. 134.4125259452829
1080. 138.8475790913989
