10220 3.8
5320. 2.2
5680. 2.2
8360. 1.4
10950 1.6
7500. 2.6
6380. 1.4
6840. 8.733
9880. 7.533
3800. 9.066
14040 11.66
15210 11.6
7020. 12.53
3510. 12.4
2960. 2.466
2220. 2.133
8190. 7.733
10710 6.933
10530 10.2
8100. 10.0
9720. 10.0
3700. 8.666
6660. 8.133
4440. 7.933
6660. 8.066
9810. 8.533
15260 8.933
6540. 8.533
5250. 12.86
8400. 11.93
9450. 11.66
3150. 12.2
6300. 12.2
14700 10.13
5880. 11.0
4410. 10.73
1620. 0.2
9490. 5.733
11680 5.133
11400 8.733
11400 9.0
10080 7.866
6930. 8.066
5670. 9.0
8100. 9.2
12150 7.466
5670. 9.333
12150 6.866
11340 6.733
9120. 9.733
9120. 8.8
7600. 9.4
260.0 0.0
9720. 8.066
12960 7.133
6480. 8.933
12180 10.53
6090. 11.26
11310 10.13
5200. 13.4
10400 12.26
5200. 12.53
15600 11.2
9880. 7.866
9120. 7.866
1520. 10.2
520.0 0.0
13440 6.733
2880. 7.866
4800. 7.066
8940. 9.333
7450. 9.533
10430 9.933
720.0 0.2
2980. 13.4
5960. 12.8
22350 11.2
4470. 12.26
5960. 12.26
5040. 0.6
8970. 8.533
11730 7.133
11400 6.466
12160 6.4
13760 9.533
6020. 12.8
11180 10.73
9460. 10.13
14620 8.066
6880. 10.53
7590. 6.466
9660. 5.8
11180 6.933
14620 6.6
12160 9.533
9120. 9.666
6080. 10.8
12920 7.333
12160 8.2
11680 9.0
6570. 9.4
6570. 10.6
11560 5.333
6120. 6.533
11220 7.866
9900. 7.733
320.0 0.0
9720. 10.26
11340 9.8
8100. 11.06
5680. 7.6
10650 6.8
4260. 8.266
3550. 8.333
13760 9.066
8600. 10.13
7740. 10.53
5530. 5.2
12640 5.0
14620 9.6
12040 10.6
12040 7.933
6880. 9.266
7740. 8.8
8360. 8.066
9880. 8.133
6840. 8.533
320.0 0.0
9880. 6.8
9880. 7.533
3800. 7.733
9460. 9.266
11180 9.333
3440. 10.06
6020. 9.733
9700. 8.0
12610 8.666
5820. 8.866
9460. 12.53
6880. 12.73
11180 12.06
1720. 14.26
4560. 12.73
12540 11.26
6840. 11.86
5700. 11.6
4560. 12.73
6720. 10.86
2240. 11.4
5600. 10.46
4480. 11.13
10080 10.4
9870. 17.2
7050. 16.4
23970 15.66
8460. 16.53
220.0 0.0
4880. 15.6
10980 15.13
17080 13.6
3660. 15.86
11500 11.53
17250 10.2
3450. 12.33
4600. 12.06
3450. 11.66
2380. 14.13
17850 11.53
8330. 13.26
5950. 13.0
7140. 13.46
2580. 13.26
16770 10.46
7740. 12.53
7740. 12.33
3870. 12.2
2580. 8.4
13760 5.4
1720. 8.733
