7080. 0.3060272852550626
5040. 0.652445031513195
5060. 3.0774276681632444
12900 3.086652084569855
5280. 3.1157193439191273
3360. 4.252597753219976
5160. 4.1008062337539215
1220. 4.759898096139285
9460. 2.9148993331063284
6020. 4.199007326443756
2580. 4.60682373122885
5320. 4.425876864501532
7260. 5.219165587745131
10560 4.662509788888087
2450. 9.095898492092815
3040. 8.155539571425864
5800. 8.724372179099817
6080. 8.426218322989914
840.0 9.646264327254697
11680 10.204890227732607
2370. 13.5190281534308
4050. 11.474934578116724
3360. 12.18502877820997
11400 11.040622860618347
3210. 11.810845651599612
5590. 11.150840907239612
3420. 11.310908505487163
10220 11.997377026961862
10640 15.62768528933418
10530 16.617884532660494
4410. 15.312232662251349
11180 20.897911526692635
11340 18.27541082652819
6840. 20.979143312968137
13760 20.919312594390036
8760. 20.68164206343018
6080. 23.6111353798417
4060. 23.426282423370587
5520. 22.63812119687265
12160 20.149142037540443
7560. 24.78241276622731
3180. 26.3803462526356
11180 25.18811253969199
1650. 28.86645380801885
7300. 29.352453810756238
4970. 29.351609392595538
6540. 31.837203652528117
10320 27.93873260960099
5310. 32.27487603171356
4760. 37.29151673461851
3150. 33.04819485731297
6880. 32.69885387916477
3900. 35.807215895373716
4260. 36.94445462336825
12040 36.549724417321755
1080. 37.87196920659936
2120. 36.68493342153147
3920. 36.278564308546706
6240. 38.59084631736874
5760. 38.14052268055232
1470. 29.175419005669255
8189. 41.39130323932774
12410 36.25018219020377
8580. 39.735845791402376
10950 37.86537308467689
3280. 35.91679861722114
13760 43.03611173764147
13760 42.394051023781884
14620 41.34914452123165
10640 42.575173834131064
8970. 44.64561988609091
14620 43.02626725603953
280.0 52.54692572714278
7920. 47.58294026201127
12920 42.10420737897635
12960 46.772492126342776
11040 42.41626558245373
10320 57.8589209928312
12900 51.76851699663899
6840. 61.740981375558434
300.0 61.53015568012705
360.0 67.50775000170523
7420. 46.037079163661325
5440. 64.2663654876892
6840. 67.92227261024274
8360. 61.61727434863391
7540. 51.94680430768503
11340 60.53190279401984
4620. 72.50103695434635
11180 62.111489277577185
12160 59.82591893243636
9460. 69.59195636112815
3780. 77.39902711585611
2100. 73.82766365837551
4140. 83.18691220569231
12160 62.017946275923926
3240. 73.86403980223491
11730 63.974113497152544
6080. 79.08265257759763
7300. 72.01889956296193
6720. 69.76927625771026
5280. 66.68858730706324
1200. 76.91851167864272
460.0 86.6229818144378
10710 69.47662207077215
7740. 83.60354996685953
9880. 78.43353528365354
12900 78.1303210297425
7139. 99.81548917095645
10320 85.44122807300613
5760. 77.48996638016129
5530. 95.01324350196089
7560. 84.134265471297
8520. 84.55383409002465
3920. 84.82611074675225
11180 90.4566546455942
9720. 90.55176603888825
8680. 109.3831037775014
3040. 111.65667839012175
9120. 93.66148180212316
13760 91.26136243379835
4850. 116.15112736656141
6840. 120.42528219305605
4860. 110.61450665141098
14620 95.36259565494242
4380. 107.62499982131064
11180 103.23791986061322
4260. 111.86341200278574
7300. 103.91598692391439
2520. 117.6247574390778
7480. 105.57267694715591
5160. 118.27495798918953
9010. 100.4538416282031
7080. 108.59362713262072
9030. 129.0119042818055
7300. 112.07604486563145
6660. 128.89537562289874
2040. 123.43096292191933
4140. 121.37904701727538
5100. 134.18092262683484
10220 111.55076936689485
800.0 137.0851432358756
5520. 129.1119429921244
4760. 121.39424095076211
4830. 121.37368391360793
5160. 126.1593686496127
6880. 125.57631664043114
5520. 122.78179487976708
5800. 139.06730782908488
4050. 130.96223669827762
10320 123.76411765646756
4360. 145.266351415923
960.0 141.28215596835665
960.0 139.36935598276148
880.0 141.9853031596245
1440. 154.42734633568725
10880 124.22835969383203
3180. 151.15012000372687
5700. 133.795869208601
3270. 154.40262965621378
1480. 153.1927710788444
7420. 135.45865600140397
2520. 127.83882376860056
1400. 149.5284001164073
4290. 160.39869014306606
6080. 133.12316121590075
1580. 153.9381853587006
1420. 149.56868032373637
600.0 138.73623833735073
800.0 140.40455254062996
4320. 130.65220426269542
5200. 151.03383464933034
4980. 165.35724536912372
4600. 138.6759269907658
7300. 139.18198136804438
940.0 145.66573254981554
4440. 143.61863619816478
8040. 142.044647942238
8600. 138.0494032373556
13760 141.7177475931606
10530 141.6512058932263
2040. 144.37729573101308
6800. 148.1792991415262
2500. 147.33927707093974
880.0 150.51376413168765
6880. 148.61180501357236
5360. 151.9195008617762
4320. 149.86512106325023
1780. 153.2700769808829
4140. 151.6848557547098
840.0 152.88548680135105
5160. 149.07746267292126
6960. 152.1681928672853
840.0 150.95931686422932
3960. 152.45553700859085
13760 152.66134001482092
2640. 154.76458079168455
10640 157.673567166724
12900 157.9169989031069
3360. 151.53732877215205
8910. 161.44051095432016
5280. 157.37552609436403
5320. 161.87411215285965
5320. 157.87756943327878
4920. 162.94819219309838
5460. 165.48974533583328
640.0 165.18890877661732
3160. 166.44267619220943
3760. 165.89300850637298
1160. 166.65958486956436
4640. 166.13803839188478
4560. 162.37337328965776
4290. 168.51933291695863
