6880. 1.7641186778105933
6360. 9.305749829372715
8360. 17.64693027489166
11560 15.940678918081062
12900 21.95298758882122
1920. 24.206707059996162
1500. 22.708481297375755
4620. 23.963792803525237
1940. 17.92642422548258
5160. 20.04205655957081
4960. 10.790821715580734
5820. 26.297777369883157
8680. 20.280456687992448
4160. 21.046019634833208
4360. 32.15414931496102
2610. 16.48076154546069
2970. 10.625987456814542
14620 29.352693150054876
8760. 40.77018229863802
760.0 39.171528454086776
1000. 23.918156257359733
7290. 41.88635381437212
5110. 42.719186701418494
1770. 57.17530322349228
12040 42.1052703199106
8360. 74.19837195002286
12900 97.91367645006707
14620 95.23402013767645
6840. 109.31636039722412
12160 121.13389858815476
10560 133.56356934779336
12900 164.82703522422352
5040. 161.99510613639066
13760 162.7786763285738
6880. 163.72053962796167
10640 180.5119846865235
6600. 181.50966667473307
11340 189.15484015603127
2200. 196.17008533492273
12900 188.58104627568503
8360. 200.31859448766454
8360. 202.20454087271597
3920. 226.89440537935988
5900. 216.69943335751728
9720. 212.78756170034976
11400 216.8660042220819
7260. 219.35008604833172
7740. 219.57979205487524
10880 234.93699605376924
9450. 248.92857996759145
6890. 261.97712617950776
12410 258.4215408909226
4830. 285.74923528233035
7590. 273.14356168602023
8280. 287.49098108077175
9120. 293.10344455614415
9010. 289.35619174485703
5160. 303.1029753334707
1720. 318.5434701127674
580.0 316.3546283618253
4640. 309.6411742745019
9240. 328.5821535347718
8820. 316.15521303760454
9440. 352.1406613890567
540.0 358.59783392678025
2880. 364.19774511442034
6440. 357.8349330725924
3440. 370.71640542937024
200.0 375.6104232827872
380.0 372.2110998540673
260.0 358.33643144119196
4620. 325.36515102728384
4260. 358.01857391979206
4080. 341.48147385047747
3840. 344.3532905326976
3870. 358.9528857314916
1760. 324.44098562849376
7100. 349.33852061904025
7100. 321.4079753168256
4640. 328.1852766343656
3000. 358.25800193551237
8400. 366.7269761942664
1460. 365.5812195510943
2700. 336.1782028245176
4300. 370.3461354685478
6050. 365.1919345887822
7140. 370.7908557989826
4120. 377.1164400649442
2520. 360.04226221154164
1300. 347.886634674633
6860. 396.81632662286313
7500. 371.0504328219377
3320. 362.2809336474063
6080. 355.7155068706528
7740. 377.36152980864455
8330. 362.4488521791448
14620 370.99549941269623
4380. 406.4489493815309
6080. 377.470810776727
4500. 404.23489414808597
10320 387.87112838557636
6080. 414.1099522730697
700.0 416.32383902919145
5940. 411.7705316655013
10320 416.71117102400643
6840. 411.051033020349
1770. 406.70622067383806
1590. 401.90913264504013
8600. 418.0274311717338
5320. 413.5036191312553
11400 468.81045519535
5680. 472.7770781277956
5840. 448.44680859526403
8360. 464.8600336791555
11180 528.2413247654908
12900 521.257882700841
5680. 500.0134882140318
7740. 546.8617458033833
8360. 551.032233605709
10640 525.9612824153988
11400 529.181375873964
7139. 567.0903758997325
840.0 560.1447361493365
600.0 556.6499558969274
4380. 555.0251781708947
8360. 546.6622348050215
13760 555.1419322254791
11180 572.7172119391771
9720. 598.2712476108371
10320 580.8320172082827
4640. 594.8772648202473
11400 629.0760504438095
8850. 601.1988675025283
9720. 632.3300258782276
4080. 627.0588028898953
7600. 605.4936920938306
13760 659.6218298800092
6880. 615.498094248167
10950 641.2519494951647
5940. 648.4220205951931
7480. 654.2619484771866
4760. 671.2851717109068
9490. 708.5717237731161
10320 727.54662823085
11400 729.2368814267492
8029. 732.2662705277941
7260. 741.6967982611192
4720. 753.8195141645232
9120. 751.2140406461302
7020. 752.4130107794743
11220 792.4389712591332
920.0 788.3187006088714
8160. 784.1597184288977
1960. 776.4207381935254
7540. 821.1894139822332
9880. 813.3510176339479
6380. 816.3378696977426
6840. 806.2401415026877
4970. 850.163200136693
12040 836.4626885312073
11340 828.795102283306
5400. 835.513437441616
11400 832.713581645521
11180 861.6797879800374
9240. 874.4248841249052
6210. 832.2488854717055
11400 846.875370871961
9880. 890.0680308771825
6240. 869.4115171524209
8260. 911.957210184942
2550. 925.8345939522874
6240. 920.9410944110376
12160 940.1000985794723
4240. 916.2125844095146
8820. 942.7411784705815
10080 956.6462321810953
10560 942.3289347344809
3180. 974.1125566969836
4640. 978.1100626741783
2880. 974.6980581834556
2350. 970.734109627275
12160 970.5860120970614
8260. 964.0245630037956
4240. 971.661757865335
4640. 967.9329344755191
3690. 963.1511086309163
4080. 961.7849475053115
3040. 967.1424910215226
5940. 1004.9182728667095
7600. 1003.6079309408581
8120. 998.0978260765723
4050. 993.6733051869271
3920. 1014.6213860433996
10640 1010.4032212805465
4300. 1028.4292638297088
6120. 1050.8979691276688
6880. 1031.8909327365498
300.0 1058.9208395905428
4240. 1052.2568087306329
540.0 1025.3462021336977
4410. 1068.2365134534282
3700. 1056.4391061484735
260.0 1076.2865891538188
600.0 1042.7351257680507
1080. 1053.5738453031122
