3960. 30
7300. 39
520.0 0
5220. 27
4320. 12
6020. 30
5440. 21
6840. 21
6890. 21
12900 21
1200. 3
840.0 0
5490. 24
3960. 24
13760 57
10640 48
6900. 33
7740. 24
5940. 27
14620 33
9900. 33
9120. 33
6210. 9
4060. 18
4320. 27
9460. 24
9010. 27
6840. 15
3960. 9
4890. 18
4350. 30
1900. 0
4140. 33
3270. 15
4440. 36
5820. 36
4400. 27
7630. 48
7740. 36
5940. 27
2220. 12
6860. 21
6360. 30
13760 75
3520. 15
1950. 12
8360. 48
6080. 42
9720. 42
5110. 21
12900 60
6880. 18
5840. 33
3040. 15
3200. 21
9460. 42
8600. 30
8600. 33
10530 60
7600. 39
8910. 27
5320. 30
11340 42
13760 51
9720. 27
11180 45
11180 39
12040 42
10950 36
780.0 0
8910. 33
11400 51
6840. 18
5940. 33
5680. 18
4240. 18
13760 48
6080. 18
9450. 45
3640. 21
3569. 15
6020. 12
12160 33
9120. 30
9450. 39
9520. 45
4240. 21
2850. 6
7600. 21
12040 30
6840. 30
9880. 42
10080 42
5670. 33
11400 36
10080 39
6120. 18
9230. 30
7600. 15
8480. 30
4060. 24
10650 18
6600. 12
700.0 0
5160. 3
1680. 6
4730. 18
12410 24
4320. 15
3420. 9
5390. 15
5400. 21
5300. 6
3870. 3
320.0 0
500.0 0
880.0 12
7200. 39
6480. 30
2140. 0
7400. 39
1740. 0
2730. 12
3090. 9
4560. 21
5050. 21
2370. 9
3400. 21
1440. 0
1980. 6
10320 27
920.0 0
4850. 18
4850. 18
6020. 30
7740. 36
4860. 27
9460. 30
9460. 30
6020. 33
14620 75
5180. 48
5520. 27
11180 51
10640 33
12150 45
8520. 24
6080. 21
2400. 12
780.0 0
9120. 24
7600. 24
13760 30
11400 33
9120. 33
12920 54
10350 39
12900 60
5320. 36
11180 24
10560 39
6880. 30
11180 21
13760 39
7740. 15
680.0 0
6800. 30
800.0 0
12900 39
12920 33
10880 51
4240. 15
2040. 15
4080. 15
4240. 24
9880. 39
3690. 3
7300. 27
6080. 12
4240. 27
12160 36
12920 42
7920. 12
10710 27
6960. 9
2800. 6
9180. 27
2310. 3
1900. 3
380.0 0
1330. 0
630.0 0
1080. 0
