10220 60
5680. 33
5320. 33
8360. 36
10950 63
7500. 39
6380. 30
3450. 15
9880. 48
8160. 15
5670. 21
3510. 15
3150. 15
6540. 45
2220. 9
4440. 24
8100. 42
5160. 45
10710 66
8970. 30
5590. 30
2350. 12
1680. 15
4410. 42
7300. 48
4840. 27
8940. 51
5200. 39
7600. 69
1000. 0
4980. 33
5940. 45
6120. 51
6090. 33
5680. 45
7600. 21
9120. 30
6930. 24
11400 51
11680 24
6120. 39
9450. 51
7670. 39
4410. 24
7670. 30
4320. 33
2000. 12
4770. 30
7560. 15
4470. 27
3450. 9
7050. 30
3389. 18
5200. 33
4880. 18
5700. 27
4800. 33
1180. 0
7740. 42
5600. 18
2040. 9
3640. 15
1220. 0
860.0 0
6480. 63
5460. 33
13760 78
6570. 72
3650. 21
4760. 39
10320 27
2560. 9
5820. 27
2760. 12
5530. 57
9880. 42
9880. 69
9120. 21
12900 51
14620 39
12040 45
11730 60
12150 18
9880. 51
9120. 48
7600. 45
8600. 66
9450. 57
12040 48
10640 51
12920 51
13760 39
12960 48
9720. 42
11400 36
8360. 36
6020. 15
7740. 33
9660. 42
10640 48
5040. 24
5940. 57
6840. 48
8580. 36
12150 45
6480. 27
2280. 3
7480. 30
10080 33
11220 42
2150. 9
8360. 48
12160 36
10640 21
4240. 15
14620 33
6890. 21
8700. 27
11400 36
8260. 24
4080. 27
12160 18
4320. 30
4300. 33
7040. 18
11560 30
520.0 0
2150. 12
7080. 42
6120. 21
2880. 3
4730. 48
4900. 12
3280. 15
3420. 15
2870. 12
1620. 12
5040. 18
720.0 0
260.0 0
320.0 0
320.0 0
3870. 24
5950. 21
12040 60
11180 60
1060. 0
3000. 12
13760 39
7600. 45
13770 69
1590. 9
6390. 60
1950. 3
4860. 18
11180 21
9460. 42
12900 54
4080. 15
8029. 45
6020. 30
5110. 30
4740. 30
12150 51
7290. 69
3780. 18
12920 45
1440. 6
680.0 0
680.0 0
9880. 36
8189. 60
5900. 42
7680. 21
8840. 12
9880. 12
7040. 6
9880. 9
220.0 0
