10220 0.5295104142609048
5320. 0.5034898994949333
5680. 0.4639128025466386
8360. 0.42732596014501345
10950 0.6893355444829732
7500. 0.9445323382208111
6380. 0.5506246533643049
5670. 2.7287737032446593
9880. 2.6239727587350927
3450. 2.8203656124928527
8160. 6.674714149108564
8970. 6.203453797689751
5160. 5.8311086473290645
3510. 6.039580883717546
1680. 5.65824858920881
2220. 5.705109042765518
5590. 6.83886491745038
10710 6.348158256958111
7670. 7.986836427038451
8100. 10.00086886501067
9120. 8.43577132040252
2350. 12.794885266449738
4320. 10.691938469990914
4440. 13.557528773621682
6120. 11.484089003624609
5940. 13.782839332346745
7560. 12.234175897811635
6540. 16.156641900084587
2000. 17.7848027552822
5680. 17.256632040519417
6120. 16.91262576707603
3150. 20.581685358039138
4980. 17.051814244963854
7600. 17.92092213009883
4840. 19.08196253903798
4410. 18.769160743639418
1620. 8.859389524108686
7670. 19.796193444376886
11680 17.612214715122008
11400 20.36057701905126
9450. 16.89338527817434
7040. 16.02649109285207
6930. 23.523497720758836
4770. 21.615146711038953
4900. 21.77014444405137
12150 22.707886895444084
4410. 28.616611152102195
12150 24.36724716610042
12040 25.099645664167728
7080. 26.20502611760011
9120. 28.381427784941078
7600. 29.59723773026756
260.0 28.10427827066749
6480. 28.03254479050574
12960 28.524767964787543
4080. 30.129716317653873
10640 31.978471049739262
6090. 38.03721147225024
9880. 30.327176598284055
2150. 36.60034069667939
7600. 34.934047214029135
5200. 45.09625434619891
12900 32.92078077217891
9880. 36.06867167721788
10320 36.90641283517724
1000. 45.40353193831116
520.0 40.20345696472142
8260. 36.313205408943645
2040. 45.578428353400994
4800. 43.47196207406486
8940. 49.528129224598345
7300. 49.1650495420448
4760. 39.76389281828868
720.0 40.16695248570555
1220. 50.59494313042907
3640. 46.96934854021079
11400 41.78710531154073
4470. 50.55122051172086
5200. 46.817073274827905
5040. 41.08652441527407
6890. 42.01415851061962
11730 41.49630182511144
8700. 37.682311943309294
12160 41.36405902472032
13760 47.403962800578896
2870. 48.281480049125854
9880. 48.080490269983045
4730. 38.748627653517275
14620 45.87354562935408
3280. 44.965179993042085
7480. 52.11671352842375
9660. 44.14995149529555
8580. 46.80670948165382
14620 44.91779338821193
12160 47.10727473327482
9120. 55.257665416612895
4240. 55.47731520748794
12920 47.750002312778335
7680. 38.66494994525798
10080 46.124453682068264
6570. 65.8441352134769
3420. 46.811271757417856
11560 48.08337325988928
6120. 64.34122717105669
11220 50.17213206630464
9450. 51.214160134704606
320.0 68.8047686455256
9720. 66.66712118292723
10640 60.514202821091274
4300. 54.397120175847945
5040. 73.21930490615355
11400 61.55957416272504
2880. 72.48855532132106
2150. 73.05138770204906
13760 66.43417818553472
8600. 76.62350400391537
5940. 71.49289051139841
5530. 87.24890704257334
7040. 56.66288152912332
13770 66.47008781760886
12040 71.29100346186623
10640 72.24980145117159
4320. 76.1586444526992
7740. 84.9889950260322
8360. 79.59578860767974
8189. 70.8201161622317
6840. 79.8970285912142
320.0 80.35437370957024
9880. 76.14033863105952
9880. 76.0488017104409
3650. 99.19434594208576
8360. 83.85425399078592
8840. 78.95108995104391
2560. 105.51533901997897
6020. 93.43635543750969
7600. 85.71724316550424
9880. 81.68264338020688
5820. 100.30443392472847
9460. 89.02660506773435
6480. 92.41790653741509
11180 85.39054895579199
860.0 111.1478421040993
1440. 94.35510455129611
8029. 90.1796925411538
5460. 103.04344257205616
5700. 114.94483477730518
2280. 100.33726463562925
4080. 99.51706337229432
1180. 123.33446386186571
5600. 111.9741657788861
2760. 105.02852432653995
7290. 94.05123458260974
6020. 102.05864040688317
7050. 119.30367637655792
12920 92.2634835797307
7740. 110.17240798363751
220.0 94.25987891365726
4880. 124.25007403855052
6390. 100.66366993198471
12040 98.82140338280708
3389. 129.41591598485024
5900. 105.55676095615881
12150 104.84304813387237
1590. 114.63185774468539
3000. 114.0698927024875
3450. 125.61375099472319
1060. 122.56977100448873
12900 109.19495091094062
5110. 111.73730965685283
5950. 118.85271997857498
4740. 112.3143335685233
680.0 118.42139148327777
11180 113.74173453594612
3780. 115.17500108108939
4860. 115.82328943739581
3870. 122.60618547794155
1950. 118.51747028276189
13760 114.62774441377152
680.0 115.54575916921817
