38920 27799
15050 21499
12760 31899
26620 24199
31800 21199
19000 37999
11770 10699
7250. 14499
16290 18099
25090 19299
22680 18899
27170 20899
5850. 19499
10920 18199
3570. 11899
3960. 98999
14100 23499
16500 27499
5640. 18799
21190 16299
20200 20199
6250. 12499
38760 22799
21240 17699
20970 23299
17680 13599
14940 16599
17280 19199
6900. 13799
10560 26399
16160 20199
12660 21099
9540. 31799
17460 19399
20300 14499
21200 21199
16640 12799
9660. 13799
16850 33699
35850 23899
32800 20499
19360 17599
1000. 49999
25860 43099
13720 19599
18600 37199
9090. 10099
15200 15199
17100 11399
3480. 11599
25060 17899
25320 21099
41100 27399
260.0 12999
1220. 60999
9600. 31999
29550 19699
11500 11499
14000 27999
12160 15199
22440 18699
520.0 25999
5850. 64999
3050. 60999
38560 24099
24500 17499
38400 23999
7280. 18199
21720 18099
11840 29599
18800 18799
47320 36399
32400 26999
28600 21999
52350 34899
720.0 23999
15330 21899
25480 18199
30600 20399
10440 11599
1180. 58999
15680 22399
5180. 73999
4720. 11799
27950 21499
51090 39299
58140 34199
75680 47299
6050. 12099
26910 29899
27500 24999
860.0 42999
28160 17599
6180. 20599
320.0 15999
18800 37599
7840. 97999
16560 18399
24480 20399
59500 34999
29850 19899
10720 13399
17600 21999
6050. 12099
21060 23399
18350 36699
9660. 16099
8960. 22399
29100 29099
6360. 10599
15860 12199
23040 19199
21000 14999
12650 25299
52360 30799
12460 17799
12210 11099
38080 23799
18810 20899
5070. 16899
55250 32499
14520 24199
47460 33899
320.0 15999
13860 15399
6880. 85999
25410 23099
17160 28599
5280. 13199
34720 24799
3120. 77999
62560 39099
20400 13599
9900. 10999
35420 25299
31800 21199
39040 24399
51680 30399
19760 24699
24750 22499
19600 19599
41140 24199
27800 27799
1060. 52999
10680 17799
48450 28499
31200 23999
14170 10899
3080. 76999
13440 83999
25630 23299
3210. 10699
12740 18199
4920. 12299
23790 18299
29770 22899
10150 20299
20020 15399
7560. 25199
27820 21399
17820 19799
28160 25599
18400 11499
29430 32699
680.0 33999
14760 24599
220.0 10999
38640 27599
13930 19899
13900 13899
46500 30999
2400. 79999
10500 17499
47940 28199
9360. 15599
51750 34499
42640 32799
680.0 33999
45920 28699
