3960. 0.03759520247511272
7300. 0.06205210662213623
520.0 0.00966162995321318
5220. 0.057657815013952396
4320. 0.05128593158668293
6020. 0.054370985551711826
840.0 0.018041896331822294
1200. 0.016218460025941184
12900 0.10840318681963623
5440. 0.12610932317813095
6840. 0.05685677088710328
6890. 0.09085135093986985
9120. 0.08544618779376378
3960. 0.031822828996373786
4320. 0.046779041075819094
5940. 0.05907710821974632
9010. 0.17952095535648738
10640 0.23453766311694935
9900. 0.1211995121292162
4060. 0.04360512154463336
6210. 0.04961002211570431
3960. 0.06162663435227955
7740. 0.05227074526969844
13760 0.16718096669515958
6900. 0.061910174808122775
9460. 0.05641264613473851
5490. 0.03307224916876805
14620 0.1654939232452115
6840. 0.04801253123367388
8600. 0.06416256057833891
4240. 0.04662448129300856
9520. 0.12156335285666486
320.0 0.09269149727222015
6860. 0.05068713959882842
700.0 0.012761130354913774
10080 0.1528189829846518
5160. 0.06352445909330484
8910. 0.07205892231061028
7630. 0.06096416549861772
3640. 0.03798302625230576
1950. 0.01905840332308628
6840. 0.0557214971734723
9230. 0.08890756468611016
5110. 0.04571409443164498
13760 0.1359528952467386
9720. 0.08960037741618976
6880. 0.05531828955844986
5940. 0.04244151230645343
5320. 0.04663465832096847
11180 0.10758210383387734
1680. 0.01777656856982901
880.0 0.03937162570706931
9880. 0.0959163535824814
9460. 0.0747141249726937
9120. 0.07839692762095751
3569. 0.04511854406219129
8480. 0.130792672465617
12160 0.1464916140316319
5820. 0.050666429988098116
10650 0.11798903167468211
4320. 0.07498569306413572
5840. 0.049683086409054056
9450. 0.13364443432380568
1900. 0.0160825353371834
3200. 0.02924802489867062
5680. 0.05004330392063849
11180 0.11051443623949808
4060. 0.04065684519354562
4730. 0.06716642643233683
12040 0.12095829783473278
4440. 0.034536691994013324
3870. 0.04024547448777582
3420. 0.04794239479761586
7740. 0.07107318896451886
6120. 0.09102851672706436
3270. 0.02487835539079697
12410 0.1422974947123521
5390. 0.059308473135331496
4140. 0.03366633405616426
11340 0.128314299949011
6080. 0.05449802519530067
780.0 0.014770868884568245
7600. 0.055466284148849354
5300. 0.050265933317959366
2850. 0.028248284363215248
10530 0.11321307907101641
9450. 0.13521834105223718
8360. 0.08754400958190445
500.0 0.09318816783718376
11400 0.12437977188044158
6840. 0.05344213599092029
13760 0.4337221367471358
5670. 0.059733953618561486
3040. 0.031816894249416805
8600. 0.07429320974772224
4890. 0.02922658258925992
10080 0.16135713114901762
7600. 0.06586990874460241
4400. 0.08417132182776754
4350. 0.06065272989916082
13760 0.14517683002584647
6600. 0.06534722295296547
6360. 0.046915948472104674
6020. 0.0480460409417276
10950 0.13394397815089576
11400 0.1277049616221717
5400. 0.17420209282566645
12040 0.12306872265483548
3520. 0.025701086214084512
2220. 0.02044416188904563
12900 0.17002989144711478
7600. 0.055701900528575266
5940. 0.05352715651910955
4240. 0.11626809595770737
6080. 0.04933167870852628
8910. 0.0819274842203157
9720. 0.07948305367021646
12160 0.12206947476460073
7300. 0.05819099651586157
5520. 0.05882736215363593
7200. 0.04354237710371933
13760 0.2052035667673664
680.0 0.011605057115488648
1980. 0.02094885770024746
2370. 0.019689518738871925
6960. 0.07000218650594547
6080. 0.042713711294851464
7740. 0.0503552762273074
2400. 0.039027884757700804
4240. 0.05077559817242161
780.0 0.01404410137193679
2730. 0.0236451351619138
4850. 0.03265360388540728
10560 0.1502843379926304
9120. 0.08473434730706231
12150 0.1412354610474722
4240. 0.04209085448437122
12900 0.13225826843410005
2040. 0.061949163104628724
2310. 0.031576753756880294
10880 0.1484865319682882
4080. 0.04728733864757828
6800. 0.0641897435794192
7740. 0.0617133671282204
9460. 0.0718712749687711
5180. 0.04742182841796705
5320. 0.04196006635395122
9460. 0.0769555121320451
6480. 0.03531453569021892
12920 0.1513155177888592
380.0 0.17455551371502054
3400. 0.026800252120523282
3690. 0.04762539711137492
12920 0.16890623870358468
14620 0.20656974651382143
11180 0.09591976969863936
10320 0.10357761698784884
11180 0.09850005992277033
1330. 0.031950202568452823
12920 0.16352926286049296
3090. 0.02583125762313898
4240. 0.04793007181027065
13760 0.1621517775548682
1740. 0.0426243657224461
920.0 0.014174470844096732
9880. 0.09545785898757231
10640 0.12304147596884718
630.0 0.012758798530825288
800.0 0.014679278626687164
6020. 0.04893415715901028
7400. 0.17907553392038267
10710 0.1784710877061002
2140. 0.018011377456247146
4860. 0.03633982964467464
1440. 0.020180810172632846
8520. 0.08737007957435594
11400 0.14130972897902438
7920. 0.07740639949628303
9180. 0.14041903620127982
5050. 0.036221343500528747
10350 0.14375781112289587
4850. 0.031422988684738584
6080. 0.048238164128918015
4560. 0.033117362716069465
1080. 0.01728662809628645
12900 0.14274258906598902
7600. 0.06605360185832865
6020. 0.04185110337326137
9120. 0.08376945374595834
6880. 0.12077236183895934
1900. 0.021517806626292213
11180 0.10482466628764087
2800. 0.03474088011563481
