17280 21599
15120 25199
20900 18999
27750 18499
2640. 65999
9210. 30699
20100 33499
9400. 23499
33240 27699
28530 31699
15050 21499
33280 20799
39750 26499
16320 20399
9170. 13099
37060 21799
16940 24199
19920 16599
3520. 87999
22120 15799
4200. 69999
200.0 99999
7770. 25899
1940. 96999
9840. 24599
8520. 21299
27370 39099
9000. 22499
4050. 13499
4140. 13799
29580 17399
820.0 40999
1000. 49999
3570. 11899
27860 19899
29150 26499
37350 24899
27600 18399
47600 27999
17820 19799
27040 16899
17920 25599
25680 21399
19520 12199
13600 16999
27300 18199
28560 20399
21100 21099
30240 21599
4960. 12399
35360 22099
37650 25099
30140 27399
28270 25699
20100 20099
22440 18699
27300 18199
15840 14399
12330 13699
22880 14299
31050 20699
15080 11599
22260 15899
26860 15799
17270 15699
23280 19399
19380 11399
16200 13499
520.0 25999
7280. 90999
7680. 12799
18200 12999
23040 14399
7920. 65999
480.0 23999
9280. 11599
17080 12199
13040 16299
380.0 18999
260.0 12999
260.0 12999
7680. 25599
8310. 27699
7530. 25099
5850. 19499
1760. 87999
18050 36099
15300 30599
8080. 20199
3990. 13299
18720 31199
1520. 75999
5100. 16999
10250 20499
15200 30399
18900 31499
10600 26499
4410. 14699
1360. 67999
23590 33699
15120 25199
7080. 17699
25440 31799
18810 20899
22680 32399
35190 20699
10500 17499
22240 27799
15000 29999
21240 17699
27200 33999
700.0 34999
11940 19899
27000 22499
30240 33599
3210. 10699
3030. 10099
18200 18199
13580 19399
20800 25999
27920 34899
18920 17199
27430 21099
32400 21599
13520 16899
19980 22199
21340 19399
34300 24499
42300 28199
840.0 41999
600.0 29999
11040 18399
29590 26899
30080 18799
31720 24399
33360 27799
18720 23399
44100 29399
36600 30499
15840 26399
35700 35699
18320 22899
41250 27499
13970 12699
30800 27999
8330. 11899
23140 17799
17280 14399
22350 14899
17710 16099
20790 18899
22640 28299
20880 17399
11310 86999
44540 26199
920.0 45999
19680 16399
3680. 91999
19630 15099
34710 26699
19910 18099
28710 31899
11200 15999
18760 13399
15960 11399
18400 18399
21750 14499
23660 18199
19980 22199
24900 16599
17420 13399
16120 12399
16660 11899
5900. 11799
10530 80999
31680 19799
14480 18099
20160 14399
18720 11699
25440 15899
11200 13999
7860. 13099
4950. 98999
25280 15799
24640 17599
9280. 11599
11120 13899
20250 22499
12240 15299
11120 13899
11110 10099
20200 20199
20720 14799
5670. 62999
5360. 66999
19740 14099
8800. 87999
14080 87999
300.0 14999
5680. 70999
540.0 26999
8010. 88999
12800 12799
5040. 83999
1680. 41999
