6880. 0.3611857955016333
8360. 2.260148343968196
6360. 2.223753626903843
1920. 2.023865282194649
12900 3.8607534541471464
11560 2.6465650436456376
1500. 2.9577681874056636
12900 5.458135163569839
8280. 5.234334209204972
3920. 5.13122130877272
4360. 6.496018669209063
5820. 4.776018575098609
200.0 4.189313606426149
10560 5.674281637603529
9240. 5.263999199749831
5040. 9.825752651283238
4830. 10.692134986309814
5110. 10.205894388796423
7290. 9.373061501750053
8760. 11.937592910744343
1720. 11.423450438466277
6840. 10.56604902255981
2200. 10.92838110938258
380.0 10.760739555910538
4620. 12.96150756144455
1770. 11.536662819744723
760.0 11.524104471466535
3440. 11.766107596881216
12900 11.767987677865529
9450. 10.585560243699236
14620 11.554638051876289
14620 13.340630123626655
5900. 12.909696132938429
8360. 17.236307414529175
5160. 12.986005986470566
6600. 15.790039532780545
10640 17.092424254089412
13760 16.884410438452335
11340 18.081110640955576
2880. 16.86491802320332
12900 19.817475013325407
10880 18.208929847790827
580.0 28.91919330513892
4640. 22.205739217815516
7590. 21.451748932342845
9720. 21.589211747651994
12160 23.293111654255835
8680. 27.576234247272843
5160. 31.474205969818613
540.0 26.200514133079096
6890. 27.875268278888267
8820. 27.9961811696236
4160. 33.452418884863725
1940. 34.4691953264805
8360. 32.08560838713554
2610. 32.68706394986438
9120. 30.74686930551855
4960. 31.133495970951827
9010. 29.258419861846185
6440. 30.353065520788814
9440. 33.37757888478424
12410 32.95540825008396
6120. 30.125525833143783
9240. 32.62976865401896
11400 35.366819613622425
7540. 30.85523577292839
13760 37.66561783624696
11400 36.08016912476356
11400 38.05262266818937
7260. 42.36996515103864
12040 44.265205794306354
8360. 45.79047614657132
4410. 38.71132548422035
260.0 45.046642002944296
260.0 42.572956093363466
9880. 41.65317921168576
10080 33.959842019581075
12160 40.647163599079846
9720. 47.24250172117345
4640. 44.37742765296857
7740. 57.00298741696632
9720. 47.18917914894905
3180. 52.567584754082006
6880. 56.53170376866298
11220 41.20488236142803
6240. 39.80749489130805
300.0 48.254272026532036
8260. 43.40632951439454
4970. 56.59280824330619
8360. 49.16888464483257
5680. 57.52068731778279
2880. 55.468310649657354
7740. 58.10517808678476
11180 51.11118947120254
4300. 50.19838142347399
4380. 63.75570373219311
6080. 58.27814990490567
7139. 66.65521478599351
4240. 56.235066148311724
11180 55.94077573518691
3700. 50.731178683034685
6860. 70.8347992943719
12040 58.57728489808955
2350. 63.153392540482976
2550. 63.87781280337688
11180 61.98494646676504
4080. 67.39419774920924
1000. 80.13419519969676
4380. 65.89744160244382
5940. 60.856518666863586
600.0 70.11155715425159
840.0 73.60633740666077
2970. 82.7101251349609
700.0 71.87287815463395
10320 63.89837526683025
12160 61.869320126236126
5940. 65.80129374454758
12900 66.17788015453064
8400. 77.08184150684272
4300. 75.02403959757613
7140. 75.46875992801091
4260. 89.47918121006003
3870. 85.9169255340429
6240. 70.15795970880211
1080. 71.21463361983899
1460. 82.06425416184258
4500. 74.93282972929326
7100. 83.91018352187231
4120. 81.2754242492093
7600. 74.63358549522509
11340 73.86053745443331
920.0 79.3678436848144
6050. 83.45585966431321
7740. 80.30923913062026
3000. 84.73389877083953
8820. 79.20894475552419
4080. 86.52810208724813
5940. 82.83527017754054
3840. 86.83676597939868
4640. 80.84551294913827
600.0 72.75854967819176
6880. 74.39063638225588
8850. 80.6031939414321
8120. 82.27081902128973
8260. 82.4285947573356
10560 80.98513776602081
10950 85.82204312690905
6380. 90.3011916219522
3690. 79.01081860901986
11400 86.42116602662448
5400. 92.62068407896038
7020. 74.30540126905258
9490. 91.59222681724448
11400 85.10495628112537
3040. 79.52947680033118
13760 90.38754103208913
11400 86.03151358453539
14620 88.31138138024079
11400 88.17234795468801
8160. 99.2345966446875
9880. 101.39012710240794
4050. 89.11636725395903
10640 99.61427394867822
10640 99.5970546316818
3920. 103.81521939453486
7480. 104.13071812287754
4240. 108.43774239101552
7260. 100.55536001534584
10320 114.73294603125439
4240. 108.59543481806878
8360. 108.58963372508072
8029. 109.05916393752307
4080. 106.11274134190512
4640. 112.26072831211278
4720. 110.93770802934563
10320 113.40168887904562
7600. 115.8840252694898
10320 109.7066133272096
9120. 105.08036197143235
8360. 110.25911419406333
6840. 120.56764078173207
8600. 123.53283016045752
6210. 115.14775546300802
6840. 120.21679436332926
4760. 121.66975780671672
5680. 118.1856586146513
6080. 115.79435761680762
6080. 115.29275000669219
5840. 112.64100100477941
5320. 126.23258584420697
6880. 120.87499086796373
1960. 115.81312629891781
1590. 123.28904597511828
540.0 123.0022120461886
7500. 138.14111890477767
1770. 132.11634163788838
8330. 120.42118346462149
3320. 129.37161973024627
2520. 134.32262100289296
4640. 131.53389108863502
2700. 129.81447668544897
7100. 124.75658977109507
1300. 125.18439373072428
1760. 132.15142340315197
4620. 138.06924090727344
