6880. 0.051939493850632346
8360. 0.1606724833724933
6360. 0.12427776630814003
1920. 0.01919943060163143
12900 0.11430851358012961
11560 0.17496618004395303
1500. 0.1964301918764888
4360. 0.030923626026689632
12900 0.14063671805897515
8280. 0.07617948317652967
3920. 0.04652525431410215
5820. 0.04508228626499111
4830. 0.0403360227630607
200.0 0.013133720561890883
5110. 0.04255095923099361
5040. 0.05635110099027063
7290. 0.05607589460283613
10560 0.1711128162686899
4620. 0.03525781893661595
9240. 0.09390184867561224
8760. 0.10047738454500177
1720. 0.02098747917672661
2200. 0.02200021758265258
380.0 0.00917386110157814
1770. 0.023101570965426532
6840. 0.05523197162597171
760.0 0.01099478747605609
580.0 0.012861765984863993
12900 0.20622987490227196
3440. 0.2043497939179595
5160. 0.03283858204700785
8360. 0.07511189794287176
14620 0.2016588686792673
1940. 0.21086331239664347
14620 0.20987565280145937
5900. 0.05916717747883382
9450. 0.13147870835988051
4160. 0.17672403775679335
6600. 0.17001008331765455
8680. 0.053162481373185244
10640 0.11243949380498819
13760 0.1448946570497469
11340 0.10987822670997005
12900 0.12584894139547487
540.0 0.055388982398554276
2880. 0.04117324933857347
5160. 0.11051341368614231
4640. 0.044351774273035716
9720. 0.0787077403125167
7590. 0.06321128700287915
10880 0.19828112037383505
2610. 0.020313757222165663
12160 0.15606674763962403
8360. 0.11966505064871669
8820. 0.09245912181781435
6890. 0.0851972682986677
4960. 0.033234044300826326
9120. 0.07980249300329234
7740. 0.0515168034867024
7260. 0.07485421010541415
8360. 0.3114700945541138
6880. 0.38195854275660324
9440. 0.2042674128451516
12410 0.15623108028415444
6440. 0.250618487860347
260.0 0.1574043606560913
12040 0.10832660767610847
9010. 0.15761696343920306
1000. 0.06511627742504089
2970. 0.05170838691402935
11400 0.14311169927000833
13760 0.20792139841126556
9240. 0.10408620467814345
260.0 0.010849722437562548
11400 0.15893666283423258
3180. 0.3805787573779007
7139. 0.29939174598495555
11400 0.26893293086942194
4260. 0.2457069554518725
9720. 0.07584808805577126
6120. 0.0704630623002771
4970. 0.038606401951817304
9880. 0.08191780574093599
7540. 0.09138103087821747
4380. 0.04224161785900904
4410. 0.10008986562904099
6860. 0.05505538453608949
3870. 0.02929340246636869
4640. 0.046511725081607835
7740. 0.05735799553720611
5680. 0.06424591534748458
9720. 0.08479758766975465
300.0 0.012332005017142933
840.0 0.035385706450192345
2880. 0.030149514937505728
12160 0.1333086186110961
6080. 0.06006056278835814
8360. 0.06964076551433607
8400. 0.04617837894355148
10080 0.15106778671669474
2550. 0.02765911876078775
600.0 0.011119513107793466
4080. 0.036927508425556255
2350. 0.026146637467839184
1460. 0.03864943695855061
700.0 0.014149268983310037
11180 0.09352623076980393
4380. 0.03431794712461311
7100. 0.04523834860875553
4240. 0.03999993470393548
11220 0.1610259790580315
11180 0.25755081872878094
7140. 0.09432784106633108
4300. 0.04476270205306321
8260. 0.09267580689027
6240. 0.08206869425605134
12040 0.1153329270354746
4120. 0.03015447381867631
11180 0.09992716439687399
4300. 0.05360603284898957
4080. 0.03907172607258502
920.0 0.01396661724847803
4500. 0.034457555983934185
3840. 0.06314537392992037
3000. 0.020941388637382374
3700. 0.05051271318605188
10320 0.08444475535564067
5940. 0.06615869295611532
6050. 0.10349393212020885
12900 0.14508591739379284
5940. 0.05914224575302285
12160 0.13770362919633072
1080. 0.020056641155520083
5940. 0.046369086918581104
7600. 0.051996988526482824
7740. 0.06312583029677654
6240. 0.08605552636802116
11340 0.09180347616182871
8820. 0.08910461041310924
4640. 0.056272588878258034
10320 0.08562385336741585
6380. 0.07146578424467975
5400. 0.0518602645682833
10950 0.16280741104296226
8850. 0.1298450854598059
9490. 0.13394696914572535
8260. 0.188347269313752
8120. 0.1413634548834679
4240. 0.04349009075306043
9880. 0.10305372861339634
7500. 0.04735912961593414
11400 0.12093600037935914
3920. 0.0468559187352966
6840. 0.05691123041675894
8160. 0.11658660058959924
4240. 0.04554286936883045
8360. 0.12089206973098499
10560 0.1338594609670949
7600. 0.06973212335638124
4640. 0.04807515201755308
8600. 0.06983582337561245
4620. 0.03256044729725005
600.0 0.037594067916487006
7480. 0.09168184892124742
2520. 0.025228872994887297
13760 0.15180561567678552
4720. 0.18553770502006017
6880. 0.11733120456727164
4760. 0.04564615434244956
10640 0.12001912117882796
10640 0.20277395960844302
10320 0.19842869571126442
1770. 0.017855214395950725
8029. 0.06690062041490563
6840. 0.0568960822318445
11400 0.10434855216724515
7260. 0.07382624955299377
3690. 0.04509580971871685
5320. 0.0959386197806964
11400 0.1283396610429577
3320. 0.12337639833708636
1760. 0.016040750869265707
10320 0.08310439700329653
14620 0.31769470421539836
4080. 0.2616277840895691
11400 0.32836120503895927
4640. 0.06804717269568528
1590. 0.017776415258055067
540.0 0.010043619674931392
2700. 0.03229184620030878
6210. 0.0465300868788745
4050. 0.04164138764127756
8360. 0.07636587634482339
3040. 0.04515568293005856
5680. 0.05491344215069205
6880. 0.0514454120311143
6080. 0.059344608689940515
6080. 0.0557683763668706
7020. 0.0965680514317313
1300. 0.12591394480509166
7100. 0.044691682639864894
9120. 0.079899200970317
8330. 0.04589235553640947
1960. 0.023031923307456736
5840. 0.06715394934423102
