10220 0.8001479264679361
5680. 0.36359890064539346
5320. 0.9209887264755241
8360. 0.42339229200841677
10950 0.9946672514837056
7500. 1.4588417445013286
6380. 1.5139973607312482
3450. 2.345303957448297
9880. 3.3603571505197607
8160. 3.310603202453291
5670. 4.453003039029571
3510. 4.033988299107561
3150. 2.22399454688191
6540. 2.9144603605490644
2220. 4.095426005961318
4440. 4.150494614915017
8100. 4.9239619455313
5160. 8.255602675420494
10710 7.914157049606427
8970. 11.61850645004876
5590. 10.453640575104188
2350. 10.175565112259674
1680. 11.523764536550729
4410. 8.016325231478163
7300. 3.1280681978217757
4840. 10.610186053594868
8940. 5.73792875272029
5200. 9.633627173728819
7600. 11.975228875628003
1000. 8.384445100542603
4980. 14.334985183455675
5940. 16.4164977414654
6120. 16.871613241517558
6090. 12.05779915497424
5680. 18.87946839191407
7600. 12.846480751278914
9120. 22.577987764418022
6930. 17.85466518024675
11400 21.65406814415807
11680 22.556570679782652
6120. 29.464437829079323
9450. 26.660570966193138
7670. 38.58938669521167
4410. 35.86462917845412
7670. 37.46492155755132
4320. 40.820322344884104
2000. 41.44360049621848
4770. 35.549793317484266
7560. 42.14699862120031
4470. 34.95807990960904
3450. 11.48662000946318
7050. 17.30725003264007
3389. 23.736392039995515
5200. 36.656455446458764
4880. 22.313761839911606
5700. 27.864310332725104
4800. 43.106360534453046
1180. 34.9256687435338
7740. 16.94679391274518
5600. 24.73814640594604
2040. 48.80364879521923
3640. 43.87802444925315
1220. 48.97150620263366
860.0 36.96094101157
6480. 21.662221923233574
5460. 29.30460985988271
13760 46.3554415202902
6570. 46.75227348862338
3650. 48.18896173531392
4760. 55.45397727568614
10320 58.3363392305935
2560. 53.57859742947909
5820. 47.53821693139657
2760. 39.44747798369021
5530. 58.97107644183481
9880. 65.49585983525316
9880. 61.46596042188429
9120. 74.64614131071318
12900 70.19988285919979
14620 61.22179911789473
12040 51.46927189448341
11730 71.49548094994358
12150 84.97918435027808
9880. 81.53855207321386
9120. 71.28057529629734
7600. 87.23636912488729
8600. 74.60346754494626
9450. 63.917267014892595
12040 98.59155707545312
10640 73.3653542874609
12920 76.548318553089
13760 78.13739640719915
12960 106.77660736412531
9720. 90.75321484709654
11400 108.07379673877156
8360. 90.03937710293425
6020. 96.67459949421135
7740. 102.88341588823008
9660. 103.55398801720716
10640 94.63094263693209
5040. 108.89253936889159
5940. 104.70528284156809
6840. 104.08428158956625
8580. 113.02256531852211
12150 138.00501161998835
6480. 137.92405718445715
2280. 113.59853635079344
7480. 132.12571239927337
10080 123.37744941151468
11220 131.98425345760103
2150. 164.79928955684784
8360. 136.27907560600505
12160 146.467804632872
10640 169.21318150468005
4240. 157.7844915590352
14620 155.66193139060755
6890. 168.81595613902232
8700. 164.09809058024166
11400 155.21311811185222
8260. 179.0774802445302
4080. 187.0345524954798
12160 178.25566630926622
4320. 166.08354474604943
4300. 162.65360802222244
7040. 195.30367963235707
11560 170.09425134597936
520.0 200.91109475158666
2150. 184.65332213503245
7080. 203.43995854023805
6120. 189.95735609256548
2880. 187.8784395547958
4730. 184.5880296138902
4900. 209.80543754631577
3280. 193.2387586368409
3420. 181.00117310934655
2870. 202.70069262885303
1620. 212.78366778338602
5040. 205.28276031043094
720.0 209.37512766804807
260.0 215.9620959205088
320.0 201.31188496327462
320.0 188.464358345877
3870. 177.9160004079037
5950. 181.06950493264603
12040 175.79776704171212
11180 174.09619239117075
1060. 189.26444120483663
3000. 188.23925810852387
13760 176.66230819360246
7600. 193.88869449568918
13770 195.2139177832003
1590. 194.46968280457614
6390. 188.6205040098198
1950. 186.6504129593061
4860. 187.66434411535909
11180 195.56513239085058
9460. 200.66022056150877
12900 195.31500658644723
4080. 210.06739520327272
8029. 205.53727224925316
6020. 209.94366853073876
5110. 202.654400311226
4740. 204.74604548067845
12150 204.6227646255716
7290. 212.12686858529528
3780. 206.70686953888358
12920 213.6457300740239
1440. 225.42087231634127
680.0 217.48721718403766
680.0 213.35447332060062
9880. 228.41257712402523
8189. 228.13256895535304
5900. 221.18022196423073
7680. 232.14485388164408
8840. 231.63084444666464
9880. 232.672180380863
7040. 230.9561893103428
9880. 237.59294395668724
220.0 228.46466736008364
