7080. 0.8885410944591642
5280. 16.79009869267401
12900 16.76103143332474
5040. 17.37381310593031
5060. 19.34811524827189
3900. 6.375748839099298
3360. 15.082646833553598
3210. 13.20149258610889
4760. 7.860049678344097
2370. 16.416646208774427
4050. 20.155092239554712
1220. 27.22217193227515
1650. 13.963237922856496
6540. 12.818550498154949
13760 23.846552727675558
5320. 34.738123663970526
11340 35.52213519366991
11400 48.583167940803285
10530 47.209254876822484
10560 61.32063471259414
5160. 65.10235547768092
6880. 54.89131632347019
840.0 68.02158094712775
11680 64.72643778365607
5520. 58.27119810307687
4970. 65.29108445210481
12160 82.68240738978959
8760. 85.89441681700073
7300. 90.69623075205567
6840. 106.22912161687744
3180. 100.23412127704967
10320 97.67707036480424
7260. 120.75884130033057
10640 113.2705232905854
6080. 118.38097124504802
3150. 115.79310319013769
11180 116.67873243753439
6020. 130.44904618867216
5800. 136.4835207768171
10220 131.19684683172565
6080. 131.30755366521157
9460. 148.54426024733667
11180 148.23944852544142
2580. 155.31157641486837
3420. 146.13370604233714
7560. 147.7798917281719
2450. 159.53052006458734
4060. 151.11866428219628
4410. 153.43493931393897
3360. 169.19136137168923
3040. 167.52327591099495
5590. 165.1094752837655
4980. 160.31828872697284
4290. 123.77821782372743
4290. 158.79129473252834
4140. 127.55113940987641
5200. 145.99487800717947
4560. 121.42312242562882
3180. 159.27149103453436
3270. 159.0568931526127
1420. 151.75214914240092
1780. 132.9272248652518
5800. 160.6974641076951
6840. 168.08484358870118
5360. 139.290654216421
9030. 162.20115498943184
4360. 163.61927099447524
1580. 166.46070733135684
1400. 164.52171676679794
5700. 152.2562933934002
4600. 147.76688773180888
4440. 146.83734972012218
4640. 140.72291945916078
8040. 150.45944024150862
1480. 173.38216650654826
3760. 147.9781630397592
5100. 179.3649605506477
7139. 185.714928982663
7420. 161.13124911816422
1080. 187.6253387763778
1440. 187.0633092987915
960.0 178.51007745425753
8680. 185.089008022878
4850. 192.65350940658521
2040. 162.05010986179616
6660. 192.1852110759322
4050. 182.69297772229496
5320. 162.0251991985292
1160. 161.44950877589065
5160. 190.9951876555789
8520. 186.4274588916604
8600. 175.7530677786001
4860. 205.8732532754039
10320 208.96554509914444
5460. 189.08339281584426
5530. 218.5375605280992
13760 206.3126001523789
3040. 244.24733800849944
880.0 231.50602149572984
940.0 219.9447402230791
880.0 213.64467476668216
3160. 215.85484564869137
6840. 249.97054307418622
6880. 229.91222743755029
5160. 239.56453976485483
5520. 247.62729905596717
9460. 265.8276505311263
13760 295.7118994249431
11730 277.60115745963117
10530 279.62246143407407
12960 300.7774800814362
11040 309.6181987279768
14620 316.09134217669384
9720. 316.2494786987241
11180 314.4225736196159
14620 359.22576242970945
10320 363.1225938215055
12040 378.41236265241395
12900 356.13902950676277
2520. 374.26790776866767
960.0 372.04758245370874
4830. 361.35039566363844
10320 367.4556724412423
6880. 372.70502214804804
12160 385.62679174825973
12900 405.20307061983846
10640 418.5364634783724
11180 415.28048370430446
7300. 429.65712991211933
7300. 438.1796193800205
5520. 437.32627496514
13760 428.458705091711
4620. 467.6109486345679
4760. 455.20867214125286
8970. 468.5321541001107
4380. 463.447587549811
4920. 437.81763346392665
7480. 464.5572851205263
8910. 451.89179417079663
13760 495.8559855902797
12160 483.0523293213829
12900 474.3469992082827
6840. 509.79925635991816
5440. 517.8994295192902
4320. 503.15804642106883
14620 521.3094759955186
9880. 527.2415544448779
4140. 548.3610128431283
4140. 537.7874983360163
9120. 542.5524687215262
7080. 538.0176631586216
8360. 565.2686370061809
6080. 565.9060280410833
6080. 553.3344766093486
7300. 550.0894883107934
5320. 540.3163282833764
7740. 570.9237992859361
4260. 588.6013822089701
2120. 588.3418610071333
3780. 586.0090730257377
800.0 580.0188457047476
7300. 571.8157259255718
4260. 585.3266826670008
800.0 577.7344170425831
3920. 601.7986215099322
7420. 580.1032515250353
6960. 575.5712840595307
10950 604.4574906326658
2100. 602.8869273645828
11180 601.4527138249002
13760 598.0827208761049
10880 603.7775397246548
11340 621.959447864668
5310. 656.2620023821164
10710 628.5906283516712
7920. 654.338101308993
2040. 657.8089545982499
12920 659.6966370168852
8189. 698.2336072306455
10640 660.0669311193608
12410 704.6796398546935
9010. 690.2676369563434
10220 692.5860357662784
3920. 707.9310051463953
4320. 697.2523252839662
5760. 737.0915276625469
5160. 698.2501950261317
6240. 744.0154979401409
460.0 738.6785049715576
1200. 728.9740348357625
640.0 706.3110935300354
3960. 714.3002485507204
3360. 709.680939011181
6800. 719.5036611810922
5280. 711.3792370795477
7540. 744.3562884557106
3240. 753.8177896973308
7560. 749.2722027786548
8580. 766.6042079797417
2520. 740.5814039440004
5280. 759.7191222897445
2640. 748.0468652898993
6720. 762.7998112403916
360.0 785.8192767770654
300.0 779.8416824554871
600.0 766.2710858352908
5760. 773.5685446138801
840.0 763.5575897295126
3280. 789.7779279011262
840.0 761.631419792391
2500. 768.2898719729783
280.0 801.6703547871251
1470. 793.7637423603903
