6880. 24
8360. 36
6360. 21
1920. 3
12900 36
11560 69
1500. 6
4360. 24
12900 69
8280. 24
3920. 12
5820. 39
4830. 27
200.0 0
5110. 18
5040. 27
7290. 24
10560 108
4620. 33
9240. 36
8760. 69
1720. 9
2200. 12
380.0 0
1770. 12
6840. 36
760.0 0
580.0 0
12900 84
3440. 12
5160. 27
8360. 51
14620 102
1940. 0
14620 132
5900. 33
9450. 54
4160. 21
6600. 27
8680. 39
10640 45
13760 51
11340 51
12900 48
540.0 0
2880. 18
5160. 27
4640. 12
9720. 27
7590. 27
10880 72
2610. 9
12160 75
8360. 33
8820. 36
6890. 24
4960. 18
9120. 27
7740. 24
7260. 39
8360. 21
6880. 21
9440. 66
12410 54
6440. 21
260.0 0
12040 36
9010. 51
1000. 0
2970. 9
11400 63
13760 60
9240. 33
260.0 0
11400 99
3180. 12
7139. 24
11400 42
4260. 27
9720. 33
6120. 24
4970. 18
9880. 21
7540. 30
4380. 36
4410. 12
6860. 42
3870. 12
4640. 12
7740. 30
5680. 36
9720. 42
300.0 0
840.0 0
2880. 18
12160 51
6080. 30
8360. 33
8400. 42
10080 57
2550. 12
600.0 0
4080. 18
2350. 9
1460. 0
700.0 0
11180 30
4380. 21
7100. 36
4240. 12
11220 45
11180 45
7140. 24
4300. 39
8260. 33
6240. 12
12040 63
4120. 24
11180 42
4300. 18
4080. 24
920.0 0
4500. 27
3840. 24
3000. 9
3700. 9
10320 39
5940. 27
6050. 36
12900 84
5940. 21
12160 54
1080. 3
5940. 15
7600. 27
7740. 42
6240. 33
11340 30
8820. 18
4640. 42
10320 30
6380. 39
5400. 12
10950 48
8850. 69
9490. 48
8260. 42
8120. 36
4240. 12
9880. 57
7500. 36
11400 45
3920. 18
6840. 33
8160. 24
4240. 9
8360. 18
10560 51
7600. 45
4640. 15
8600. 51
4620. 18
600.0 6
7480. 51
2520. 12
13760 66
4720. 18
6880. 33
4760. 18
10640 60
10640 30
10320 60
1770. 9
8029. 30
6840. 24
11400 30
7260. 39
3690. 15
5320. 33
11400 51
3320. 24
1760. 0
10320 42
14620 99
4080. 18
11400 57
4640. 18
1590. 9
540.0 0
2700. 15
6210. 18
4050. 6
8360. 45
3040. 15
5680. 39
6880. 21
6080. 42
6080. 42
7020. 27
1300. 0
7100. 45
9120. 36
8330. 24
1960. 9
5840. 36
