7080. 2.4
5040. 2.0
14520 11.0
19800 9.533
5280. 10.86
6020. 6.333
5160. 5.8
1720. 6.533
9460. 5.533
10640 7.6
4560. 9.0
5320. 8.2
7260. 8.8
10560 7.4
4970. 9.933
5680. 9.933
7100. 9.2
5680. 9.333
1420. 10.33
17920 7.666
3360. 9.933
5600. 9.466
3360. 9.533
16050 6.133
3210. 8.133
9490. 7.133
6570. 7.2
10220 6.266
10640 11.4
9880. 11.13
6840. 12.93
11180 11.13
12040 9.733
7740. 11.2
13760 10.33
10320 11.86
6880. 13.0
5320. 10.13
6080. 9.333
12160 7.8
10320 8.133
5160. 8.6
11180 7.666
2580. 9.0
10900 11.33
7630. 11.86
6540. 11.8
13080 11.0
11700 13.06
5200. 13.0
6500. 13.6
10400 12.8
3900. 12.8
4260. 11.06
9940. 9.2
1420. 11.46
2840. 11.4
4970. 10.93
6240. 4.266
5760. 4.333
3360. 5.8
8190. 6.266
10710 5.733
8580. 7.2
9900. 6.333
5280. 8.133
13760 9.4
13760 9.866
14620 11.73
12040 12.53
11180 8.2
14620 7.066
280.0 0.0
9120. 7.133
12920 6.4
12960 10.6
12960 10.6
10320 9.8
12900 9.333
7740. 10.6
1360. 6.533
1360. 6.533
9520. 4.466
5440. 5.266
6840. 10.33
8360. 10.46
9880. 10.8
11340 8.466
5670. 9.333
10530 8.133
13760 9.0
9460. 9.6
5160. 11.0
3450. 10.13
4140. 9.866
11040 7.8
4140. 10.2
12920 8.866
6080. 11.13
7600. 10.86
6720. 4.333
6720. 4.266
2240. 5.066
1120. 5.333
14620 7.133
7740. 8.2
13260 14.4
15300 13.66
7140. 14.6
10320 8.466
10320 10.2
6020. 9.733
8520. 10.0
8520. 8.4
5680. 10.33
16120 13.53
14880 13.06
8680. 13.53
4960. 14.66
11640 10.4
15520 10.0
4850. 11.06
6840. 12.26
6840. 13.33
19380 11.73
6840. 13.66
11180 9.933
5160. 11.66
8600. 10.73
3440. 11.86
9460. 9.4
5160. 10.13
14620 9.0
15480 13.13
9030. 12.66
12900 13.33
7740. 13.66
4080. 9.0
6120. 8.533
5100. 8.066
14280 7.6
1840. 12.8
5520. 11.8
6440. 11.8
6440. 11.73
5520. 11.6
9280. 11.0
9280. 11.26
5800. 10.66
5800. 11.46
13080 7.266
4360. 8.2
2180. 9.066
2180. 9.266
2120. 13.46
2120. 13.33
16960 11.4
3180. 12.6
6360. 11.73
2220. 7.533
1480. 8.2
5180. 6.733
5180. 8.066
1480. 8.133
4290. 6.0
11440 6.266
2860. 6.933
2860. 6.8
800.0 2.4
800.0 2.266
3600. 1.333
6640. 7.2
4980. 7.133
6640. 7.6
13400 13.86
2680. 15.13
5360. 14.13
8040. 13.53
13400 13.13
13760 11.26
11180 11.53
2580. 13.46
13400 8.8
13400 9.6
2680. 9.6
10720 8.466
5360. 8.4
11040 4.266
2760. 4.866
4140. 4.133
3480. 6.8
6960. 5.6
6960. 5.333
2320. 7.066
7740. 10.06
13760 7.466
5160. 10.6
12040 8.0
12900 7.266
5160. 9.266
8910. 10.26
6480. 11.33
5670. 10.46
5670. 11.13
5460. 8.933
5460. 8.6
1820. 9.8
3640. 9.133
3640. 8.8
2860. 7.8
5720. 6.866
5720. 6.533
4290. 6.6
