7080. 17699
5040. 62999
5060. 13199
12900 13199
5280. 13199
3360. 85999
5160. 85999
1220. 85999
9460. 85999
6020. 75999
2580. 75999
5320. 75999
7260. 65999
10560 65999
2450. 70999
3040. 70999
5800. 70999
6080. 70999
840.0 70999
11680 11199
2370. 11199
4050. 11199
3360. 11199
11400 10699
3210. 10699
5590. 72999
3420. 72999
10220 72999
10640 75999
10530 75999
4410. 75999
11180 85999
11340 85999
6840. 85999
13760 85999
8760. 85999
6080. 85999
4060. 75999
5520. 75999
12160 75999
7560. 85999
3180. 85999
11180 85999
1650. 85999
7300. 10899
4970. 10899
6540. 10899
10320 10899
5310. 12999
4760. 12999
3150. 12999
6880. 12999
3900. 12999
4260. 70999
12040 70999
1080. 70999
2120. 70999
3920. 70999
6240. 47999
5760. 47999
1470. 47999
8189. 62999
12410 62999
8580. 65999
10950 65999
3280. 65999
13760 85999
13760 85999
14620 85999
10640 85999
8970. 85999
14620 85999
280.0 13999
7920. 75999
12920 75999
12960 80999
11040 80999
10320 85999
12900 85999
6840. 85999
300.0 67999
360.0 67999
7420. 67999
5440. 67999
6840. 75999
8360. 75999
7540. 75999
11340 80999
4620. 80999
11180 80999
12160 85999
9460. 85999
3780. 85999
2100. 68999
4140. 68999
12160 68999
3240. 68999
11730 75999
6080. 75999
7300. 75999
6720. 55999
5280. 55999
1200. 55999
460.0 55999
10710 85999
7740. 85999
9880. 10199
12900 10199
7139. 10199
10320 85999
5760. 85999
5530. 85999
7560. 70999
8520. 70999
3920. 70999
11180 12399
9720. 12399
8680. 12399
3040. 12399
9120. 96999
13760 96999
4850. 96999
6840. 11399
4860. 11399
14620 11399
4380. 11399
11180 85999
4260. 85999
7300. 85999
2520. 85999
7480. 85999
5160. 85999
9010. 85999
7080. 12899
9030. 12899
7300. 12899
6660. 12899
2040. 10199
4140. 10199
5100. 10199
10220 10199
800.0 91999
5520. 91999
4760. 91999
4830. 91999
5160. 91999
6880. 11599
5520. 11599
5800. 11599
4050. 11599
10320 10899
4360. 10899
960.0 10899
960.0 10899
880.0 10599
1440. 10599
10880 10599
3180. 10599
5700. 10599
3270. 73999
1480. 73999
7420. 73999
2520. 73999
1400. 73999
4290. 14299
6080. 14299
1580. 14299
1420. 14299
600.0 39999
800.0 39999
4320. 39999
5200. 16599
4980. 16599
4600. 16599
7300. 13399
940.0 13399
4440. 13399
8040. 13399
8600. 13399
13760 85999
10530 85999
2040. 85999
6800. 13399
2500. 13399
880.0 13399
6880. 13399
5360. 13399
4320. 13799
1780. 13799
4140. 13799
840.0 57999
5160. 57999
6960. 57999
840.0 57999
3960. 85999
13760 85999
2640. 85999
10640 85999
12900 85999
3360. 85999
8910. 80999
5280. 80999
5320. 80999
5320. 80999
4920. 90999
5460. 90999
640.0 90999
3160. 90999
3760. 90999
1160. 14299
4640. 14299
4560. 14299
4290. 14299
