15540 25899
23500 23499
520.0 25999
16020 17799
9540. 10599
20930 29899
9920. 12399
11610 12899
11440 87999
27600 18399
1800. 59999
840.0 20999
9660. 32199
8560. 21399
35360 22099
25760 18399
17700 17699
21600 23999
14040 15599
24480 14399
17850 11899
21840 18199
9180. 10199
9520. 13599
18880 23599
20790 18899
21760 12799
13050 14499
8690. 78999
7770. 25899
8940. 29799
1900. 94999
9270. 30899
5700. 18999
11960 29899
14100 23499
8960. 22399
24360 34799
17550 19499
13320 22199
4290. 14299
14630 20899
12480 20799
40320 25199
6520. 16299
3750. 12499
24970 22699
19040 23799
32400 26999
10780 15399
34200 22799
15600 19499
10720 13399
6280. 15699
9200. 18399
21120 19199
25500 25499
20500 20499
38090 29299
25700 25699
21010 19099
12460 17799
22960 16399
28000 17499
19680 16399
28860 22199
39390 30299
28420 20299
23700 15799
780.0 38999
23760 21599
39450 26299
10440 11599
14760 16399
9760. 12199
9760. 12199
32960 20599
10560 13199
38850 25899
8050. 11499
7980. 11399
9590. 13699
21120 13199
19680 16399
21750 14499
35840 25599
10480 13099
4350. 86999
16600 16599
25760 18399
15210 16899
23270 17899
32960 20599
14760 16399
31050 20699
44160 27599
13140 14599
17420 13399
13000 12999
20960 13099
9730. 13899
16050 10699
12100 12099
700.0 34999
6960. 57999
2880. 71999
12210 11099
31110 18299
11400 94999
6390. 70999
9130. 82999
13400 13399
8600. 85999
5490. 60999
320.0 15999
500.0 24999
6080. 75999
15720 39299
12280 30699
2140. 10699
16000 31999
1740. 86999
4710. 15699
4620. 15399
9000. 22499
10800 21599
3900. 12999
7520. 18799
1440. 71999
2970. 98999
21840 18199
920.0 45999
9500. 18999
8900. 17799
13930 19899
15930 17699
10440 17399
18700 16999
23870 21699
15960 22799
47770 28099
14910 21299
18000 22499
30810 23699
22260 15899
34500 22999
14640 12199
11120 13899
4560. 11399
780.0 38999
16440 13699
17300 17299
24320 15199
25050 16699
20880 17399
35190 20699
28350 18899
33600 22399
14280 20399
25870 19899
24960 15599
18800 23499
20410 15699
34240 21399
13680 15199
680.0 33999
17100 17099
800.0 39999
27750 18499
26010 15299
29120 18199
6640. 82999
5160. 12899
6160. 76999
9200. 11499
31850 24499
6660. 73999
18900 18899
10960 13699
11760 14699
32640 20399
44880 26399
13080 10899
24480 14399
8160. 67999
5110. 72999
19380 11399
3990. 56999
2800. 55999
380.0 18999
1330. 18999
630.0 20999
1080. 26999
