10220 0.12187353338627105
5320. 0.04243605122833172
5680. 0.036679344981330964
8360. 0.08181809996129763
10950 0.126684863940981
7500. 0.09401530369017141
6380. 0.06806473400700508
3450. 0.02729601143389271
5670. 0.056075920728179796
9880. 0.10100589701023921
8160. 0.08883100854459958
8970. 0.09952308594353543
3510. 0.024442019200334286
5160. 0.03336008165523641
2220. 0.0248786636609033
1680. 0.026943133047311107
4440. 0.04036239750779025
6540. 0.046687066100211894
3150. 0.025871807090039667
5590. 0.12779080360455453
8100. 0.09036738490813079
2350. 0.03087292971878064
10710 0.20987262005625595
9120. 0.08539066129912598
6120. 0.05340562921970182
7670. 0.09223722774340715
5940. 0.06667641234857591
4320. 0.05413300810736921
2000. 0.02869518654135561
4840. 0.031969739279071874
5680. 0.0964135632702714
4980. 0.03695409176561171
4410. 0.043896671221205
6120. 0.09193394311667724
7560. 0.0874969732510884
7600. 0.07841166829157764
7670. 0.08652290070623181
4410. 0.0401627115504386
5200. 0.04306077701556177
11400 0.1434625705038961
11680 0.1326855727422469
6930. 0.1131898365425279
1000. 0.014040618654785675
8940. 0.05878651601069507
6090. 0.041139418340939926
7300. 0.04321550235668781
4770. 0.04138071792066711
7600. 0.05897727036765943
9450. 0.1269212831944806
2040. 0.018408621879391518
12040 0.10808401293786929
9120. 0.144463797590614
12150 0.17289396217076813
260.0 0.012150470679696213
1220. 0.018078887875358163
4470. 0.03300747804470916
12150 0.15836388057795858
4900. 0.05679081017075305
4800. 0.04023394944633196
4080. 0.056711595058658304
7080. 0.11137506131043651
520.0 0.014669027557111747
1620. 0.06604550326517966
2150. 0.022140356408392847
7040. 0.1352588407310975
10640 0.1802582830919235
12960 0.1960555014086367
3640. 0.025234331989352654
6480. 0.08627217888769678
5200. 0.03256075499147926
7600. 0.06172012471944299
9880. 0.11232974884252656
10320 0.1041715097988245
9880. 0.11096737156907466
12900 0.23565136811091492
720.0 0.015040750170879136
4760. 0.04952638228404638
8260. 0.10284011353348887
11400 0.12189101138508462
5040. 0.04866044547121717
1180. 0.012982633990951342
5530. 0.047881794999479865
2870. 0.03868958853930593
2560. 0.03997314282747766
6890. 0.09977772181652256
9880. 0.1591359761598028
11730 0.1781820607834348
13760 0.18751163251859282
3650. 0.02688526207783326
6570. 0.07185976563143726
7480. 0.07262611845060718
860.0 0.012985880039238396
12160 0.11740522947800969
3389. 0.1066110322287912
320.0 0.01012095189155815
5700. 0.04886586327319975
4240. 0.04994871235549425
6120. 0.0558298798732082
9120. 0.09213926495579017
14620 0.1885287588554263
8700. 0.12018649889706268
3280. 0.048135830291840875
5040. 0.05189405562865801
2150. 0.0236312494886306
7740. 0.0565802559058497
7050. 0.07351184866485028
5820. 0.09711061196907878
4880. 0.09240854744639648
8600. 0.06412776413876031
2880. 0.05617631398158096
8580. 0.10158248084510291
9720. 0.07845140601072842
9660. 0.09752444184400844
5600. 0.04229341102721662
14620 0.15077793105861304
6020. 0.04149922298637421
4730. 0.06310724297955517
12160 0.15495701858365862
5940. 0.05896512115488406
3450. 0.02663093857084675
12920 0.1659015895117335
5460. 0.037556494175312594
10640 0.13312219364986788
320.0 0.010647074590984573
6840. 0.04771533208943879
4320. 0.04100991786338426
8360. 0.07698238857878437
7740. 0.04326236138409456
2760. 0.0293616525897491
12040 0.11743330576881306
2280. 0.02248106247861159
13760 0.1467898607971705
11400 0.11729100919110635
3420. 0.04643806868189415
10640 0.41385155340547897
9450. 0.44833677044679376
10080 0.5149811688694115
11560 0.5983404630295368
6480. 0.5555167344823531
8360. 0.6128985716269852
4300. 0.3789088111018515
11220 0.22528415065522722
7600. 0.06432244254282438
1060. 0.017361355593465078
4080. 0.03299378649414564
13770 0.25619511932088557
9880. 0.0940682605761225
9880. 0.10527472717979691
1440. 0.024096832256184086
7680. 0.12352781658061218
9460. 0.07844203520261317
1590. 0.017252556315639822
6020. 0.044456647193840126
3000. 0.027667103198545817
8189. 0.10456764691187459
8840. 0.08318385744649248
5950. 0.0366661112348865
9880. 0.08579703812008432
3870. 0.029148381917991628
11180 0.1012106054959645
7290. 0.06079111451587238
8029. 0.10304669001853739
7040. 0.12504473903847924
6390. 0.07281147251205766
680.0 0.010673757523989025
4740. 0.04315150828159631
220.0 0.008517305152011545
12040 0.12603604653388345
5110. 0.10142894815837167
5900. 0.05712502132909947
12150 0.1382871055825774
1950. 0.10595480844243355
4860. 0.03430513868975993
12920 0.17313414392442894
3780. 0.03472488747061675
12900 0.15058478964850508
11180 0.11344626690315351
680.0 0.012987105009187871
13760 0.17408654824723158
