35840 25599
12760 31899
5850. 19499
13850 27699
6090. 20299
16800 27999
3570. 11899
12420 20699
19000 18999
10500 17499
13090 18699
6750. 13499
24050 18499
13640 12399
19800 13199
17520 14599
20800 15999
15730 12099
14960 13599
10890 12099
3960. 98999
9180. 30599
7890. 26299
7560. 25199
5070. 16899
16500 32999
6990. 23299
11840 29599
19100 38199
11320 28299
8240. 20599
19860 33099
13350 26699
13700 27399
14050 28099
1180. 58999
21660 36099
10850 21699
11400 22799
3480. 11599
6200. 15499
1220. 60999
860.0 42999
16160 20199
12120 20199
33460 23899
52800 32999
21060 23399
35230 27099
21000 20999
7900. 15799
11690 16699
1000. 49999
17880 14899
5080. 12699
10680 17799
5280. 13199
1060. 52999
4920. 12299
33120 20699
11690 16699
24000 23999
32640 19199
3210. 10699
25110 27899
2400. 79999
28600 21999
41990 32299
12120 20199
7920. 13199
19760 15199
17100 18999
21340 19399
20760 17299
36600 24399
15930 17699
17780 25399
36900 24599
42160 24799
41300 29499
8040. 13399
35870 21099
39750 26499
18980 14599
21720 18099
24310 22099
16000 15999
21200 21199
14480 18099
21000 13999
20860 14899
27300 19499
14840 21199
12670 18099
9600. 15999
35530 20899
32640 20399
12900 12899
44850 29899
11880 13199
20640 17199
31840 19899
21120 17599
19650 13099
11330 10299
14630 13299
11060 15799
13410 14899
10260 17099
31780 22699
37520 26799
12480 15599
38100 25399
33830 19899
16560 18399
16290 18099
15210 11699
25350 16899
27710 16299
13080 10899
3400. 84999
2560. 63999
680.0 33999
680.0 33999
31070 23899
13750 12499
42080 26299
35870 21099
6100. 12199
5400. 10799
23520 14699
13640 12399
10980 12199
27450 18299
35200 21999
18980 14599
13720 19599
30800 21999
7040. 87999
28900 16999
17810 13699
11310 86999
25090 19299
8550. 94999
20700 13799
20100 13399
16400 16399
26720 16699
19460 13899
17520 21899
29440 18399
13360 16699
14700 14699
16320 10199
32470 19099
520.0 25999
5950. 11899
20930 16099
15480 12899
10890 12099
16510 12699
3960. 65999
8910. 80999
4700. 93999
10700 10699
7740. 85999
6880. 85999
14560 90999
5040. 55999
14170 10899
13580 96999
7420. 10599
3510. 38999
11790 13099
720.0 23999
260.0 12999
320.0 15999
320.0 15999
220.0 10999
