15000 37499
16080 20099
11840 29599
30600 20399
21120 19199
1220. 60999
10200 16999
9170. 13099
34210 31099
23450 33499
11060 78999
3660. 60999
3450. 11499
27040 16899
840.0 41999
15400 13999
4800. 15999
5700. 18999
7350. 14699
25760 16099
13520 16899
20700 20699
12810 18299
14080 17599
6870. 22899
10000 24999
1650. 54999
13680 22799
43200 26999
40180 28699
30000 19999
19110 14699
14560 18199
20640 17199
28620 31799
27580 19699
17360 12399
14720 18399
16770 12899
12240 13599
6370. 90999
6030. 66999
12870 98999
10110 33699
8340. 27799
9040. 22599
6420. 21399
5790. 19299
1420. 70999
15300 30599
22800 37999
20230 28899
7120. 17799
1580. 78999
1400. 69999
1480. 73999
11650 23299
33180 47399
1080. 53999
1440. 71999
960.0 47999
25620 36599
11150 22299
17760 29599
13850 27699
11700 19499
9360. 15599
28080 23399
13930 19899
5080. 12699
880.0 43999
23220 25799
11340 18899
12300 20499
18040 16399
35840 22399
33120 20699
44800 27999
27200 15999
26240 32799
37570 22099
27240 22699
39620 28299
14420 20599
4680. 11699
960.0 47999
25600 15999
34350 22899
20300 14499
20670 15899
25500 25499
17290 24699
26390 20299
8040. 13399
24720 20599
9180. 15299
30240 18899
33760 21099
22950 25499
12880 16099
9720. 16199
6120. 10199
31570 28699
19680 24599
9800. 19599
17730 19699
12060 20099
3440. 85999
10140 16899
800.0 39999
19600 19599
8760. 14599
7280. 10399
27300 18199
6450. 12899
26520 20399
18480 13199
12690 14099
19320 16099
2760. 68999
32130 18899
37570 28899
26690 15699
11280 93999
20880 17399
13130 10099
460.0 22999
1000. 24999
18590 14299
5220. 86999
19500 14999
360.0 17999
300.0 14999
11200 13999
280.0 13999
1470. 20999
6960. 23199
6390. 21299
6600. 16499
1780. 88999
11960 29899
23100 38499
12160 30399
8160. 20399
9200. 22999
19200 31999
6760. 16899
24220 34599
4920. 16399
17640 25199
1160. 57999
27240 22699
22600 22599
15600 25999
33120 20699
940.0 46999
880.0 43999
6280. 15699
22480 28099
28220 16599
32370 24899
24600 20499
30420 23399
37800 25199
14490 20699
29040 24199
23280 29099
42560 26599
20700 20699
32000 31999
15600 19499
24320 15199
12180 17399
10560 17599
16610 15099
25520 23199
36300 24199
18800 23499
30090 17699
24310 18699
29640 24699
23280 19399
16000 19999
19900 19899
13440 19199
800.0 39999
33040 23599
17760 14799
17420 13399
22240 13899
21120 13199
20740 12199
16240 11599
27030 15899
23520 16799
8400. 10499
23400 25999
11760 97999
820.0 40999
17370 19299
6960. 11599
15400 15399
11360 14199
19320 16099
6230. 88999
16080 13399
7740. 12899
16320 13599
600.0 29999
11160 92999
4260. 70999
1440. 35999
6800. 67999
