3960. 36
7300. 51
520.0 0
5220. 45
4320. 30
6020. 27
840.0 0
1200. 3
12900 30
5440. 45
6840. 45
6890. 36
3960. 24
10640 42
5940. 36
9120. 54
4320. 15
9010. 33
5490. 27
13760 63
6900. 63
7740. 30
14620 39
9900. 39
6210. 9
4060. 21
9460. 15
3960. 9
7630. 51
5940. 30
6860. 54
1950. 12
9720. 45
5110. 39
6880. 27
9460. 48
8600. 42
8910. 48
5320. 30
13760 30
11180 57
3640. 21
9520. 36
4240. 45
6840. 51
9880. 42
10080 48
9230. 33
700.0 0
5160. 9
1680. 3
6840. 24
320.0 0
880.0 0
4890. 21
1900. 0
4140. 33
3270. 15
4440. 36
5820. 33
7740. 75
13760 57
8360. 93
6080. 27
5840. 42
3040. 12
3200. 21
8600. 63
10530 45
11340 54
11180 39
12040 60
780.0 0
6840. 27
5680. 33
9450. 39
3569. 15
12160 30
9120. 33
9450. 48
2850. 18
5670. 33
11400 39
10080 27
6120. 39
7600. 30
8480. 33
4060. 24
10650 24
4730. 45
12410 33
4320. 27
3420. 36
5390. 24
5300. 27
3870. 6
500.0 0
4350. 24
7200. 36
6480. 27
1740. 0
2730. 12
3090. 12
4400. 24
2370. 9
3400. 18
2220. 12
6360. 30
1980. 6
10320 60
920.0 0
4850. 15
3520. 15
6020. 30
7740. 57
9460. 39
9460. 30
12900 51
14620 69
5180. 42
5520. 48
10640 51
7600. 45
12150 54
9720. 45
10950 42
8910. 57
2400. 12
780.0 0
9120. 39
13760 39
11400 48
5940. 78
12920 57
4240. 21
5320. 36
11180 39
13760 30
6080. 36
10560 36
6020. 33
11180 42
13760 21
7740. 24
7600. 45
12040 42
680.0 0
6800. 27
800.0 0
12900 24
12920 33
10880 48
4240. 24
2040. 18
4080. 27
4240. 27
9880. 21
3690. 36
7300. 21
6080. 15
4240. 39
6600. 24
12160 27
12920 39
6960. 15
5400. 45
2310. 3
380.0 0
1330. 0
630.0 3
2140. 0
7400. 30
4560. 21
5050. 21
1440. 0
4850. 21
4860. 27
6020. 42
11180 33
8520. 45
6080. 48
7600. 60
11400 33
9120. 51
10350 60
12900 51
6880. 30
7920. 39
10710 30
2800. 18
9180. 27
1900. 6
1080. 3
