10220 6.550835287231486
5680. 9.620192128031867
3510. 5.820858540272722
7500. 8.46147650821898
3150. 4.010864788047071
6540. 9.377992808364006
2220. 10.078769845606704
4440. 9.53111151822007
8100. 15.708976336476734
5160. 17.448332863790245
5320. 21.804761576512146
3450. 19.28241581200152
9880. 28.621948108161362
8360. 39.839060779557244
10950 49.34399219311884
8160. 56.13704615937773
8970. 63.62171317993768
5590. 61.63123857467694
6380. 69.69258718159307
5670. 72.20690022912356
1680. 69.62840502040693
4410. 69.5543787440514
4470. 60.895316218660554
3870. 21.489962857931175
3450. 35.72835928253447
7050. 45.56041575453338
3389. 50.64043285344156
5200. 65.33371584532351
7300. 72.02314852580945
4840. 82.5739810002654
4880. 54.16996491913524
8940. 81.34316075307125
5700. 62.958033629844245
5200. 88.35127758724201
4800. 86.97458634736503
1180. 77.23857977716418
7740. 59.25970494637555
5600. 65.87828169418457
5950. 53.3426231901686
2040. 92.51623448285656
3640. 92.61551391115195
1220. 96.24110850137023
860.0 82.30775683607867
6480. 63.57782126939446
5460. 69.22923168033253
12040 63.29988610604316
13760 96.31420726545316
6570. 110.87757389603306
11180 96.36999061848091
7600. 159.09916982029964
3650. 138.95030163819172
4760. 144.84247462828625
1000. 154.83224287581115
10320 152.73447870736962
2560. 146.6840966970572
5820. 138.2602511473237
2760. 128.88304083273502
1060. 123.57489295082357
3000. 132.19006615677216
13760 119.0042598022603
5530. 158.11764211757028
7600. 144.79908725691965
13770 144.4893560919161
1590. 142.66487752579806
6390. 144.54053388843613
1950. 141.55219404145942
9880. 181.7681264616112
9880. 185.5211884168031
4980. 205.4553200471184
4860. 150.50291280279805
11180 167.50217033564428
5940. 227.54331997466548
9460. 181.50062674093687
9120. 218.12541367628324
12900 191.96600398673104
6120. 248.07860133775475
6090. 242.5347307269347
12900 257.1812740506823
14620 245.65792344269332
12040 265.78321957209573
4080. 280.86098860994997
11730 303.5686170411759
12150 326.4346851914188
9880. 321.3090079104636
9120. 319.240357419863
8029. 295.79198483088766
7600. 341.1903984465578
8600. 334.9971588462921
5680. 373.9152214036176
9450. 332.71230166188053
12040 375.1807599563125
10640 347.4771053670202
6020. 348.2403420670394
5110. 339.8864357097093
4740. 340.46345962137974
12920 370.5655178309668
13760 367.4065039873841
7600. 409.76929535889917
12150 373.3629277134164
7290. 408.8342195546099
9120. 469.8883715611099
12960 456.1708978113604
9720. 448.3582813849536
11400 469.6611151591817
6930. 491.4847606621193
8360. 458.64232147701875
6020. 463.81610640453545
7740. 484.6965133651893
3780. 467.6905996166271
9660. 493.5322285071669
10640 513.0813551487577
5040. 535.5839213001965
11400 559.7591702063834
10710 576.9675315784913
5940. 550.7415024384309
6840. 558.6650120277986
8580. 576.7079936994883
12150 607.4197521824274
12920 561.0672412472722
6480. 609.8730134356016
2280. 583.8172818208404
1440. 577.8351217365073
680.0 569.9014666042037
680.0 564.5130071321698
9880. 589.2566923812884
7480. 611.6205971286587
10080 603.4457968655857
11220 602.5226290736746
2350. 654.0844360476997
2150. 649.4327124084103
11680 656.2838880130041
8360. 629.0072314573691
6120. 681.4636643992087
9450. 693.376436101386
12160 667.177245579451
7670. 720.3532545502837
4410. 716.6165584615962
10640 707.2334513754381
4240. 714.0642137727802
14620 707.665520782316
7670. 747.8096838828382
6890. 729.8412418598475
8189. 714.6559196709902
4320. 761.3811228972522
8700. 746.0532700331378
11400 744.7040815708672
5900. 730.1826543105747
7680. 750.7636149442661
8260. 778.6652783631215
4080. 794.7454504179957
12160 793.9529331263591
4320. 780.0378122478804
4300. 775.0442184786891
7040. 815.277310775927
11560 785.6115099900834
520.0 816.4283533956907
2150. 815.4905203924787
8840. 806.5447991814668
7080. 851.2657606280219
6120. 844.4325960847071
9880. 838.3699030542791
2880. 863.4636024328323
4730. 865.6431164650102
2000. 907.6881447638729
4900. 897.7499971204429
4770. 900.8687139298195
3280. 890.6820393337098
7040. 867.5813988802738
3420. 886.4699471896231
9880. 882.6523449919961
7560. 926.6190972101438
2870. 912.2695133438036
1620. 926.0586175724333
5040. 921.8840986969666
720.0 925.5256963917267
260.0 932.1126646441874
320.0 917.0666335461145
320.0 904.219106928717
220.0 887.7856252591773
