7080. 0.09665214220391516
5040. 0.29701275955579753
5280. 0.0821042316144398
12900 2.3502521955775455
5060. 2.7719521947593138
1220. 1.9893905220578643
5160. 1.6216022943160548
3360. 1.9567882458499808
9460. 1.5133328276741995
5320. 1.30269528300434
6020. 1.9277818740206607
2580. 2.454279709622405
2370. 1.564773287784437
10560 3.765707363503566
840.0 3.1645391113428314
7260. 4.763343596778334
3360. 3.2173192368891694
3210. 1.3361649894444607
4050. 3.750542640860864
11680 3.931457496104189
6080. 7.285898498771164
5800. 8.683388740607995
2450. 9.443675858730998
3040. 8.722143708846518
3900. 1.2106618544648988
4760. 4.61873979713377
1650. 4.939388435551809
6540. 5.501233966019939
13760 7.919610856032492
11340 10.889676506841301
11400 15.758093268104309
10530 16.761524335593233
5520. 13.355582544452606
8760. 15.341253526976931
6840. 21.993609837092283
10640 21.825988273571852
10220 25.686830628799022
6080. 26.70879401402749
11180 28.99364206982923
3420. 27.49682516770335
4060. 26.221810119980084
4410. 29.320825267842167
5590. 29.583178429746326
4980. 23.69789783494403
4290. 25.122427382903705
5200. 12.326010657554846
3180. 23.31967852881231
3270. 24.557689232248315
1420. 18.789312399999794
5800. 23.568740486326718
6840. 32.3876611717853
9030. 27.93267516536568
4360. 30.651197864821306
1580. 30.045756722149687
1400. 29.457415276014245
1480. 34.18997371365582
5100. 35.87344777522658
7139. 44.501064179348795
1080. 47.55661557462609
1440. 44.694953070916746
960.0 37.395273424792805
8680. 46.51986401233417
4850. 50.27893450691175
6660. 45.29137839236897
4050. 37.62651210606876
5160. 38.51404728044157
4860. 47.014904190549764
10320 42.673873823051906
5530. 53.55134779769148
3040. 61.63004536590605
880.0 48.88872885313647
6840. 61.794706272657294
5160. 52.63432011458626
5520. 53.80472324839576
9460. 61.66795466740257
13760 67.83892526760974
12960 62.93545527827454
11040 61.417690133463864
14620 73.2850064890565
6880. 88.70759978790196
14620 80.30790645169735
10320 85.74941319368264
12040 95.49907525121458
4970. 99.530312700701
2520. 87.32843056339115
960.0 85.10810524843225
12160 104.69624949565507
12900 90.9310073645284
10640 96.22916148023397
11180 94.41585634300688
7300. 111.6235152311969
4620. 107.20554001373355
8970. 102.16117836730734
3180. 117.59543915005077
10320 116.68886970028397
4380. 102.29945045722067
13760 113.80884976035415
12160 103.10232045221176
6840. 120.52630213437801
5440. 121.25601597558898
4140. 125.4244064359627
4140. 107.93992028731017
8360. 119.14118749369922
6080. 120.71282792969419
3150. 132.9541172701853
7740. 119.55976725583048
4260. 133.44702334513948
2120. 133.1875021433027
3780. 133.7476191587791
800.0 128.95709410066746
7300. 123.9273358613323
4260. 126.36441383765512
3920. 144.20090064849728
10950 137.5182165600187
2100. 137.38694071602322
11180 152.0766816562844
11340 136.25706768430916
5310. 153.28798380835542
7920. 143.763258379153
2040. 138.63327658349465
12920 142.71662603055717
8189. 159.35128086612826
12410 156.07529977824697
5760. 161.37969776180537
7560. 166.87927222133595
6240. 164.65675737197995
460.0 160.83580878167717
1200. 151.1313386458821
7540. 151.64347650884164
3240. 162.47972288100078
8580. 167.2572738996177
360.0 174.3124229581719
300.0 168.33482863659373
3280. 164.88532474217536
280.0 173.05529135824628
1470. 165.14867893151154
4290. 139.8357200934723
4140. 143.6086416796213
4560. 135.0375664430391
1780. 147.76803301840425
5360. 149.63894656719003
5700. 159.05225310447503
4600. 155.93396122004435
4440. 155.00442320835765
4640. 145.14166187744996
8040. 156.13688565319075
3760. 149.56541661031585
7420. 164.1379529717714
2040. 158.0319778904369
5320. 153.14089062194535
1160. 153.97814618510085
8520. 171.21109331587
8600. 162.43860869313562
5460. 160.1707093289058
13760 160.58751990068518
940.0 175.59694974341906
880.0 169.29688428702212
3160. 165.81337059108944
6880. 181.258787200505
11730 182.69058421553632
10530 174.46512209958615
9720. 188.82956612204865
11180 188.58153706146464
12900 193.1487593689759
4830. 193.55495212878736
10320 190.35384172034085
6880. 186.97263007537046
12160 201.5546577303154
7300. 199.8698474452309
7300. 200.35483367063938
5520. 201.10550985130942
13760 194.02844657921406
4760. 206.83353505056985
4920. 190.7961927195266
7480. 206.5306141877565
8910. 196.10318943446848
12900 198.36293915922568
4320. 204.18092125322215
14620 213.8859227671403
9880. 220.9716674743579
9120. 219.77018231596287
7080. 216.61121789380542
6080. 216.92910565864977
7300. 215.08686689851618
5320. 206.66361784560178
800.0 226.6632612560688
7420. 230.45253784286055
6960. 216.21508884812027
11180 231.67539701619967
13760 230.48571050203566
10880 226.813985103912
10710 235.42440911720465
10640 225.25908123532753
9010. 246.27079624093503
10220 249.93345645872225
3920. 258.2856740020623
4320. 249.14488075920116
5160. 244.1729989049159
640.0 247.29641409812
3960. 247.18157951766983
3360. 244.01458483179866
6800. 255.12199762022493
5280. 250.33908739082705
7560. 272.0110209472949
2520. 264.39979502867135
5280. 271.89158093842616
2640. 261.4170392210211
6720. 277.395573016362
600.0 276.18308100779143
5760. 276.64985965446857
840.0 267.55054660626746
840.0 265.6243766691457
2500. 268.63292412179726
