10220 54
5680. 33
3510. 15
7500. 24
3150. 18
6540. 48
2220. 9
4440. 27
8100. 24
5160. 18
5320. 21
3450. 18
9880. 36
8360. 18
10950 33
8160. 30
8970. 30
5590. 21
6380. 21
5670. 15
1680. 12
4410. 30
4470. 21
3870. 24
3450. 9
7050. 36
3389. 24
5200. 33
7300. 48
4840. 33
4880. 21
8940. 48
5700. 27
5200. 36
4800. 36
1180. 0
7740. 42
5600. 18
5950. 24
2040. 9
3640. 12
1220. 0
860.0 0
6480. 33
5460. 36
12040 48
13760 78
6570. 45
11180 57
7600. 42
3650. 21
4760. 36
1000. 0
10320 33
2560. 12
5820. 18
2760. 12
1060. 0
3000. 12
13760 48
5530. 33
7600. 36
13770 57
1590. 9
6390. 51
1950. 3
9880. 42
9880. 63
4980. 30
4860. 9
11180 24
5940. 30
9460. 36
9120. 33
12900 51
6120. 24
6090. 30
12900 36
14620 51
12040 72
4080. 15
11730 60
12150 51
9880. 36
9120. 30
8029. 39
7600. 21
8600. 36
5680. 33
9450. 33
12040 24
10640 39
6020. 30
5110. 27
4740. 21
12920 42
13760 48
7600. 15
12150 54
7290. 24
9120. 21
12960 36
9720. 24
11400 27
6930. 24
8360. 27
6020. 12
7740. 18
3780. 21
9660. 36
10640 48
5040. 21
11400 42
10710 54
5940. 39
6840. 24
8580. 21
12150 24
12920 39
6480. 21
2280. 6
1440. 6
680.0 0
680.0 0
9880. 30
7480. 24
10080 45
11220 57
2350. 15
2150. 9
11680 39
8360. 15
6120. 18
9450. 33
12160 54
7670. 24
4410. 27
10640 33
4240. 15
14620 21
7670. 15
6890. 21
8189. 42
4320. 15
8700. 18
11400 24
5900. 24
7680. 33
8260. 33
4080. 30
12160 33
4320. 15
4300. 18
7040. 30
11560 36
520.0 0
2150. 12
8840. 21
7080. 24
6120. 12
9880. 15
2880. 3
4730. 12
2000. 9
4900. 12
4770. 6
3280. 15
7040. 15
3420. 6
9880. 6
7560. 21
2870. 12
1620. 3
5040. 18
720.0 0
260.0 0
320.0 0
320.0 0
220.0 0
