6880. 85999
8360. 10599
6360. 10599
1920. 10599
12900 85999
11560 85999
1500. 24999
12900 85999
8280. 85999
3920. 85999
4360. 10899
5820. 10899
200.0 99999
10560 65999
9240. 65999
5040. 72999
4830. 72999
5110. 72999
7290. 72999
8760. 72999
1720. 72999
6840. 72999
2200. 72999
380.0 18999
4620. 15399
1770. 58999
760.0 37999
3440. 85999
12900 85999
9450. 85999
14620 85999
14620 85999
5900. 85999
8360. 75999
5160. 75999
6600. 75999
10640 85999
13760 85999
11340 80999
2880. 80999
12900 85999
10880 85999
580.0 80999
4640. 80999
7590. 80999
9720. 80999
12160 12899
8680. 12899
5160. 12899
540.0 26999
6890. 10399
8820. 10399
4160. 10399
1940. 10399
8360. 12399
2610. 12399
9120. 12399
4960. 12399
9010. 52999
6440. 52999
9440. 72999
12410 72999
6120. 65999
9240. 65999
11400 75999
7540. 75999
13760 85999
11400 85999
11400 75999
7260. 75999
12040 85999
8360. 85999
4410. 85999
260.0 12999
260.0 12999
9880. 75999
10080 75999
12160 80999
9720. 80999
4640. 80999
7740. 85999
9720. 85999
3180. 85999
6880. 85999
11220 65999
6240. 65999
300.0 14999
8260. 75999
4970. 75999
8360. 75999
5680. 85999
2880. 85999
7740. 85999
11180 85999
4300. 10199
4380. 10199
6080. 10199
7139. 10199
4240. 85999
11180 85999
3700. 85999
6860. 97999
12040 97999
2350. 97999
2550. 97999
11180 85999
4080. 85999
1000. 85999
4380. 85999
5940. 98999
600.0 98999
840.0 98999
2970. 98999
700.0 85999
10320 85999
12160 85999
5940. 13999
12900 13999
8400. 13999
4300. 14199
7140. 14199
4260. 14199
3870. 14199
6240. 89999
1080. 89999
1460. 89999
4500. 89999
7100. 14199
4120. 14199
7600. 14199
11340 14199
920.0 45999
6050. 13599
7740. 13599
3000. 13599
8820. 13599
4080. 13599
5940. 12799
3840. 12799
4640. 12799
600.0 99999
6880. 58999
8850. 58999
8120. 58999
8260. 58999
10560 65999
10950 65999
6380. 75999
3690. 75999
11400 75999
5400. 72999
7020. 72999
9490. 72999
11400 75999
3040. 75999
13760 85999
11400 85999
14620 85999
11400 85999
8160. 75999
9880. 75999
4050. 75999
10640 75999
10640 75999
3920. 75999
7480. 67999
4240. 67999
7260. 67999
10320 85999
4240. 85999
8360. 85999
8029. 72999
4080. 72999
4640. 72999
4720. 72999
10320 85999
7600. 85999
10320 85999
9120. 75999
8360. 75999
6840. 75999
8600. 85999
6210. 85999
6840. 85999
4760. 85999
5680. 70999
6080. 70999
6080. 70999
5840. 70999
5320. 85999
6880. 85999
1960. 85999
1590. 85999
540.0 26999
7500. 12499
1770. 12499
8330. 12499
3320. 12499
2520. 12499
4640. 14199
2700. 14199
7100. 14199
1300. 14199
1760. 14199
4620. 15399
