[0.2222222222222222]
[0.16666666666666663]
[0.7777777777777778]
[0.41666666666666663]
[0.3055555555555556]
[0.0]
[0.6388888888888888]
[0.5833333333333333]
[0.4722222222222222]
[0.8888888888888888]
[0.0]
[0.4722222222222222]
[0.0]
[0.0]
[0.3055555555555556]
[0.8888888888888888]
[0.25]
[0.0]
[0.8888888888888888]
[0.0]
[0.0]
[0.6388888888888888]
[0.4444444444444444]
[0.2222222222222222]
[0.6666666666666667]
[0.9166666666666666]
[0.3055555555555556]
[0.3055555555555556]
[0.8055555555555556]
[0.9722222222222222]
[0.4444444444444444]
[0.41666666666666663]
[0.0]
[0.8333333333333334]
[0.8333333333333334]
[0.0]
[0.0]
[0.8055555555555556]
[0.33333333333333337]
[0.38888888888888884]
[0.7777777777777778]
[0.0]
[0.0]
[0.0]
[0.0]
[0.5]
[0.9444444444444444]
[0.05555555555555558]
[0.25]
[0.41666666666666663]
[0.25]
[0.0]
[0.0]
[0.41666666666666663]
[0.0]
[0.4444444444444444]
[0.0]
[0.25]
[0.9722222222222222]
[0.8333333333333334]
[0.0]
[0.9722222222222222]
[0.05555555555555558]
[0.16666666666666663]
[0.75]
[0.4722222222222222]
[0.0]
[0.41666666666666663]
[0.2222222222222222]
[0.0]
[0.2222222222222222]
[0.3055555555555556]
[0.0]
[0.0]
[0.0]
[1.0]
[0.25]
[0.6944444444444444]
[0.9166666666666666]
[0.3055555555555556]
[0.8055555555555556]
[0.33333333333333337]
[0.0]
[0.5555555555555556]
[0.8333333333333334]
[0.7777777777777778]
[0.0]
[0.6666666666666667]
[0.7222222222222222]
[0.0]
[0.3055555555555556]
[0.0]
[0.19444444444444442]
[0.0]
[0.0]
[0.36111111111111116]
[0.33333333333333337]
[0.0]
[0.7222222222222222]
[0.3055555555555556]
[0.2222222222222222]
[0.6944444444444444]
[0.5277777777777778]
[0.33333333333333337]
[0.4722222222222222]
[0.0]
[0.9166666666666666]
[0.9722222222222222]
[0.6944444444444444]
[1.0]
[0.41666666666666663]
[0.7222222222222222]
[0.0]
[0.0]
[0.0]
[0.38888888888888884]
[0.5]
[0.6666666666666667]
[0.0]
[0.8333333333333334]
[0.6388888888888888]
[0.6111111111111112]
[0.8333333333333334]
[0.9166666666666666]
[0.2222222222222222]
[0.0]
[0.9722222222222222]
[0.25]
[0.8888888888888888]
[0.33333333333333337]
[0.0]
[0.7777777777777778]
[0.25]
[0.6111111111111112]
