[0.33333333333333337]
[0.5555555555555556]
[0.08333333333333337]
[0.2222222222222222]
[0.08333333333333337]
[0.7222222222222222]
[0.6666666666666667]
[0.6388888888888888]
[0.08333333333333337]
[0.2777777777777778]
[0.33333333333333337]
[0.41666666666666663]
[0.08333333333333337]
[0.13888888888888884]
[0.11111111111111116]
[0.11111111111111116]
[0.11111111111111116]
[0.36111111111111116]
[0.4722222222222222]
[0.41666666666666663]
[0.6388888888888888]
[0.5277777777777778]
[0.13888888888888884]
[0.2777777777777778]
[0.38888888888888884]
[0.36111111111111116]
[0.33333333333333337]
[0.36111111111111116]
[0.13888888888888884]
[0.33333333333333337]
[0.13888888888888884]
[0.2777777777777778]
[0.3055555555555556]
[0.05555555555555558]
[0.36111111111111116]
[0.2222222222222222]
[0.36111111111111116]
[0.38888888888888884]
[0.16666666666666663]
[0.05555555555555558]
[0.4444444444444444]
[0.4444444444444444]
[0.41666666666666663]
[0.11111111111111116]
[0.4722222222222222]
[0.2222222222222222]
[0.05555555555555558]
[0.3055555555555556]
[0.25]
[0.38888888888888884]
[0.4722222222222222]
[0.38888888888888884]
[0.2777777777777778]
[0.16666666666666663]
[0.4444444444444444]
[0.41666666666666663]
[0.25]
[0.2222222222222222]
[0.41666666666666663]
[0.13888888888888884]
[0.08333333333333337]
[0.25]
[0.13888888888888884]
[0.13888888888888884]
[0.38888888888888884]
[0.08333333333333337]
[0.2222222222222222]
[0.38888888888888884]
[0.4444444444444444]
[0.3055555555555556]
[0.13888888888888884]
[0.4444444444444444]
[0.2777777777777778]
[0.4444444444444444]
[0.25]
[0.05555555555555558]
[0.05555555555555558]
[0.11111111111111116]
[0.08333333333333337]
[0.19444444444444442]
[0.2222222222222222]
[0.19444444444444442]
[0.25]
[0.08333333333333337]
[0.19444444444444442]
[0.19444444444444442]
[0.4722222222222222]
[0.3055555555555556]
[0.2222222222222222]
[0.16666666666666663]
[0.38888888888888884]
[0.4722222222222222]
[0.5277777777777778]
[0.4444444444444444]
[0.4444444444444444]
[0.4444444444444444]
[0.2222222222222222]
[0.4444444444444444]
[0.2777777777777778]
[0.13888888888888884]
[0.2777777777777778]
[0.05555555555555558]
[0.16666666666666663]
[0.4722222222222222]
[0.11111111111111116]
[0.41666666666666663]
[0.4444444444444444]
[0.25]
[0.13888888888888884]
[0.05555555555555558]
[0.38888888888888884]
[0.4722222222222222]
[0.6388888888888888]
[0.08333333333333337]
[0.41666666666666663]
[0.2777777777777778]
[0.2777777777777778]
[0.16666666666666663]
[0.13888888888888884]
[0.2222222222222222]
[0.19444444444444442]
[0.4722222222222222]
[0.41666666666666663]
[0.33333333333333337]
[0.05555555555555558]
[0.2777777777777778]
[0.11111111111111116]
[0.11111111111111116]
[0.16666666666666663]
[0.4444444444444444]
[0.4444444444444444]
[0.4444444444444444]
[0.05555555555555558]
[0.4444444444444444]
[0.08333333333333337]
[0.33333333333333337]
[0.36111111111111116]
[0.38888888888888884]
[0.3055555555555556]
[0.33333333333333337]
[0.08333333333333337]
[0.4722222222222222]
[0.4444444444444444]
[0.6666666666666667]
[0.25]
[0.05555555555555558]
[0.16666666666666663]
[0.08333333333333337]
[0.13888888888888884]
[0.3055555555555556]
[0.25]
[0.16666666666666663]
[0.05555555555555558]
[0.25]
[0.16666666666666663]
[0.2777777777777778]
[0.36111111111111116]
[0.2222222222222222]
[0.2777777777777778]
[0.4722222222222222]
[0.19444444444444442]
[0.13888888888888884]
[0.19444444444444442]
[0.3055555555555556]
[0.13888888888888884]
[0.2777777777777778]
[0.19444444444444442]
[0.19444444444444442]
[0.36111111111111116]
[0.08333333333333337]
[0.2222222222222222]
[0.16666666666666663]
[0.05555555555555558]
[0.38888888888888884]
[0.4444444444444444]
[0.25]
[0.05555555555555558]
[0.08333333333333337]
[0.16666666666666663]
[0.4444444444444444]
[0.36111111111111116]
[0.33333333333333337]
[0.19444444444444442]
[0.25]
[0.08333333333333337]
[0.05555555555555558]
[0.08333333333333337]
[0.3055555555555556]
[0.2777777777777778]
[0.4722222222222222]
[0.2777777777777778]
[0.2777777777777778]
[0.33333333333333337]
[0.4722222222222222]
[0.25]
[0.13888888888888884]
[0.08333333333333337]
[0.41666666666666663]
[0.6111111111111112]
[0.11111111111111116]
[0.2222222222222222]
[0.2222222222222222]
[0.4444444444444444]
[0.2777777777777778]
[0.38888888888888884]
[0.2777777777777778]
[0.11111111111111116]
[0.25]
[0.33333333333333337]
[0.2222222222222222]
[0.19444444444444442]
[0.13888888888888884]
