104 104 0 0 27 32 18 26 31 33
22 17 0 0 0 0 0 0 0 0
84 66 1 1 14 10 19 13 27 19
20 18 0 0 1 1 2 2 1 1
16 14 0 0 1 1 7 5 1 1
11 9 0 0 1 1 0 0 0 1
135 116 9 3 18 11 62 39 47 33
131 112 9 1 18 9 57 38 35 30
108 86 0 0 4 5 28 26 17 24
130 100 0 0 5 8 47 35 33 35
39 30 0 0 3 2 16 12 6 6
65 53 1 1 2 4 10 9 12 9
61 49 0 1 2 4 12 8 13 11
38 30 0 0 3 1 6 8 12 7
137 113 2 2 50 27 44 36 83 44
227 179 3 3 24 21 89 56 91 62
137 109 1 1 14 15 49 35 30 26
132 105 0 0 4 7 43 35 24 25
101 79 0 0 5 6 35 27 26 25
154 119 3 5 19 17 64 47 50 41
47 38 0 0 3 4 10 9 19 11
56 46 0 0 4 3 16 11 24 12
74 58 0 0 11 9 14 17 27 18
41 31 0 0 2 3 14 9 23 18
40 31 0 0 10 6 10 6 18 9
21 16 0 0 0 1 11 8 11 8
12 10 0 0 1 1 0 0 0 1
12 11 0 0 0 0 0 0 5 4
41 32 0 0 12 8 11 6 6 6
21 16 0 0 6 3 7 4 1 1
92 72 0 0 16 9 28 17 28 22
94 72 0 0 16 13 33 21 23 17
125 99 0 0 13 10 37 29 26 17
19235 15232 3427 3043 2633 2532 6215 5427 5437 4633
1839 1498 554 463 241 269 815 731 548 473
86 69 0 1 12 10 9 12 9 12
48 38 0 0 5 5 12 9 25 15
49 38 0 0 2 3 8 9 9 10
21 17 0 0 7 5 6 4 0 1
22 18 0 0 2 2 8 5 7 4
22 17 0 0 0 1 6 4 0 1
285 223 9 7 25 24 119 86 70 65
255 198 0 0 37 25 113 86 83 56
92 72 0 1 5 4 26 20 25 18
22 17 0 0 4 3 4 3 0 1
30 24 0 0 3 2 6 6 1 2
22 18 0 0 0 1 4 2 4 4
66 51 0 0 14 9 18 11 21 15
22 18 0 0 8 5 4 2 0 1
253 205 16 7 27 17 85 67 68 61
17879 14772 4048 3522 2419 2331 6079 5095 6081 5121
684 532 55 56 36 43 200 165 118 105
940 771 129 112 103 90 342 311 339 288
337 283 132 70 69 39 109 78 115 87
6374 4986 1211 1151 905 886 2197 2009 2071 1679
61 85 0 0 30 20 49 40 25 22
209 215 24 25 51 41 106 84 82 59
8570 7840 2191 1858 1617 1253 3815 3388 3417 2729
508 415 139 111 119 111 218 170 168 144
3386 2648 535 517 575 527 1050 856 1127 957
1038 833 131 124 132 105 315 282 338 281
5242 4131 1362 1192 839 800 2064 1752 1653 1410
40 32 0 0 4 3 6 6 0 2
190 149 5 3 17 17 70 46 61 47
30 23 0 0 0 1 0 0 0 0
50 38 0 0 2 2 9 7 17 13
30 22 0 0 1 1 0 0 0 0
84 64 0 0 4 4 16 15 22 17
12 9 0 0 0 0 0 0 0 0
5 5 0 0 2 2 1 1 1 2
355 275 2 4 35 24 158 125 77 53
226 175 0 0 26 25 73 63 82 63
668 525 146 122 63 52 333 249 133 110
5 5 0 0 0 0 0 0 1 1
4819 3858 1143 958 717 643 2217 1839 1466 1217
13 11 0 0 0 0 0 0 0 0
185 149 6 6 21 20 36 34 28 22
134 107 3 3 21 13 22 20 32 24
758 598 29 28 136 103 240 188 248 187
3736 2952 155 137 459 350 1044 860 1078 807
13437 10681 1337 1279 1987 1652 3691 2895 4290 3555
5863 4636 1648 1481 755 785 1568 1410 1979 1633
70 90 0 0 37 12 0 0 25 2
71 120 0 0 31 14 0 0 83 17
71 150 0 0 88 23 56 1 70 15
12511 9800 1627 1498 2016 1846 3827 3325 4056 3365
344 267 14 10 80 54 142 122 69 51
14257 11844 1707 1600 2068 1569 4934 4088 4824 3794
29 23 0 0 0 0 0 0 0 0
162 126 1 2 24 16 78 59 50 33
69 77 13 9 54 20 30 28 30 21
2676 2100 509 495 333 324 775 707 569 545
10328 8232 2289 2068 1789 1673 3373 2877 3590 2925
139 108 0 1 6 5 31 27 46 38
101 78 1 3 23 14 26 18 21 16
302 239 9 2 70 48 85 73 112 84
13 13 0 0 2 2 0 0 2 2
32 25 0 0 1 2 6 5 2 2
21 16 0 0 9 5 9 8 9 8
251 196 6 6 12 14 83 70 69 67
193 152 1 2 37 39 56 47 63 55
163 128 3 3 48 29 44 35 44 35
82 65 4 2 11 9 20 16 28 15
76 59 0 0 16 9 15 14 25 18
40 32 0 0 1 2 2 3 5 4
40 32 0 0 5 4 3 4 15 10
940 771 103 84 153 89 309 318 318 258
63 90 51 11 82 20 69 18 78 16
105 240 151 68 176 79 175 64 214 82
1781 1405 311 273 279 278 712 633 676 541
20 16 0 0 1 1 0 0 0 0
21 16 0 0 1 1 0 0 0 0
47 36 0 0 4 3 9 7 9 7
569 448 29 20 72 52 152 108 130 89
261 200 18 12 40 29 67 65 55 36
327 256 8 9 50 31 86 77 55 45
159 134 4 5 35 15 54 41 38 26
56 60 0 0 25 14 30 18 25 17
712 564 79 66 51 42 172 147 204 157
124 124 45 41 36 41 50 46 49 44
92 104 40 32 19 13 51 38 40 28
2867 2319 421 378 418 339 1160 935 728 570
110 154 113 81 86 43 93 65 82 63
7261 5960 1433 1341 1225 1117 2567 2197 2306 1879
8835 7493 1823 1716 1221 1077 3784 3267 3207 2849
436 336 0 1 92 66 167 116 85 83
435 336 0 1 81 69 126 103 91 89
5458 4459 503 537 582 432 1699 1380 1559 1300
1659 1314 444 406 319 320 661 540 485 450
1049 869 354 294 135 114 403 358 360 304
3847 3089 1406 1174 369 418 1422 1180 1153 982
2187 1701 36 49 202 196 629 498 591 488
135 123 41 26 42 28 69 60 52 43
127 148 81 45 90 41 90 60 57 43
12087 9408 1124 1038 1639 1251 4677 3908 3540 2901
19235 15232 3606 3177 2896 2812 6346 5621 5709 4907
75 98 20 22 39 20 59 40 37 24
11390 10066 2092 2056 2443 2049 3608 2841 4427 3767
514 427 190 134 79 55 185 175 163 124
5 5 0 0 2 2 1 1 1 2
1644 1343 289 250 374 297 552 472 653 540
