0.7175104320133954
0.6997730444488417
0.8436725214749872
0.8884031850669423
0.7657200693971082
0.8812256322749801
0.7192475684488293
0.838864311203539
0.7943244300451608
0.8816256102058393
0.8039257361865483
0.8120759673603649
0.8031648503292453
0.8835740802448632
0.9030435351507603
0.8918754046777393
0.7312812554127346
0.8991779360906906
0.9106164057267838
0.7665420790183574
0.7763215375113784
0.7430086142376644
0.8001717283095025
0.8677395173802896
0.8310533754329819
0.90013588482176
0.6488074478094351
0.7683303436816085
0.8320521144933739
0.7308438367449833
0.8907226882631163
0.9411783150374734
0.8574262969111373
0.8794800810190908
0.9029213724002458
0.8607081316739424
0.7207348245539298
0.6641335542112333
0.8888339194271558
0.6948523626534132
0.8302248208787838
0.9411213521949992
0.8240918595906688
0.8852413561021915
0.9074675615643574
0.8590392588813833
0.7422387156182255
0.7593570230317617
0.8337941049603568
0.7803038298815972
0.7871562616474915
0.7781464597656327
0.7780301351077089
0.7114198685975457
0.8655267911672957
0.826891025143087
0.729709836547012
0.8624454207796626
0.7385229095472736
0.7116518244286172
0.8022388583836848
0.817834367018535
0.7567832995227444
0.7122338435504383
0.871402453623353
0.8747835265269509
0.6424907624611214
0.8901294245053695
0.7339159764457771
0.8744696850071016
0.9608142768643949
0.9612415206737658
0.8239167018081981
0.7696559444484264
0.8656315581536249
0.7619304149533166
0.7311472681794327
0.5656798850969671
0.8206204056465997
0.8554932367708286
0.867773118763518
0.8894933049014543
0.5919883732332115
0.5446117866210266
0.8548783797034738
0.7791182228797322
0.6033138396916018
0.7200755954507541
0.5395136873794263
0.792967007123413
0.8377952681706209
0.9091173815024852
0.7946319411834665
0.8477000058436369
0.8534718277610236
0.7771424064456489
0.9064102395643605
0.6349498738656985
0.8682808325441269
0.776267008850054
