-0.8165822188303711
-0.8304207104412917
-0.8417492539769292
-0.850872344666315
-0.8581674963364825
-0.8640054639084179
-0.8687062824159283
-0.8725267610024618
-0.8756651266273393
-0.8782716949466866
-0.8804598818818246
-0.8823154762951703
-0.8839038088742288
-0.8852750801503962
-0.8864682533998121
-0.8875138847007763
-0.8884361838608554
-0.8892545235877028
-0.8899845531465277
-0.8906390274273391
-0.891228429919577
-0.8917614452638315
-0.8922453210591638
-0.8926861474060319
-0.8930890747863551
-0.8934584853117916
-0.8937981284001794
-0.8941112290880341
-0.8944005751240173
-0.8946685874809048
-0.8949173778137804
-0.8951487955692793
-0.895364466836138
-0.8955658265615083
-0.8957541454065686
-0.8959305522448321
-0.8960960530993716
-0.8962515471548781
-0.8963978403534836
-0.896535656986931
-0.8966656496180032
-0.8967884076043724
-0.8969044644465667
-0.8970143041449705
-0.8971183667160354
-0.8972170529943618
-0.8973107288258978
-0.8973997287387067
-0.8974843591663595
-0.8975649012848571
-0.7883944246500821
-0.8023256007384126
-0.813722203162268
-0.8228932017894471
-0.8302209920365657
-0.8360806886022688
-0.8407957188981928
-0.8446253173406778
-0.8477693665542613
-0.8503792895801446
-0.8525692398093777
-0.8544254998193151
-0.8560137343461587
-0.8573843729482119
-0.8585765381603994
-0.8596208983675391
-0.8605417436253808
-0.8613585046743075
-0.8620868731892825
-0.8627396353271729
-0.8633272977904708
-0.8638585625394243
-0.8643406901312211
-0.8647797803630423
-0.8651809909526663
-0.865548709376103
-0.8658866889816963
-0.8661981576320916
-0.866485905047235
-0.8667523535074502
-0.8669996154583093
-0.8672295407347864
-0.8674437555001228
-0.8676436945330356
-0.8678306281376164
-0.8680056846859305
-0.8681698695900721
-0.868324081341462
-0.8684691251292812
-0.8686057244498424
-0.8687345310427567
-0.8688561334251128
-0.868971064249612
-0.869079806667757
-0.8691827998520716
-0.8692804438030741
-0.8693731035451006
-0.8694611128004803
-0.8695447772143317
-0.8696243771938249
-0.7601488975215202
-0.7741910492711874
-0.7856689394757451
-0.7948970913192844
-0.8022638408611856
-0.8081495506016383
-0.8128817015357233
-0.8167224103579962
-0.8198735190794321
-0.8224877569866872
-0.8246801452064313
-0.8265375461885117
-0.8281260165421017
-0.8294962543247598
-0.8306875687576963
-0.8317307599244004
-0.8326502120705427
-0.8334654241467851
-0.8341921377733548
-0.8348431760240858
-0.8354290730990925
-0.8359585515591805
-0.8364388874536424
-0.8368761922480571
-0.8372756324395103
-0.8376416020820107
-0.8379778594129172
-0.8382876358796055
-0.8385737237747696
-0.8388385471627241
-0.8390842196573176
-0.8393125917794381
-0.8395252900013797
-0.8397237491154343
-0.8399092392097111
-0.8400828882619805
-0.8402457011529753
-0.8403985757383647
-0.8405423164935889
-0.8406776461444146
-0.8408052156195781
-0.8409256125993121
-0.8410393688833998
-0.8411469667638366
-0.8412488445536681
-0.8413454013991607
-0.8414370014806126
-0.8415239776895103
-0.8416066348560156
-0.8416852525899848
-0.7318322369233873
-0.74600778846078
-0.7575831185751539
-0.7668796712339263
-0.7742930481913771
-0.7802099599302122
-0.7849627536655406
-0.7888169862703012
-0.791976827838462
-0.7945965542016736
-0.7967922110697547
-0.7986513442244046
-0.8002404714527249
-0.8016106065671922
-0.8028012782919304
-0.8038434416132146
-0.8047615916553347
-0.8055753077742781
-0.8063003905754776
-0.8069497068390576
-0.8075338234204444
-0.8080614874398463
-0.808539993504072
-0.8089754671387268
-0.8093730854984594
-0.8097372506984652
-0.8100717270409536
-0.8103797504931661
-0.8106641166663171
-0.8109272520036922
-0.8111712717621202
-0.8113980275267542
-0.8116091463793107
-0.8118060633633304
-0.8119900485377585
-0.8121622296312314
-0.8123236111043685
-0.8124750902611186
-0.8126174709242564
-0.8127514750920333
-0.8128777529102725
-0.8129968912377926
-0.8131094210275147
-0.8132158237093732
-0.8133165367280302
-0.8134119583618137
-0.8135024519286606
-0.8135883494677748
-0.8136699549702852
-0.8137475472231781
-0.7034275428797336
-0.7177641373440866
-0.7294567437044045
-0.7388354615445742
-0.7463048231496417
-0.7522592575790249
-0.7570369829962534
-0.7609076816338112
-0.7640783019041215
-0.7667049582586553
-0.7689049109348244
-0.7707665139986604
-0.7723568299643128
-0.7737272453044175
-0.7749175477488919
-0.7759588751224311
-0.7768758535329274
-0.7776881574478158
-0.7784116573754178
-0.7790592720151986
-0.77964160713066
-0.7801674392113492
-0.780644085155585
-0.7810776874715016
-0.7814734362737057
-0.7818357435628562
-0.7821683811581847
-0.7824745907083778
-0.7827571720725637
-0.7830185548204418
-0.7832608564514726
-0.7834859300975585
-0.7836954038361847
-0.7838907132722494
-0.7840731286816787
-0.7842437777393207
-0.7844036646389472
-0.7845536862515241
-0.7846946458382864
-0.7848272647370158
-0.7849521923593789
-0.7850700147756811
-0.7851812621118609
-0.7852864149456404
-0.7853859098543591
-0.785480144242541
-0.785569480554188
-0.7856542499604348
-0.7857347555938199
-0.7858112753960429
-0.6749133655834865
-0.6894452659005346
-0.7012796561149696
-0.7107574890392564
-0.7182943262024745
-0.7242940317675737
-0.7291019445708423
-0.7329927189569799
-0.7361766349013291
-0.7388120026879578
-0.7410175285379836
-0.7428825266583265
-0.7444747056527273
-0.7458458936300433
-0.747036185197241
-0.7480769348834988
-0.7489929241755711
-0.7498039405200239
-0.7505259376139123
-0.7511718960910101
-0.7517524682635705
-0.7522764658828782
-0.7527512327263427
-0.7531829318847744
-0.7535767692788407
-0.7539371690581481
-0.7542679123686626
-0.7545722479920457
-0.754852981205944
-0.7551125456501967
-0.7553530618311577
-0.7555763850452121
-0.7557841448662708
-0.755977777864318
-0.7561585548585864
-0.7563276037319275
-0.7564859286208573
-0.7566344261292746
-0.7567738990870384
-0.756905068272715
-0.7570285824405103
-0.757145026928621
-0.757254931076369
-0.7573587746355523
-0.7574569933314927
-0.7575499837006201
-0.7576381073117867
-0.7577216944598107
-0.757801047406245
-0.7578764432304387
-0.6462623074752238
-0.66103220000819
-0.6730388375695489
-0.6826367960698624
-0.6902553168476582
-0.6963098591367927
-0.7011544461036727
-0.7050697572780084
-0.7082700884408321
-0.7109163854614104
-0.7131290844674962
-0.7149986456215854
-0.7165935474581675
-0.7179661439403471
-0.7191568950075947
-0.7201974132781481
-0.7211126654645649
-0.7219225738886166
-0.7226431917504001
-0.7232875739425736
-0.723866428753101
-0.7243886104844194
-0.7248614954843413
-0.72529127190763
-0.7256831650352745
-0.7260416140028276
-0.7263704115599046
-0.7266728154569014
-0.7269516378750542
-0.7272093177304892
-0.727447979517316
-0.7276694814954873
-0.7278754553871584
-0.7280673392589938
-0.7282464049062343
-0.728413780771942
-0.728570471220521
-0.7287173728193267
-0.7288552881516758
-0.728984937583996
-0.7291069693287787
-0.7292219680821195
-0.7293304624647093
-0.7294329314527181
-0.7295298099547068
-0.7296214936621159
-0.7297083432811399
-0.7297906882348001
-0.7298688299106986
-0.7299430445174544
-0.617439163563205
-0.6325004649708386
-0.644717442607999
-0.654461749150537
-0.6621796513395452
-0.6683009314786481
-0.6731902643053841
-0.6771356724462045
-0.6803563193863302
-0.6830163316831287
-0.6852382261462088
-0.6871138379550422
-0.6887125680649989
-0.6900873999717579
-0.6912792309515927
-0.6923199827497116
-0.6932348441768419
-0.6940438995379761
-0.6947633217821171
-0.6954062553968037
-0.6959834764090329
-0.6965038907970837
-0.6969749146255759
-0.6974027667593661
-0.6977926963338501
-0.6981491610715717
-0.698475968226936
-0.6987763868685333
-0.6990532379914153
-0.6993089673462283
-0.6995457046895035
-0.6997653122904579
-0.6999694248773183
-0.7001594827184813
-0.7003367591652402
-0.700502383696668
-0.7006573612958268
-0.7008025888130446
-0.7009388688460412
-0.7010669215608095
-0.7011873947989214
-0.7013008727512
-0.7014078834277488
-0.7015089051135811
-0.7016043719648192
-0.7016946788756991
-0.7017801857234749
-0.7018612210813848
-0.7019380854754745
-0.7020110542480895
-0.58839846100415
-0.6038182238220295
-0.6162934359567327
-0.6262170456949729
-0.6340565487425602
-0.6402595022181843
-0.6452037189059329
-0.6491862236826322
-0.6524321154098589
-0.6551093818443879
-0.6573430571446264
-0.6592266361819313
-0.6608306317428374
-0.6622087856939528
-0.6634025222398735
-0.6644441358787512
-0.6653590835978673
-0.6661676456557054
-0.6668861401986402
-0.6675278206487306
-0.6681035456570275
-0.6686222844629924
-0.6690915019554106
-0.6695174549307976
-0.669905422149472
-0.6702598845623171
-0.6705846676845091
-0.6708830549568038
-0.6711578786831083
-0.6714115934936704
-0.6716463360899859
-0.671863974137606
-0.6720661465169856
-0.6722542966473012
-0.6724297002209552
-0.6725934884045768
-0.6727466673390871
-0.6728901346044632
-0.6730246931818612
-0.6731510633410376
-0.6732698928028231
-0.6733817654570229
-0.6734872088698177
-0.6735867007689164
-0.6736806746652312
-0.6737695247397772
-0.6738536101060115
-0.6739332585363458
-0.674008769730494
-0.6740804181881691
-0.559081249390766
-0.5749437104679567
-0.5877376431839896
-0.5978822530524954
-0.60587148691502
-0.6121750382612323
-0.6171870099563065
-0.6212155284157835
-0.6244929743289
-0.6271920522686671
-0.6294408616656743
-0.6313349140094681
-0.6329460714990048
-0.6343289962122437
-0.6355257520826673
-0.6365690867067777
-0.6374847836344539
-0.6382933622817634
-0.6390113184855812
-0.6396520393954054
-0.6402264854467006
-0.6407437041144604
-0.6412112209316818
-0.6416353400384647
-0.6420213773717575
-0.6423738432117647
-0.6426965862919369
-0.6429929084754596
-0.6432656566981078
-0.6435172972083976
-0.6437499759164244
-0.6439655677608226
-0.6441657173348471
-0.6443518725071385
-0.6445253123955416
-0.6446871707587757
-0.6448384556519176
-0.6449800660164039
-0.6451128057444272
-0.6452373956502119
-0.6453544837005606
-0.6454646537895746
-0.6455684332920373
-0.6456662995869904
-0.6457586857112328
-0.6458459852721218
-0.6459285567316236
-0.6460067271510763
-0.6460807954741504
-0.6461510354119712
-0.5294110343608863
-0.5458216882490263
-0.5590109141019345
-0.5694296000578214
-0.5776044839935457
-0.5840328688925125
-0.5891291427326047
-0.5932151980002927
-0.5965324039399849
-0.5992592648538495
-0.6015276384978299
-0.603435504738605
-0.6050563764684159
-0.6064460418285564
-0.6076473485113931
-0.6086936002612586
-0.6096109824381971
-0.610420309579589
-0.611138297519184
-0.6117784995792888
-0.6123520031804304
-0.6128679538272643
-0.6133339533967312
-0.6137563659331647
-0.614140554676809
-0.6144910674555225
-0.6148117829311398
-0.6151060268965847
-0.6153766654606893
-0.6156261802500261
-0.6158567295073683
-0.6160701980486062
-0.6162682383560141
-0.6164523045714921
-0.6166236807683688
-0.6167835045844202
-0.6169327870714852
-0.6170724294447675
-0.6172032372761009
-0.6173259325719641
-0.6174411640907848
-0.6175495161899892
-0.6176515164386771
-0.6177476421909535
-0.6178383262795045
-0.617923961963363
-0.6180049072399714
-0.6180814886131124
-0.6181540043960337
-0.6182227276130962
-0.4992889186763267
-0.5163785955245359
-0.5300599214099048
-0.5408205311020623
-0.54922731269947
-0.5558119316993756
-0.5610140943875109
-0.5651728389381062
-0.5685406920088697
-0.5713033350886894
-0.5735972673026779
-0.575523514212543
-0.5771576260825871
-0.5785567827522066
-0.5797648026933149
-0.5808156805067517
-0.5817361024148016
-0.58254725225821
-0.5832661223309731
-0.5839064757192155
-0.584479560902793
-0.5849946483423016
-0.5854594377414118
-0.58588037033268
-0.5862628706683499
-0.5866115355540485
-0.5869302829595773
-0.5872224703447433
-0.5874909894034157
-0.5877383424754216
-0.5879667045919502
-0.5881779741798207
-0.5883738147472354
-0.5885556893516776
-0.5887248892530578
-0.5888825578547838
-0.589029710804021
-0.5891672529450588
-0.5892959926803388
-0.5894166541858489
-0.5895298878423539
-0.5896362791760973
-0.5897363565497655
-0.5898305978006176
-0.589919435988288
-0.5900032643876587
-0.590082440838566
-0.5901572915458101
-0.5902281144084576
-0.5902951819437595
-0.4685884772403744
-0.4865160220163801
-0.5008108292516518
-0.5120001293124566
-0.5206987630622114
-0.5274807991200879
-0.5328174951800922
-0.5370692851869395
-0.540502600187676
-0.5433120523147512
-0.5456399123481213
-0.5475909955616536
-0.5492433920260309
-0.5506560216536611
-0.5518739214195617
-0.5529319570430467
-0.5538574495031329
-0.5546720532093037
-0.5553931147157753
-0.556034667467259
-0.5566081687607101
-0.5571230520443401
-0.5575871454101456
-0.5580069920337191
-0.558388097972265
-0.5587351255830766
-0.5590520458239138
-0.5593422591680988
-0.5596086923483955
-0.559853876325744
-0.5600800095585659
-0.5602890096752691
-0.5604825559324215
-0.5606621243019957
-0.5608290166244481
-0.5609843849551465
-0.5611292519956654
-0.5612645283173566
-0.5613910269455996
-0.5615094757582785
-0.5616205280696407
-0.5617247716975663
-0.5618227367593429
-0.5619149023980413
-0.562001702604291
-0.5620835312704269
-0.5621607465925875
-0.5622336749142782
-0.5623026140925867
-0.5623678364536231
-0.43715192259719904
-0.4561023383478849
-0.47115961322244687
-0.48288771192893243
-0.4919561202907743
-0.4989901987430836
-0.5045001725133803
-0.5088730814081623
-0.5123926816808048
-0.5152647257274948
-0.5176386974868015
-0.519624163632598
-0.5213024131975448
-0.5227345704945029
-0.5239672265470517
-0.525036366266424
-0.5259701324737769
-0.5267907936718599
-0.5275161624078135
-0.5281606305678921
-0.5287359344606763
-0.5292517269877367
-0.5297160104241324
-0.5301354672962135
-0.5305157159176711
-0.5308615096203555
-0.5311768934736314
-0.5314653285968675
-0.5317297915391483
-0.5319728543145382
-0.5321967493021437
-0.5324034222164031
-0.5325945756053121
-0.5327717047756209
-0.5329361276251326
-0.5330890095430096
-0.533231384294103
-0.5333641716155665
-0.5334881921087862
-0.5336041798932879
-0.5337127934023121
-0.5338146246275759
-0.5339102070631261
-0.5340000225561405
-0.534084507232891
-0.5341640566415988
-0.5342390302287695
-0.5343097552459524
-0.5343765301693958
-0.5344396277007413
-0.40479106153500954
-0.4249630423140364
-0.4409571793212758
-0.4533602594648451
-0.46289881077410233
-0.4702577923434635
-0.475994446579335
-0.4805283990751084
-0.48416477673529995
-0.48712314685461566
-0.4895619928481947
-0.4915968553726735
-0.49331308362631043
-0.4947746302146381
-0.49603010364457045
-0.4971169597141272
-0.49806443481141555
-0.498895624627299
-0.4996289769090224
-0.5002793777557467
-0.5008589524033282
-0.5013776628736474
-0.5018437592622464
-0.5022641242757807
-0.5026445389964871
-0.5029898898724555
-0.5033043313923371
-0.5035914150169972
-0.5038541921761567
-0.5040952971596502
-0.5043170142903574
-0.5045213327169618
-0.5047099913807451
-0.5048845161338311
-0.5050462505431842
-0.5051963815888545
-0.5053359612040582
-0.5054659244153614
-0.5055871046844835
-0.505700246938285
-0.5058060186781598
-0.5059050194875582
-0.5059977891980175
-0.5060848149258005
-0.5061665371565777
-0.5062433550213599
-0.5063156308869005
-0.5063836943590264
-0.5064478457846759
-0.5065083593233946
-0.3712994540719033
-0.3928724858755969
-0.4099869018993033
-0.42322202732459074
-0.4333547360660337
-0.4411342620001192
-0.4471717851863572
-0.4519252473587664
-0.4557252273892747
-0.4588079198036645
-0.46134277294200265
-0.4634527180771602
-0.4652282196146422
-0.46673686677642073
-0.46802991885178374
-0.4691468071713575
-0.4701182689638828
-0.4709685589884932
-0.47171703268226606
-0.4723792954469769
-0.47296804832567874
-0.4734937182960867
-0.4739649337252244
-0.4743888870841372
-0.4747716145747703
-0.4751182138218585
-0.4754330148991609
-0.47571971583959377
-0.4759814908591858
-0.4762210774316436
-0.4764408468336174
-0.476642861671235
-0.47682892307712405
-0.47700060965453883
-0.4771593097875794
-0.4773062485822749
-0.4774425104408424
-0.4775690580624028
-0.47768674850515014
-0.477796346820827
-0.4778985376720837
-0.4779939352700486
-0.4780830919030694
-0.47816650528217997
-0.4782446248874683
-0.47831785746816224
-0.4783865718235966
-0.47845110296998694
-0.47851175578333816
-0.47856880819045977
-0.33648483727849443
-0.35955444010977117
-0.3779334366137062
-0.3921478857166574
-0.403006395307774
-0.41131998091677796
-0.41775628183942654
-0.42281431228778965
-0.4268521120611481
-0.4301239195661536
-0.43281123592142495
-0.4350453030861306
-0.43692252585761354
-0.43851488627119367
-0.43987698786090135
-0.4410508684874419
-0.44206933468569287
-0.44295830758181653
-0.44373849937153936
-0.4444266297022414
-0.4450363210112296
-0.4455787664801639
-0.4460632346164113
-0.446497454849019
-0.4468879153585443
-0.4472400953934827
-0.44755864814267204
-0.44784754590511183
-0.4481101962349461
-0.4483495355423153
-0.4485681050393256
-0.4487681127523695
-0.4489514844568735
-0.4491199057481317
-0.4492748569717721
-0.4494176423693104
-0.4495494145106339
-0.44967119486517526
-0.4497838911950451
-0.4498883123190589
-0.44998518069282817
-0.4500751431654162
-0.4501587802099945
-0.45023661386904024
-0.4503091146162803
-0.450376707298966
-0.4504397762999885
-0.45049867003392113
-0.4505537048731978
-0.4506051685853038
-0.30022973009215387
-0.3247072699960098
-0.344351034673042
-0.35958455764238295
-0.37122659610244924
-0.3801450821360176
-0.3870631696956605
-0.39251896925991536
-0.39689475306233957
-0.4004591924197386
-0.4034025159070497
-0.40586155154308495
-0.4079365988489054
-0.409702621997699
-0.41121669819752266
-0.41252303364713433
-0.41365639620731304
-0.41464450672833303
-0.41550973551371684
-0.41627032751504184
-0.41694130244204863
-0.4175351267960649
-0.4180622232068197
-0.4185313618359499
-0.4189499649776607
-0.4193243468399339
-0.4196599042617759
-0.4199612698241019
-0.42023243579975633
-0.42047685525175343
-0.42069752505040253
-0.420897054457596
-0.42107772210042066
-0.4212415235369279
-0.4213902111489237
-0.4215253277414355
-0.421648234951503
-0.421760137355036
-0.4218621029939648
-0.42195508090947176
-0.42203991616499537
-0.4221173627532256
-0.4221880947177656
-0.4222527157594812
-0.42231176755621674
-0.4223657369845022
-0.422415062403778
-0.42246013913578306
-0.42250132425415043
-0.42253894077811804
-0.442143341367818
-0.3910259941527856
-0.39302570278608845
-0.3944357554756752
-0.3953962395949255
-0.39602717912335283
-0.3964208498245211
-0.396644868940433
-0.3967478296565304
-0.39676446901574874
-0.39671966072466336
-0.39663130327932467
-0.3965123547309315
-0.3963722544428195
-0.39621791726048333
-0.3960544324375645
-0.3958855588406259
-0.39571407900595224
-0.39554205480812327
-0.3953710141248207
-0.39520208893970016
-0.39503611940845795
-0.394873734666344
-0.39471541914883357
-0.39456157303717526
-0.39441257819075215
-0.39426889012616423
-0.3941312036333753
-0.39400082484232835
-0.3938806927552601
-0.39377884927929135
-0.39372268513548403
-0.39379535097209784
-0.39403235766315725
-0.394329040783083
-0.3946314679068593
-0.39492582113834396
-0.39520845816520306
-0.3954785678377897
-0.3957362804359795
-0.3959820707105534
-0.396216536767782
-0.39644030890089615
-0.39665400961155245
-0.3968582358356125
-0.3970535514909287
-0.39724048504973775
-0.39741952961097726
-0.397591144210412
-0.3977557557117365
-0.40870059799028824
-0.3449171055378449
-0.347568445597394
-0.3498149287779565
-0.3516751816551441
-0.35320747696534627
-0.35447823479329377
-0.3555469610517077
-0.3564614968448573
-0.3572581953420566
-0.35796385224304395
-0.3585979167184747
-0.3591744309067549
-0.3597035598797299
-0.3601927337138516
-0.3606474719158123
-0.36107196521464313
-0.3614694794572259
-0.36184263264004435
-0.3621935833153586
-0.3625241580758432
-0.36283593769894107
-0.36313031552603103
-0.3634085373410052
-0.36367172899262223
-0.3639209159200249
-0.36415703733342486
-0.3643809568519411
-0.3645934707750341
-0.36479531474971455
-0.36498716932714304
-0.3651696647275022
-0.36534338501946034
-0.36550887184895575
-0.3656666278055893
-0.3658171194874057
-0.3659607803050926
-0.36609801305613626
-0.36622919229181716
-0.36635466649641846
-0.3664747600925451
-0.3665897752887113
-0.36669999377853013
-0.3668056783057172
-0.3669070741025902
-0.367004410214271
-0.3670979007157146
-0.3671877458306218
-0.3672741329608865
-0.3673572376325268
-0.37715408379341925
-0.30035717162733233
-0.3047192329341749
-0.30913029871564435
-0.3131826345214162
-0.3166763969103686
-0.31959397296534947
-0.3220071858162522
-0.3240089803364507
-0.32568384886863744
-0.3271001462425151
-0.3283108157473663
-0.3293563328634829
-0.3302676732325339
-0.33106872396354264
-0.3317781015095502
-0.33241048430500225
-0.3329775821147757
-0.3334888425668546
-0.3339519697482577
-0.334373308492871
-0.33475813219373285
-0.33511086075048463
-0.3354352274302081
-0.33573440798253956
-0.3360111215707521
-0.3362677104364536
-0.33650620335321374
-0.3367283666023352
-0.33693574525328135
-0.3371296968440735
-0.3373114190548453
-0.3374819725940794
-0.3376423002439556
-0.3377932427989035
-0.33793555247785867
-0.3380699042668185
-0.3381969055577161
-0.3383171043753343
-0.3384309964299779
-0.33853903118658485
-0.3386416171082887
-0.33873912620194085
-0.3388318979725356
-0.3389202428747403
-0.3390044453336771
-0.3390847663979429
-0.33916144607479265
-0.33923470539183315
-0.33930474822186074
-0.34831600888105263
-0.359612272703714
-0.26424270670099087
-0.27164979170267084
-0.2783819443072836
-0.2838851847258625
-0.28820436418569434
-0.291581396407511
-0.294253862225767
-0.29640517364387986
-0.29816736764344137
-0.29963414140314554
-0.3008724545564144
-0.30193089700473796
-0.30284536806304885
-0.3036428774381464
-0.30434410111365573
-0.3049651218587632
-0.3055186334669029
-0.3060147881550624
-0.3064618029616017
-0.3068664007457985
-0.3072341358264271
-0.30756963788354463
-0.3078767970699603
-0.30815890623245257
-0.30841877142277596
-0.3086587986704507
-0.3088810627769231
-0.3090873623462908
-0.30927926417156754
-0.3094581393115857
-0.3096251926240042
-0.30978148710370085
-0.3099279640635852
-0.31006545996699003
-0.31019472054261515
-0.3103164126821525
-0.31043113451644755
-0.31053942398842016
-0.3106417661776394
-0.3107385995839924
-0.3108303215388704
-0.31091729288201475
-0.310999842017551
-0.3110782684430119
-0.3111528458300782
-0.31122382472085236
-0.3112914348956095
-0.31135588745670095
-0.3235253078857855
-0.3301071225443852
-0.22581284015910494
-0.23616325544206612
-0.24542068886936164
-0.2526826133265889
-0.2581318273021846
-0.2622263314690018
-0.2653627705063658
-0.2678226936300016
-0.26979611983850427
-0.2714111864958899
-0.2727558064836997
-0.2738917089898432
-0.2748632929695675
-0.27570323161760524
-0.2764360783914431
-0.27708063621166573
-0.2776515488349303
-0.2781603932213503
-0.2786164449705473
-0.2790272250626061
-0.2793988973609602
-0.27973656234415517
-0.28004447740716015
-0.28032622434924626
-0.2805848383030489
-0.28082290811815247
-0.2810426553395746
-0.2812459969450743
-0.281434595623791
-0.2816099004005879
-0.2817731797089426
-0.2819255485058453
-0.28206799064682864
-0.2822013774632705
-0.282326483273815
-0.2824439984051075
-0.2825545401770065
-0.28265866221327546
-0.2827568623690326
-0.28284958950810846
-0.282937249320323
-0.2830202093334913
-0.28309880324665976
-0.28317333469011213
-0.283244080497471
-0.28331129356220236
-0.28337520533943467
-0.28343602804186485
-0.3055545325067641
-0.3049884916233839
-0.31300120360415085
-0.20211795359201545
-0.21339415475963028
-0.22217471619044807
-0.22861216034200743
-0.23331963235633876
-0.23683663576168487
-0.23953770052198883
-0.2416678002191961
-0.24338704480840612
-0.24480223162483694
-0.24598654398640404
-0.24699153835716087
-0.24785449423601885
-0.24860301233279355
-0.24925796256890392
-0.2498354225217279
-0.25034798363505156
-0.2508056518688702
-0.25121648203596303
-0.2515870333405674
-0.2519227023655061
-0.2522279704310298
-0.2525065900584217
-0.25276172741702607
-0.2529960724760279
-0.2532119251338081
-0.25341126325234214
-0.25359579690086104
-0.2537670119781384
-0.25392620557149437
-0.2540745148286102
-0.25421294069370176
-0.2543423675450684
-0.2544635795378955
-0.254577274280357
-0.2546840743378042
-0.2547845369564438
-0.25487916232020347
-0.2549684005922707
-0.2550526579445607
-0.2551323017406385
-0.2552076650071172
-0.255279050304808
-0.25534673309132316
-0.25541096465108687
-0.25547197465553523
-0.25552997340781103
-0.29861985443170885
-0.28796818770108223
-0.28806729333875847
-0.17049508084731035
-0.1825160843705137
-0.19230523745118297
-0.19952372696758036
-0.20473855045771908
-0.20856796240934997
-0.2114602535180842
-0.2137085164577378
-0.21550154667280444
-0.21696300522421536
-0.21817612396420502
-0.21919858809753473
-0.22007151301341182
-0.22082496160802367
-0.2214814213989574
-0.22205805490226851
-0.22256819442988013
-0.223022359618085
-0.2234289659293619
-0.2237948283010598
-0.22412552597808844
-0.2244256713466366
-0.2246991111238832
-0.22494907905813263
-0.2251783133170348
-0.22538914778787292
-0.2255835838461959
-0.2257633473239223
-0.22592993413456858
-0.22608464711697665
-0.2262286260142078
-0.2263628720395229
-0.2264882681385909
-0.226605595804616
-0.22671554911158268
-0.22681874648917133
-0.2269157406518879
-0.2270070270111227
-0.227093050833875
-0.22717421335996782
-0.2272508770503535
-0.22732337010674092
-0.22739199037743352
-0.22745700874440658
-0.22751867206979692
-0.2275772057670656
-0.22763281605141367
-0.410649726473606
-0.2845741503009483
-0.2756153919532267
-0.2770240782171011
-0.15755350782767177
-0.16626417592516327
-0.17299800556047581
-0.1779145474338347
-0.18152180514220828
-0.18424331521365925
-0.18636197511960748
-0.1880577423984033
-0.18944627113764387
-0.19060424028665798
-0.19158435777690602
-0.19242412037692333
-0.1931510209833042
-0.1937857412126627
-0.1943441778938629
-0.1948387739031662
-0.19527941992696746
-0.19567408272596082
-0.1960292536324743
-0.1963502755632259
-0.19664158588333397
-0.19690689969786018
-0.1971493501529725
-0.19737159718313788
-0.19757591274859557
-0.19776424831947656
-0.197938288793437
-0.19809949593223652
-0.19824914362127785
-0.19838834669314034
-0.1985180846420727
-0.1986392212537443
-0.19875252094441787
-0.19885866243364228
-0.19895825024140884
-0.19905182440169406
-0.19913986870483577
-0.19922281771992642
-0.1993010628028635
-0.19937495725423418
-0.19944482076445086
-0.19951094325596733
-0.19957358821705773
-0.19963299560170655
-0.19968938436041087
-0.1997429546549398
-0.24828467665880546
-0.22080878851952165
-0.22645825519275642
-0.23484968018951605
-0.11971389253636543
-0.13180362425069192
-0.14098996805744313
-0.14754544532359842
-0.15219031607560138
-0.15555468871770428
-0.15806914215845208
-0.1600078407266391
-0.16154446031743347
-0.16279125794260388
-0.16382290950704886
-0.1646906214271635
-0.16543053916591963
-0.16606886237427732
-0.1666250380173693
-0.16711380819777788
-0.16754655848618458
-0.16793222801573832
-0.16827793809172023
-0.1685894356651695
-0.16887141230565264
-0.16912773770527667
-0.1693616333803059
-0.1695758037880547
-0.169772536625136
-0.16995378049002366
-0.17012120568932468
-0.17027625233441734
-0.1704201687424329
-0.1705540423610967
-0.1706788248724963
-0.17079535272141508
-0.1709043640177418
-0.17100651254219942
-0.17110237942037404
-0.17119248290779177
-0.17127728663453617
-0.17135720658500914
-0.17143261703514492
-0.17150385562393103
-0.1715712277035374
-0.1716350100851695
-0.17169545427602487
-0.17175278928683133
-0.17180722407446306
-0.171858949674275
-0.23060538426335908
-0.23938457194773907
-0.22288226921338525
-0.2214156373973447
-0.22582404935433242
-0.10829367627841865
-0.11537228431280108
-0.12109562858910315
-0.12537843100915705
-0.1285480266369176
-0.13093330736928904
-0.13277391893813634
-0.1342306544964793
-0.13541014609064286
-0.13638410454934582
-0.13720187884975596
-0.13789829682758423
-0.1384985497281213
-0.13902127887891294
-0.13948056689438804
-0.1398872515946594
-0.14024981284010135
-0.14057498421584433
-0.14086818359395306
-0.14113382196326757
-0.14137552881646198
-0.14159631927585078
-0.14179871983652823
-0.14198486424459345
-0.14215656750354763
-0.14231538364333568
-0.14246265128251862
-0.14259952990657368
-0.14272702900868475
-0.14284603168836238
-0.142957313906438
-0.14306156030640618
-0.14315937729939734
-0.14325130395244962
-0.14333782110018112
-0.14341935901109493
-0.14349630386984807
-0.14356900328439018
-0.14363777098584612
-0.14370289085583465
-0.14376462039176308
-0.14382319369923682
-0.1438788240861176
-0.14393170631810828
-0.1439820185869808
-0.21020573720012878
-0.21806075817588869
-0.22746290211946202
-0.21652433358105802
-0.21149954375715826
-0.0931160588452747
-0.094658294158286
-0.09756705889210283
-0.10041820295157534
-0.10279701787085378
-0.10469748437224512
-0.10621232910473255
-0.10743439676040797
-0.1084361972417254
-0.10927076206727697
-0.10997637257122939
-0.11058083684929777
-0.11110463491263677
-0.11156309744438953
-0.11196789291997203
-0.11232804565531224
-0.11265064018847584
-0.11294131545559567
-0.11320461674912795
-0.11344425021419574
-0.11366326960124924
-0.11386421524573065
-0.11404921887321556
-0.11422008362092487
-0.11437834584777737
-0.11452532339623393
-0.11466215365628483
-0.11478982386900012
-0.11490919546316712
-0.11502102375940627
-0.115125974045468
-0.11522463478404889
-0.11531752853703982
-0.1154051210572723
-0.11548782889963967
-0.11556602582716947
-0.11564004823157875
-0.11571019974120277
-0.11577675515711834
-0.11583996382921588
-0.1159000525641095
-0.11595722813971919
-0.11601167948719582
-0.11606357959144079
-0.11611308715156252
-0.11342243514471781
-0.19632080555879522
-0.2042013007704263
-0.21454981508044998
-0.2072598978257243
-0.20211941943721481
-0.08473808671718927
-0.08114266846144816
-0.08009223406993378
-0.080165978202386
-0.08065073391369873
-0.08124585519706595
-0.08183680046798639
-0.08238483860918575
-0.08288066528960658
-0.08332580428425813
-0.08372527550342512
-0.08408476729512562
-0.08440961101637447
-0.08470447311668117
-0.08497332449112058
-0.08521950761466582
-0.08544582920512422
-0.08565465071723476
-0.08584796743002517
-0.08602747433950271
-0.08619461985426648
-0.08635064913202767
-0.08649663895407796
-0.08663352581714137
-0.0867621286353335
-0.08688316717017472
-0.08699727707285768
-0.08710502223195435
-0.08720690496911417
-0.08730337450781978
-0.08739483404858606
-0.08748164671320252
-0.08756414056641698
-0.087642612880188
-0.08771733377281173
-0.08778854932973637
-0.08785648429127511
-0.08792134437806488
-0.08798331831055624
-0.08804257956997542
-0.08809928793928815
-0.08815359085637428
-0.08820562460597654
-0.08825551537334902
-0.12673909255064622
-0.12086769741402077
-0.11838152683902745
-0.1901160965225418
-0.2017638091131204
-0.19903955948639868
-0.09081688611329798
-0.07813417740440029
-0.06995538802692738
-0.06499965712471115
-0.0620731174598536
-0.06034732266936845
-0.05932219899567222
-0.058711518594372826
-0.058352444440738734
-0.058150687684668335
-0.058050085353994904
-0.058016100398460856
-0.058026809115781286
-0.05806787504358173
-0.058129669731231674
-0.0582055746221531
-0.058290949667550586
-0.05838248874993983
-0.0584778057827753
-0.058575162126359666
-0.058673282838312406
-0.058771230148771586
-0.058868314651185305
-0.05896403188486152
-0.059058016350758406
-0.059150007713316924
-0.059239825661130424
-0.05932735101180138
-0.0594125113806119
-0.059495270225079645
-0.05957561841408602
-0.05965356770279262
-0.05972914565935404
-0.05980239170548409
-0.05987335401795204
-0.059942087099177165
-0.060008649870785594
-0.06007310417790034
-0.06013551361708457
-0.06019594262035767
-0.06025445574210867
-0.060311117107942624
-0.06036598999162775
-0.06041913649483259
-0.14324508212629466
-0.1326537800299516
-0.12497203178982523
-0.1207537179005716
-0.1199161750598938
-0.18991521344483403
-0.19342408497074712
-0.09109372891829283
-0.07563033656637005
-0.06413959297828133
-0.05579946371525415
-0.04976616633182456
-0.045361406134444816
-0.042098624222501636
-0.039644731294995426
-0.037774022052376975
-0.03633219168232879
-0.0352118363765084
-0.03433658780850874
-0.03365096745093774
-0.033113859688333844
-0.03269424706204957
-0.0323683665218154
-0.032117770857534304
-0.03192797767653144
-0.03178750789629723
-0.0316871881538712
-0.031619635883883244
-0.03157887339766495
-0.03156003476220153
-0.03155914055756808
-0.03157292302632439
-0.03159868912530681
-0.0316342124166624
-0.031677647126529186
-0.0317274593956205
-0.03178237197070333
-0.03184131947852442
-0.03190341208669243
-0.03196790584866433
-0.03203417840601309
-0.03210170900442067
-0.03217006199955337
-0.03223887319841426
-0.032307838513317914
-0.032376704509412026
-0.03244526050775644
-0.03251333197124293
-0.03258077495107764
-0.03264747141280975
-0.1509741077035278
-0.14067967731942735
-0.13174460058351473
-0.1245053070454298
-0.11993607870124026
-0.1185359931678492
-0.11984126472973985
-0.11506348082759767
-0.09514507855456171
-0.07907272251010078
-0.06643577603999626
-0.05656208463699134
-0.048780898244955205
-0.04254608267388721
-0.0374533259755094
-0.03321477567412345
-0.029627273049085585
-0.026546397086457015
-0.02386793568284941
-0.02151532076081631
-0.01943124322267864
-0.017572052582540944
-0.01590398260802978
-0.01440057571059911
-0.013040902531853317
-0.01180831753416593
-0.010689583015074213
-0.009674251699561605
-0.008754233884268105
-0.007923496002811562
-0.007177846902886487
-0.00651476721768719
-0.00593322624733397
-0.005433412263841238
-0.0050162868262414225
-0.004682887549806344
-0.004433384840020559
-0.004266061109663236
-0.004176553246663517
-0.004157715112403499
-0.004200214158275938
-0.004293617664758108
-0.0044275346214541645
-0.004592470764588093
-0.004780282420781163
-0.004984292631213541
-0.005199196953573371
-0.005420872292907047
-0.00564616248928234
-0.005872678838445828
0.324036806808834
0.13824534491471532
0.1293834402461005
0.12284924711179797
0.11838023767943631
0.1158438469521918
0.11567194765609658
0.11803532058920531
0.19069336986093322
0.10364211429187437
0.08874472547916538
0.07691570398809583
0.06758286240261804
0.06018171544530024
0.05424701809215886
0.0494260154096809
0.04546019564681703
0.04216147075548288
0.03939200590886554
0.03704932096694088
0.03505586038735259
0.03335182694305289
0.03189026716401672
0.030633678203100458
0.029551638677560742
0.028619131786638045
0.027815340494852077
0.027122768016378737
0.026526585020935776
0.026014136739268043
0.025574564248622197
0.025198508382932187
0.024877874301136787
0.024605641297035703
0.024375706929669325
0.02418275765996283
0.024022160332012096
0.023889870336637305
0.02378235334538692
0.023696518243386016
0.023629659418399483
0.023579406944487635
0.0235436834802985
0.02352066691278304
0.023508757938244
0.023506551901320304
0.023512814312997277
0.02352645955342821
0.023546532334211875
0.02357219155362558
0.32565496366907326
0.3256619934119062
0.12551001678603557
0.11748229607588043
0.11220020872657957
0.10982767082099117
0.11016317569781375
0.11281342894432247
0.16387220991956442
0.19246081172769133
0.19455043796885427
0.10350893981754548
0.09331789275539774
0.08532077082501276
0.0790425082453429
0.07408220229060081
0.070128000427715
0.06694561109893442
0.06436083387776781
0.06224385244362675
0.060497102441089606
0.059046439084416105
0.05783484449304146
0.05681796077787578
0.055960901935480284
0.05523595580227554
0.05462090777329003
0.05409780271747438
0.053652019242924946
0.05327156937690846
0.05294656296627422
0.052668793911846756
0.05243141755741387
0.0522286970126591
0.05205580212605095
0.051908649039952105
0.051783771290123765
0.051678215615928065
0.05158945726652654
0.0515153307913238
0.05145397320407173
0.051403777091778194
0.0513633517592236
0.05133149089888549
0.05130714558539209
0.05128940163363361
0.05127746054868494
0.0512706234430926
0.051268277416683286
0.051269883985296666
0.3305119663664875
0.32868166066096505
0.32973450571594504
0.11509694383911437
0.10813944917863548
0.10398605098870568
0.10313122232457801
0.10587298562514201
0.145574649561735
0.15865517625555198
0.19527425693156014
0.19810143646055367
0.121879982083748
0.11336693837277069
0.10667897643164963
0.10144042786933959
0.0973218155363767
0.09406058296941967
0.09145627435244036
0.08935838298541181
0.08765425114105256
0.0862592087428439
0.08510913276411627
0.08415501013188999
0.0833590092886159
0.08269164400467952
0.08212971603245492
0.08165481135134313
0.08125219113807489
0.08090996603483039
0.08061847543683336
0.08036981650643882
0.08015748356408368
0.07997608960791928
0.07982114950091627
0.079688909867565
0.07957621466608024
0.07948039822628958
0.07939919959136678
0.07933069350250922
0.07927323447312398
0.07922541122374464
0.07918600936744598
0.07915398070299813
0.07912841782931211
0.07910853306664128
0.07909364088139041
0.07908314317404452
0.07907651691704679
0.07907330373026106
0.33859759648444937
0.3350253936579032
0.3343957091498818
0.3366671047109067
0.1086787941399758
0.10321128322877784
0.10033291866345327
0.10070931928583898
0.10514751898053336
0.1437704343210713
0.1553843357522843
0.19859850139550467
0.20183090777392407
0.2106541298544303
0.1356125198549147
0.1300083684946695
0.12559425665630303
0.12211540179532364
0.11935990878303936
0.11716190842673786
0.11539489087223742
0.11396322067196349
0.11279459742786775
0.11183409902353243
0.11103970203855738
0.1103789828636131
0.10982670519740323
0.10936305499963096
0.10897234334596179
0.10864204677186176
0.10836209174235147
0.10812431670216968
0.10792206421497985
0.10774986914837063
0.10760321834957687
0.10747836397075722
0.10737217738115884
0.10728203402557242
0.10720572205749739
0.1071413693707976
0.10708738496878192
0.10704241158020888
0.10700528715421845
0.10697501340694629
0.1069507300009996
0.10693169324940364
0.10691725847213387
0.10690686531665208
0.10690002549514309
0.10689631250030962
0.3496494634822943
0.34448194470323745
0.3423096190109129
0.34314173493894656
0.3468563148993333
0.10755601822400569
0.1038930329824704
0.1023036287683426
0.10346870920648037
0.14398170831271112
0.14489470720925457
0.15490575934541287
0.20248516583256407
0.20557487168763866
0.21450809804931015
0.22788847188770917
0.15449380393553477
0.15072375315567785
0.14773325506414878
0.14535624106350703
0.1434572027216232
0.14193023278699604
0.14069400652116826
0.13968639771143096
0.1388598815097481
0.13817792606477924
0.13761226233354312
0.13714085045955177
0.1367463725320391
0.13641511455597913
0.1361361337383381
0.13590063461013616
0.13570149838831888
0.13553292532336614
0.13539016086495442
0.13526928443449932
0.13516704529744675
0.1350807341280534
0.13500808181798304
0.13494717922763222
0.13489641314735892
0.13485441488959626
0.1348200187851461
0.134792228494573
0.13477018952143568
0.13475316667589426
0.1347405255104307
0.13473171695935168
0.1347262645753657
0.13472375388085212
0.3633219631310343
0.3567264999730892
0.35315753920622206
0.3526749866567292
0.35519812420902336
0.3604950672986151
0.11223157403947993
0.11035620256065681
0.10974389325737874
0.11089108085091091
0.14879908241363843
0.15054140467004856
0.1603889966722937
0.2095098302585465
0.20986149031841692
0.21824085150327885
0.23156880623257714
0.2483374488071304
0.17645167936084227
0.1738448905181902
0.17176198391052253
0.17009344472052437
0.1687505128966857
0.16766356457408693
0.16677867715917738
0.166054216535858
0.1654579732669282
0.16496491267973606
0.16455545818927347
0.1642141977593554
0.16392891294149226
0.16368984935323963
0.16348916653445583
0.16332052089354362
0.16317874760911813
0.16305961641499472
0.1629596428469244
0.1628759413736605
0.16280611036186982
0.16274814139430288
0.16270034734015607
0.16266130495692363
0.16262980882508948
0.16260483417350652
0.16258550672190866
0.1625710780924707
0.16256090566568235
0.1625544360012051
0.1625511911333207
0.16255075719471762
0.37924754894140544
0.37140159202488016
0.3665833385273634
0.36489182489881666
0.366284435855761
0.37056560968480906
0.3773909704293324
0.12222515648163983
0.12176030076722266
0.12146126207348787
0.16274707386416315
0.15747937684685287
0.1620234452462072
0.030440287025103405
0.22643146601115596
0.22138333350778566
0.22280209563805561
0.2351316215339245
0.25177993074266464
0.27107387016601625
0.20027932446560498
0.1984334583917813
0.19694965842338383
0.19575386577830367
0.19478618724051108
0.19399941405200918
0.1933566837479766
0.19282926104633016
0.1923946941116084
0.19203536237756383
0.19173735977361184
0.1914896445646338
0.19128339406159894
0.19111151430668694
0.19096826624529892
0.190848979353891
0.1907498310523719
0.19066767578377444
0.19059991177233188
0.19054437652107298
0.1904992643557064
0.1904630609820227
0.1904344912490535
0.1904124772238275
0.19039610436382987
0.1903845940833742
0.19037728139746604
0.19037359661760286
0.19037305029836066
0.19037522080388933
0.39707204068348245
0.38815328539737337
0.3822358226493411
0.3794398756626082
0.37974755632109547
0.3829976730136694
0.3888955363268243
0.3970160719686376
0.13643767725402844
0.13676146950737295
0.13569357278943273
0.1721926821175957
0.17081958453081375
0.1782610568759604
0.2524104254072774
0.24835622486396308
0.24382527885150468
0.2397548518977847
0.2400872983714325
0.2551398160565808
0.2742962605828981
0.29549453897685685
0.22528964085095352
0.223959046611684
0.22288485285482687
0.22201572083542237
0.2213101306249332
0.2207351929014933
0.2202650374797106
0.2198793295778022
0.21956204493183956
0.21930050240083748
0.21908461487364062
0.21890631397510293
0.21875910921068326
0.21863774971555436
0.2185379638929083
0.2184562581264067
0.21838976037808533
0.2183360980061342
0.2182933017855179
0.21825973009157534
0.21823400868109832
0.21821498260346425
0.21820167759712952
0.21819326894280647
0.21818905621035206
0.21818844268679913
0.2181909185427087
0.2181960469971067
0.41647547891923936
0.40665225521252213
0.3997850853647383
0.3959974555063523
0.39527937457654705
0.3974927411544083
0.4023905017617593
0.40962562456650864
0.41872296893725824
0.15365708430258904
0.1539213462722804
0.19319750815542247
0.18573486722875718
0.1881715457590372
0.19757479847423212
0.27434918120385354
0.2718292701077561
0.2682638875247995
0.2646115427555919
0.2614277838645801
0.26079136456721097
0.27746705448798786
0.29853451362734773
0.32119026259234174
0.25108072163202855
0.2501100538026507
0.24932457890475
0.24868794791333773
0.24817072261651152
0.24774947053513308
0.2474056392735153
0.24712454053684846
0.2468945145704753
0.24670626833426104
0.2465523598917409
0.24642679939387138
0.2463247407622229
0.24624224312131218
0.24617608563016455
0.24612362317099917
0.24608267335431694
0.2460514276050136
0.2460283808390616
0.24601227555929214
0.246002057187517
0.24599683819719773
0.24599586917342892
0.24599851535221456
0.24600423751567285
0.246012576366502
0.4371815716777508
0.426605802609964
0.418931609798375
0.4142717134827371
0.4126089091773066
0.4138138892020941
0.41767523299380244
0.4239152944702003
0.4321716338609781
0.4419124039527192
0.17279175950239986
0.17165284889583426
0.20545500484772353
0.20331300576640188
0.2082960755769154
0.21891044344246888
0.2974891530401654
0.29616509638871763
0.29340881958139076
0.29029932219110294
0.28739599210389705
0.28495289394448725
0.2840103857307298
0.30154338829597993
0.3240846421886375
0.27828675063311575
0.2774074621172498
0.27669483828979047
0.27611808407516625
0.27565100959567757
0.275272354726425
0.27496511671467105
0.274715754708819
0.2745134804963735
0.27434967609703564
0.2742174309646178
0.27411117940544394
0.2740264180733708
0.27395948607656134
0.27390739355784577
0.27386768766185554
0.27383834733025636
0.2738177003648509
0.2738043577436933
0.2737971613543391
0.2737951422074746
0.27379748687124716
0.27380351038595585
0.27381263430959746
0.2738243688446569
0.4589589437459024
0.44776263568768243
0.43941166079232774
0.43399893753397406
0.43148917891380933
0.43174893294670724
0.43458718974620636
0.4397784076449429
0.4470520702510805
0.456034122303861
0.46607214050732754
0.19278670173343831
0.22914292887228188
0.22213032505990032
0.22378485625669703
0.23025995243295908
0.24165576428452376
0.3214947496669808
0.32110432173623726
0.31900303451587464
0.3163596320206416
0.3137822719923937
0.3115214305560677
0.30966785244299844
0.30880017094800544
0.3269597100367397
0.35065249557819095
0.3047609540273326
0.30411391688227996
0.3035903019442434
0.303167596009681
0.3028266531352829
0.30255188556398793
0.3023307703516654
0.302153281567949
0.3020113872932625
0.3018986364340792
0.30180982920094435
0.30174075755987717
0.30168800174766025
0.30164877083886016
0.30162077762740336
0.30160214015233544
0.30159130391093797
0.3015869801623923
0.3015880967836964
0.3015937589516478
0.3016032175480684
0.3016158436602839
0.30163110791425346
0.48161758979573843
0.4699123245179973
0.4609990809717611
0.45494633046240956
0.4516944399741121
0.45109642788619847
0.45296771795837115
0.4571158045289818
0.4633369683752171
0.47137502159913186
0.48081210010093506
0.21224404525263627
0.21221380541075327
0.2434088355956094
0.2423288165257452
0.24611151241020385
0.2534856890019354
0.2654296442645954
0.34615803104385845
0.346499603352975
0.3449288915198877
0.3426753507230101
0.3403848715181807
0.3383301699995522
0.3365963486127362
0.33520015696249655
0.33452062185479886
0.3534187749663459
0.3780229478725036
0.33157199630573037
0.33109700154141264
0.33071429489428705
0.3304072365270388
0.3301616585281408
0.3299659883715652
0.3298108887863259
0.32968884880866406
0.3295938223206138
0.32952093057320087
0.3294662239877128
0.32942649356372256
0.3293991221678092
0.32938196731372626
0.32937326861444743
0.3293715745102349
0.329375684057438
0.3293846005061392
0.3293974941304381
0.32941367234584845
0.3294325555868526
0.5050032249223819
0.49288156663199667
0.4835039357562493
0.47691288357462214
0.47302194176723666
0.4716651492539865
0.4726538789515297
0.47581191024324226
0.4809784000917453
0.48797889144581663
0.4965537002354045
0.5061627543883245
0.23386017925894964
0.2673072437082725
0.26238229308019134
0.2646996124240038
0.2696507065042746
0.2776157708285788
0.2899796106388573
0.37133513807888757
0.3722521537676888
0.3711133649946502
0.3691864353094731
0.36714280934178567
0.3652737622382556
0.3636760136315465
0.3623602016017997
0.3613145638471423
0.36083448202777024
0.3807013808936385
0.40603582334600113
0.35863191220643165
0.35828628376977434
0.3580101722595826
0.3577911600918567
0.35761865469497744
0.3574839747909283
0.3573800877672142
0.3573013126770544
0.35724305752470953
0.357201602396825
0.35717392505232753
0.35715756213319455
0.3571504991277713
0.3571510831532034
0.35715795371386583
0.3571699875859058
0.3571862548032397
0.35720598338435955
0.3572285309575002
0.5289912280003647
0.5165290554734138
0.5067690590093127
0.4997283841773956
0.49529382200106553
0.49327824712872376
0.49348242993084596
0.4957338997568231
0.4998949128745402
0.5058427093869827
0.5134204861361417
0.5223243988267915
0.531713344713424
0.2541768367276457
0.2833804814749535
0.28437160916349485
0.2883812304673707
0.29402565786437285
0.3024191740614724
0.3151308541473365
0.396920945913777
0.39829065407358516
0.39750532832139945
0.3958536991532639
0.3940228102907868
0.39231732158465044
0.3908446879314831
0.38962209631578004
0.38863161835180166
0.38785354971260083
0.3875604628187659
0.40864338012416324
0.4345698746221591
0.3858793864812342
0.38563226304852877
0.385437775689088
0.3852865794657452
0.3851706856880687
0.3850835255504837
0.38501975827256674
0.38497505370413276
0.38494589946330376
0.3849294411090249
0.3849233530147304
0.38492573510277983
0.3849350305497604
0.3849499602203299
0.38496947035002216
0.3849926906962777
0.38501890096188246
0.5534810482927658
0.5407401390150096
0.5306656172884188
0.5232508199034743
0.5183574046799475
0.5157771485784256
0.5152969863946344
0.5167400830439322
0.5199772979050201
0.5249143598491497
0.5314575386117678
0.5394435820565554
0.548444614282649
0.5568370060850174
0.3061758021131496
0.3041942870529846
0.308008328975091
0.31290732046077335
0.3190060833736796
0.32773992936246554
0.34075828142150755
0.42283619977760095
0.4245615529557505
0.4240668804431796
0.4226489053948126
0.4210024618964922
0.4194411511412034
0.4180808927170303
0.41694561595483653
0.41602114248976013
0.41528167258574283
0.4147079691945346
0.41459828459757214
0.4371200413868703
0.46353191658787796
0.41327062413023047
0.41309930156799674
0.41296795377169665
0.412869496862393
0.41279786174705485
0.41274804263598935
0.4127159564091957
0.41269828230214434
0.412692319053936
0.41269586598854685
0.41270712648521213
0.4127246304053726
0.41274717197047545
0.4127737600293201
0.4128035781885454
0.5783914155341731
0.565421906193255
0.5550885276571017
0.5473628864051105
0.5420838431605304
0.539023464347103
0.5379539621276472
0.5386896892633992
0.5411006621527666
0.5451045968957795
0.5506425733815834
0.557633225033539
0.5658669705325847
0.574607134295126
0.5799112184160455
0.3240391490133011
0.3274927089054394
0.3326003895712795
0.338016814095272
0.34444329971115567
0.35346873927374606
0.3667699776295583
0.4490199016146448
0.45102363386343775
0.4507689862240587
0.44955067396050374
0.44806525636137556
0.44663170061041535
0.44537229409231843
0.44431670332014644
0.443455099389687
0.4427637660910495
0.44221747437343284
0.44180038844917624
0.4419144078992294
0.46603529238032454
0.4928493240213823
0.4407736806418785
0.440661205762813
0.4405791120143464
0.44052199634945033
0.44048522012692237
0.44046494680990095
0.4404580384374474
0.44046193657037513
0.44047455562370885
0.4404941936332106
0.44051945947488474
0.44054921410042297
0.4405825232590127
0.6036564070866065
0.5904989612341734
0.5799522169562789
0.5719682495341054
0.5663656856992256
0.5628989000627016
0.5613259300016679
0.5614504774336434
0.5631363302985275
0.5663025126629064
0.5709056944332266
0.5769090974085103
0.5842205767450176
0.5925074787235809
0.6001850161590411
0.6310202662899732
0.3463571379691517
0.3520382610506467
0.3578040901696062
0.36355252211232786
0.37023651758360954
0.379526604945958
0.39309688240469254
0.47542437524364717
0.4776446054293822
0.4775889072623752
0.47654232877646024
0.4751984637550945
0.47387881316759267
0.4727102860577825
0.4717272458062266
0.47092379252577643
0.4702790296410871
0.46976878741921135
0.4693713231817809
0.4690748398867355
0.4696234751479984
0.4953142006675516
0.4684584109482654
0.4683648274037245
0.4682983758120197
0.46825497128880705
0.46823047195227535
0.4682213153819979
0.4682245482314058
0.468237749652566
0.4682589422968077
0.46828651208072347
0.4683191407180878
0.46835575042819794
