[57.09425354]
[56.90627217]
[62.04573445]
[55.31141263]
[56.43507385]
[60.27996826]
[61.55374145]
[58.87701633]
[58.3190918]
[63.38235855]
[57.02210999]
[58.60377502]
[61.03606796]
[51.00585938]
[62.9047966]
[63.46975706]
[60.37335277]
[64.41210938]
[63.6568222]
[64.86266327]
[57.09983253]
[56.9115167]
[65.1519928]
[55.31369019]
[62.04860151]
[65.898561]
[64.39704895]
[57.18535405]
[67.30242991]
[65.90789795]
[62.32452393]
[62.34705449]
[60.65294981]
[65.01855496]
[68.90247311]
[67.49121094]
[59.06929779]
[59.80485535]
[64.88021851]
[58.86547852]
[62.33019501]
[63.83203125]
[55.68736303]
[55.49731636]
[55.51417353]
[64.69042978]
[65.79492331]
[63.04000854]
[56.99101639]
[54.93713629]
[58.41337967]
[60.83935547]
[63.94042969]
[58.42717114]
[67.30755472]
[61.9536438]
[58.4980545]
[62.44577408]
[56.99851222]
[58.39682007]
[62.99624634]
[64.97303152]
[74.95605469]
[62.159729]
[69.18786621]
[64.50249481]
[59.90599823]
[61.43797302]
[66.2880249]
[59.90750867]
[64.85640317]
[64.95033708]
[61.31698608]
[57.10002138]
[64.42137873]
[62.42541504]
[66.18461895]
[57.0040741]
[63.18457031]
[68.91416931]
[62.4302702]
[64.49313211]
[60.85661314]
[60.6533432]
[65.99075317]
[67.87811279]
[59.89691162]
[62.42702866]
[59.34967804]
[51.19189449]
[62.90161943]
[54.09328079]
[54.19326782]
[68.78669357]
[67.50263214]
[58.86383066]
[56.61946106]
[59.15651894]
[63.25781563]
[68.99248981]
