1
1
1
1
1
1
1
1
1
1
1
1
1
1
0.35999999999999055
0.5699999999999923
0.7199999999999935
0.8399999999999945
0.9599999999999955
1.0499999999999963
1.139999999999997
1.2299999999999978
1
1
1
1
1
1
1
1
1
1
1
1
1
1
1
1
1
1
1
1
1
1
1
1
1
1
1
1
1
1
1
1
1
1
1
1
1
1
1
1
1
1
1
1
0.4499999999999913
0.5999999999999925
0.7499999999999938
0.8699999999999948
0.9599999999999955
1.0499999999999963
1.139999999999997
1
1
1
1
1
1
1
1
1
1
1
1
1
1
1
1
1
1
1
1
1
1
1
1
1
1
1
1
1
1
1
1
1
1
1
1
1
1
1
1
1
1
1
1
0.3299999999999903
0.5099999999999918
0.659999999999993
0.779999999999994
0.8699999999999948
0.9899999999999958
1.0499999999999963
1
1
1
1
1
1
1
1
1
1
1
1
1
1
1
1
1
1
1
1
1
1
1
1
1
1
1
1
1
1
1
1
1
1
1
1
1
1
1
1
1
1
1
1
1
0.3899999999999908
0.539999999999992
0.6899999999999933
0.779999999999994
0.899999999999995
0.9899999999999958
1
1
1
1
1
1
1
1
1
1
1
1
1
1
1
1
1
1
1
1
1
1
1
1
1
1
1
1
1
1
1
1
1
1
1
1
1
1
1
1
1
1
1
1
1
0.2699999999999898
0.4499999999999913
0.5699999999999923
0.6899999999999933
0.8099999999999943
0.899999999999995
0.9599999999999955
1
1
1
1
1
1
1
1
1
1
1
1
1
1
1
1
1
1
1
1
1
1
1
