0.7199999999999935
0.029999999999987814
0.029999999999987814
0.029999999999987814
1
1
1
1
1
1
1
1
1
1
1
1
1
1
1
1
1
1
1
1
1
1
1
1
1
1
1
1
1
1
1
1
1
1
1
1
1
1
1
1
1
1
1
1
1
1
1.3499999999999988
0.029999999999987814
0.029999999999987814
0.029999999999987814
0.029999999999987814
1
1
1
1
1
1
1
1
1
1
1
1
1
1
1
1
1
1
1
1
1
1
1
1
1
1
1
1
1
1
1
1
1
1
1
1
1
1
1
1
1
1
1
1
1
1.4399999999999995
1.3499999999999988
0.029999999999987814
0.029999999999987814
0.029999999999987814
0.029999999999987814
1
1
1
1
1
1
1
1
1
1
1
1
1
1
1
1
1
1
1
1
1
1
1
1
1
1
1
1
1
1
1
1
1
1
1
1
1
1
1
1
1
1
1
1
1.4699999999999998
1.4399999999999995
1.3499999999999988
0.029999999999987814
0.029999999999987814
0.029999999999987814
1
1
1
1
1
1
1
1
1
1
1
1
1
1
1
1
1
1
1
1
1
1
1
1
1
1
1
1
1
1
1
1
1
1
1
1
1
1
1
1
1
1
1
1
1.5
1.4699999999999998
1.4699999999999998
0.029999999999987814
0.029999999999987814
0.029999999999987814
0.029999999999987814
1
1
1
1
1
1
1
1
1
1
1
1
1
1
1
1
1
1
1
1
1
1
1
1
1
1
1
1
1
1
1
1
1
1
1
1
1
1
1
1
1
1
1
