1
1
1
1
1
1
1
1
0.5999999999999925
0.8399999999999945
0.9899999999999958
1.139999999999997
1.259999999999998
1.3499999999999988
1.4399999999999995
1.5
1
1
1
1
1
1
1
1
1
1
1
1
1
1
1
1
1
1
1
1
1
1
1
1
1
1
1
1
1
1
1
1
1
1
1
1
1
1
1
1
1
1
1
0.539999999999992
0.7499999999999938
0.9299999999999953
1.0499999999999963
1.1699999999999973
1.2899999999999983
1.3499999999999988
1.4399999999999995
1
1
1
1
1
1
1
1
1
1
1
1
1
1
1
1
1
1
1
1
1
1
1
1
1
1
1
1
1
1
1
1
1
1
1
1
1
1
1
1
1
1
1
1
0.659999999999993
0.8399999999999945
0.9899999999999958
1.1099999999999968
1.1999999999999975
1.2899999999999983
1.3499999999999988
1
1
1
1
1
1
1
1
1
1
1
1
1
1
1
1
1
1
1
1
1
1
1
1
1
1
1
1
1
1
1
1
1
1
1
1
1
1
1
1
1
1
1
1
0.5699999999999923
0.7499999999999938
0.899999999999995
1.019999999999996
1.1099999999999968
1.1999999999999975
1.2899999999999983
1
1
1
1
1
1
1
1
1
1
1
1
1
1
1
1
1
1
1
1
1
1
1
1
1
1
1
1
1
1
1
1
1
1
1
1
1
1
1
1
1
1
1
1
0.47999999999999154
0.659999999999993
0.8099999999999943
0.9299999999999953
1.0499999999999963
1.139999999999997
1.2299999999999978
1.2899999999999983
1
1
1
1
1
1
1
1
1
1
1
1
1
1
1
1
1
1
1
1
1
1
1
1
1
1
1
1
1
