1
1
1
1
1
1
1
1
1
1
1
1
1
1
1
1
1
1
1
1
1
1
0.3299999999999903
0.4499999999999913
0.5999999999999925
0.6899999999999933
0.8099999999999943
0.8699999999999948
1
1
1
1
1
1
1
1
1
1
1
1
1
1
1
1
1
1
1
1
1
1
1
1
1
1
1
1
1
1
1
1
1
1
1
1
1
1
1
1
1
1
1
1
1
1
0.35999999999999055
0.47999999999999154
0.5999999999999925
0.6899999999999933
0.779999999999994
0.8699999999999948
1
1
1
1
1
1
1
1
1
1
1
1
1
1
1
1
1
1
1
1
1
1
1
1
1
1
1
1
1
1
1
1
1
1
1
1
1
1
1
1
1
1
1
1
1
1
0.35999999999999055
0.47999999999999154
0.5999999999999925
0.6899999999999933
0.779999999999994
1
1
1
1
1
1
1
1
1
1
1
1
1
1
1
1
1
1
1
1
1
1
1
1
1
1
1
1
1
1
1
1
1
1
1
1
1
1
1
1
1
1
1
1
1
1
0.23999999999998956
0.35999999999999055
0.47999999999999154
0.5999999999999925
0.6899999999999933
0.7499999999999938
1
1
1
1
1
1
1
1
1
1
1
1
1
1
1
1
1
1
1
1
1
1
1
1
1
1
1
1
1
1
1
1
1
1
1
1
1
1
1
1
1
1
1
1
1
1
0.23999999999998956
0.35999999999999055
0.47999999999999154
0.5699999999999923
0.659999999999993
1
1
1
1
1
1
1
1
1
1
1
1
1
1
1
1
