1
1
1
1
1
1
1
1
1
1
1
1
1
1
0.00032413856798507723
0.00016173653247042452
0.0001905500780986502
0.0001410515675837054
0.0004464169030611309
0.0014379681173766201
0.0012931221370663382
0.0005116306338859289
1
1
1
1
1
1
1
1
1
1
1
1
1
1
1
1
1
1
1
1
1
1
1
1
1
1
1
1
1
1
1
1
1
1
1
1
1
1
1
1
1
1
1
1
0.0005330010451648493
0.00022624560776252078
0.0003704026441568864
0.0005152408300540534
0.00012635615163025804
5.7635076835871324e-05
4.709521126322613e-05
1
1
1
1
1
1
1
1
1
1
1
1
1
1
1
1
1
1
1
1
1
1
1
1
1
1
1
1
1
1
1
1
1
1
1
1
1
1
1
1
1
1
1
1
0.00011474513430398403
0.000273317851302024
0.0004030280878111192
0.00038095976611274285
0.000576130025502386
0.00048065288750553936
0.0009925800450435451
1
1
1
1
1
1
1
1
1
1
1
1
1
1
1
1
1
1
1
1
1
1
1
1
1
1
1
1
1
1
1
1
1
1
1
1
1
1
1
1
1
1
1
1
1
0.0008355569834701537
0.00033793480501276285
0.00048685302505013794
0.00012420585702355158
0.0005498203355777109
3.269247078074855e-05
1
1
1
1
1
1
1
1
1
1
1
1
1
1
1
1
1
1
1
1
1
1
1
1
1
1
1
1
1
1
1
1
1
1
1
1
1
1
1
1
1
1
1
1
1
0.000707315728419422
0.00014263622327748138
0.00025220837258022044
6.58501669206224e-05
0.00031835873008312365
0.0003128894067946364
0.0013147659111250043
1
1
1
1
1
1
1
1
1
1
1
1
1
1
1
1
1
1
1
1
1
1
1
