1
1
1
1
1
1
1
1
0.0004876561746907093
5.638817947717367e-05
0.0008589886922054646
0.0010644371041417244
0.0015565585973632556
0.0018705956006708213
0.0007138691881658499
0.0021192322000934682
1
1
1
1
1
1
1
1
1
1
1
1
1
1
1
1
1
1
1
1
1
1
1
1
1
1
1
1
1
1
1
1
1
1
1
1
1
1
1
1
1
1
1
0.0003702048289567772
0.000783873796763257
0.00023301328059266435
0.00042327717938706044
0.00016827053801082847
0.0007116791383786625
0.0014333400476802538
0.0005564700259756972
1
1
1
1
1
1
1
1
1
1
1
1
1
1
1
1
1
1
1
1
1
1
1
1
1
1
1
1
1
1
1
1
1
1
1
1
1
1
1
1
1
1
1
1
0.0002857771347105631
0.00011118098676909938
0.00144154222649584
0.0016094255100109756
0.000642238713726595
0.002304871572198941
0.0017093238285251777
1
1
1
1
1
1
1
1
1
1
1
1
1
1
1
1
1
1
1
1
1
1
1
1
1
1
1
1
1
1
1
1
1
1
1
1
1
1
1
1
1
1
1
1
0.0004474109122334369
0.0004931346940704184
0.0002495408937300825
0.0006343896555778272
0.0004660769480867577
0.0009879749763879175
0.0026037015215396586
1
1
1
1
1
1
1
1
1
1
1
1
1
1
1
1
1
1
1
1
1
1
1
1
1
1
1
1
1
1
1
1
1
1
1
1
1
1
1
1
1
1
1
1
0.00025498019379521786
0.0002552789931040689
0.0006931934787970384
0.0006812396178470514
0.000846651919513608
0.0016860133928191523
0.0006106300402192177
0.0015182681810421705
1
1
1
1
1
1
1
1
1
1
1
1
1
1
1
1
1
1
1
1
1
1
1
1
1
1
1
1
1
