1
1
1
0.0009582973661874661
0.0002261304553280441
0.0009182060584899121
0.001047688912521827
0.07106445225742197
0.20598730078905658
0.26669599032876035
0.13927642096360038
1
1
1
1
1
1
1
1
1
1
1
1
1
1
1
1
1
1
1
1
1
1
1
1
1
1
1
1
1
1
1
1
1
1
1
1
1
1
1
1
1
1
1
0.00011303989715771845
0.00019328741659341286
0.0016170688702707992
0.00043000291455375095
0.010828375441044535
0.12961514752874592
0.24606051396380835
0.12129819287235677
1
1
1
1
1
1
1
1
1
1
1
1
1
1
1
1
1
1
1
1
1
1
1
1
1
1
1
1
1
1
1
1
1
1
1
1
1
1
1
1
1
1
1
0.0005064543406740896
0.0006179218783564089
0.0009149109532491373
0.0010347380587452104
0.0006419265571003807
0.03877896649839285
0.16807313649953137
0.11243207464040539
1
1
1
1
1
1
1
1
1
1
1
1
1
1
1
1
1
1
1
1
1
1
1
1
1
1
1
1
1
1
1
1
1
1
1
1
1
1
1
1
1
1
1
0.00016789487251445134
2.549224463177513e-05
0.0005715248636826153
0.002054396121921709
0.0001113446329483736
0.001378729219804864
0.06558193170288606
0.11248728742000469
1
1
1
1
1
1
1
1
1
1
1
1
1
1
1
1
1
1
1
1
1
1
1
1
1
1
1
1
1
1
1
1
1
1
1
1
1
1
1
1
1
1
1
0.00030601824580001047
0.00010241568136792889
0.00027324622249302877
0.00020873080613403872
0.0014131374377848172
0.002048992979413633
0.0005989993168107333
0.08102965831158904
1
1
1
1
1
1
1
1
1
1
1
1
1
1
1
1
1
1
1
1
1
1
1
1
1
1
1
1
1
1
1
1
1
1
1
