0.20913841627390295
0.2133953458365352
0.21892046584599822
0.22415422075634894
0.2266799314585971
0.22413387137645868
0.21495944952384471
0.1987806937245029
0.18544149329648163
0.25140356314985
0.11738518269018472
0.08661481525704384
0.05828602730869581
0.03471345080558397
0.017534898338588567
0.007906927380700979
0.005999854154643103
0.011713675802233148
0.024525955246324727
0.04351249230297183
0.06821699133166326
0.09772432661139607
0.13143385523279605
0.1687507891738449
0.2096682414030926
0.25353499507397426
0.29971961565527194
0.3483248957458869
0.3989738296138874
0.3710500258947381
0.34133424830094894
0.32276658602224084
0.36172256332571584
0.318614295276641
0.3292360211946429
0.3445482419494299
0.3592553202982186
0.3670615132123194
0.3630117069035086
0.3455610882972271
0.31730420978163243
0.28303861142146425
0.24920872160609586
0.22048570093865894
0.20058880414292435
0.2729228731766675
0.18988107177366076
0.19639190482988622
0.20639385314083025
0.21624740681979282
0.21820174052362096
0.22015021834827575
0.22486872649331902
0.230417730492817
0.23356743292561966
0.23228824651551971
0.29041437969147177
0.2115363843554935
0.18768926177928935
0.1605977725881379
0.1306282899316813
0.10087397726857272
0.07419632411483723
0.05305480694255382
0.03922821769500895
0.08387738295708791
0.06439634336008537
0.0663744722866666
0.08521400900363452
0.08919313581366484
0.11829670100812673
0.15146492903074527
0.18788937474986123
0.22667097920380208
0.2671440559489888
0.3088081350150921
0.3510026746226481
0.3933862751664968
0.42264740853073124
0.3597219645828472
0.3007431104268814
0.24858827052136134
0.20883879514487502
0.2556641521912484
0.15962080528450673
0.15560374203449057
0.16260048837189023
0.17715264741577352
0.24458416514223624
0.2554798539793983
0.2624099823513477
0.21133337361035376
0.1951395701980395
0.17007208276093055
0.14166230054630624
0.16391761842309438
0.09049866009999463
0.0759972776801835
0.07013667416831115
0.07182262923583094
0.2315073544488223
0.2313841434020748
0.23483230918082965
0.239945277790944
0.24312583511343777
0.24283141730844682
0.2362365462163285
0.22355385056910393
0.2643527842233795
0.1769394654719324
0.14910303612575826
0.12191930362313497
0.09810483256990243
0.08057705895249911
0.07108769048962382
0.0702371125532324
0.07892621382428255
0.09473108656860185
0.11584755061254981
0.14385076042525358
0.17573481317812778
0.21108810428691416
0.24902029756998956
0.2889132061214015
0.3306171785748807
0.3734354561205182
0.41685126436941766
0.46042065640855634
0.5029404899195493
0.5032900993922468
0.3554622809972807
0.29795137412966954
0.23623413148446204
0.16948795732739907
0.12165749396328229
0.08572736622280142
0.06602159847932487
0.05457760091731623
0.05797668601398631
0.07037563166283078
0.09185875042082903
0.11299931963873622
0.11755035450673768
0.12070295973581646
0.11345375721894357
0.10292837018534118
0.07586418904804915
0.05327805401620811
0.03379704602632427
0.020060624552349582
0.24662339356723595
0.244850043168516
0.3197902076526523
0.3135178976519607
0.25450840908254635
0.2546462811985726
0.24922979095597741
0.2768984356876115
0.21868925700497044
0.19551471828181521
0.16980623745847723
0.16123976117901828
0.12473930008060563
0.11079671762330945
0.10516236313467542
0.10783268604037066
0.15986228845311246
0.137192202587068
0.16099101078056532
0.18863535535082687
0.2186432910341446
0.24994371999804055
0.3556007078405372
0.3133590895216678
0.4266505710288504
0.377310488826173
0.408942922659284
0.4396003106529681
0.45269935086902835
0.43676921972026883
0.39909080111078266
0.3494434587105696
0.293539225944057
0.23362112417901015
0.17508819028922917
0.12106274022156338
0.07503165992126504
0.039931260269728375
0.017462509266203186
0.04879733858515567
0.01088956262616525
0.022840155158423636
0.0399853672934416
0.05761024624012756
0.07112228550063315
0.1992998557900375
0.07445141606010619
0.06400242686346336
0.04861287428162753
0.03184355042748499
0.26185996103139186
0.2590386282142445
0.2600474935342908
0.2634885362529239
0.26667631824301874
0.2671012999070055
0.275148567227137
0.2598134901658542
0.2413537783661306
0.218048233183053
0.19114116191996722
0.1694775090801256
0.15176953535875037
0.14297563624870757
0.13772018599634261
0.15838091347566663
0.1699964360027234
0.17440175821213588
0.2469745427204071
0.22040918100489404
0.24335208128276253
0.3419051706523071
0.3642682428590043
0.29531451693945354
0.3064615615318852
0.31596802702597415
0.3605146668648016
0.3343228228732038
0.34299546723864227
0.428642817222628
0.34839161009667075
0.3375857422037172
0.378604129262469
0.27975320732448117
0.23639982469985021
0.18810874577500913
0.13888622887948243
0.09291383509243278
0.05392136906524103
0.02474939187120917
0.007217838704019486
0.0016172520433033188
0.288656950704955
0.019412318131693196
0.036143229281925926
0.052537960869877054
0.06492266139558733
0.07061211597749595
0.06884456074450429
0.061071098349938624
0.28449827428783736
0.2776636810853139
0.5450066628835378
0.5551229313157221
0.27876374580570207
0.2794851210251331
0.27568673707924174
0.2665175433812049
0.25190497820029556
0.2334839415422456
0.214364202365523
0.1923394520683399
0.1771540059229123
0.16860142056850547
0.16784716392500587
0.21416584894873314
0.24000799806508133
0.244223826047005
0.2993004935722926
0.3252543422968366
0.2550129910385912
0.2626076398733277
0.2636402678911737
0.2589638059240792
0.2506051700422234
0.24158249736224602
0.25060542860818524
0.23005851655474374
0.23116150746096498
0.4373110239770188
0.24601010501218712
0.2554319707462438
0.2616175396710847
0.26030604870849516
0.24856807770419853
0.2257665065329586
0.19372937148343272
0.16959479290655144
0.11701462334135504
0.08086505610540073
0.051259697769717505
0.030781183635820164
0.020758802036808577
0.02097322833812265
0.029491295267926154
0.04349324739587068
0.059374109297270605
0.07335874538471887
0.08793079616612742
0.08616038627194
0.2897343381456057
0.2861996655284602
0.2870098860737812
0.2905300385915581
0.2946549612454066
0.29688080632948133
0.28831390739487495
0.2884358859094057
0.2770878428344862
0.24985441960560073
0.23116260466705185
0.21404344280404053
0.20087396443852656
0.19413210655823643
0.19461554737467002
0.20192951633653056
0.2148739704749344
0.22995134681867557
0.24556798502466493
0.2559621345154419
0.2601262113634718
0.25587034873390935
0.24320673697550776
0.22395489814096758
0.2012949585071604
0.17835904758316534
0.16019026704891104
0.14419398561267405
0.13687201803227578
0.1374523825371471
0.14558509878965364
0.15974671966916476
0.177561809684031
0.19541166954481182
0.2091192619269736
0.2147022331616415
0.20950078775338388
0.21292251727529565
0.16871902682996465
0.13925427727092843
0.10929670951458292
0.08310580079529084
0.06340738036319848
0.05239155615687463
0.050281175475976214
0.05616024599925351
0.067743350342935
0.08202685408564248
0.0956405750028333
0.10601397211065111
0.30184035415161115
0.2977457571064295
0.3108566175076375
0.29894673824275353
0.301389811178024
0.302339419855981
0.31140369333939666
0.2929504324084278
0.28122832553000787
0.2659899499192513
0.24934405723999564
0.23393499058242428
0.2812442015801804
0.2173131837285458
0.21836170672471056
0.2259270775204093
0.23758970191204087
0.2507654596821548
0.2617851974577974
0.26696278841937215
0.26344446382368936
0.2499187980023334
0.2273711552353297
0.19838738990235605
0.16614848014142525
0.13444850893429106
0.10925698847834064
0.08423201051679174
0.06992818611201435
0.06445631505669969
0.06807392237373
0.08031433780294195
0.09983017460002463
0.12424471313413965
0.15022078207535683
0.1737088825738654
0.21166837493328328
0.19756300817622763
0.19355641140746727
0.17962359193501976
0.15897281910995864
0.13591838261403555
0.11426246389784822
0.09736614911334784
0.08746186041258497
0.08526045641275248
0.09002788528613315
0.10003075937497441
0.11259312862971937
0.12499788521634303
0.3127956294784692
0.3087121251080507
0.3077551492348969
0.30926965684176333
0.3115361784014382
0.31265046071140834
0.3107494143244709
0.3047409962487826
0.2943741185099047
0.28060370086013275
0.26573490537853406
0.2520605549001227
0.24215636562247478
0.23767874274541878
0.23953279605512656
0.2467742441958113
0.25744539962569335
0.2683662182696658
0.27590973912744965
0.2764172222346699
0.2670558617980081
0.24730311463409682
0.21844330292278735
0.18352000451218742
0.14610833954771396
0.10971424116226469
0.07719236934964147
0.05075616188902943
0.031913339218457515
0.02156589979324297
0.020393716045130406
0.028131416353683436
0.04454220151004962
0.06832099439981376
0.0972775972605382
0.13688891707994233
0.15756654404131842
0.1809540939862453
0.19506057513919317
0.19845103767515704
0.1917502564634681
0.1776618051633777
0.1601171612192399
0.14304857751915612
0.12960149865882453
0.1218746794054224
0.164074818560775
0.12552975925779797
0.13459205244262962
0.14587141986268404
0.3226043115298767
0.3187816219274924
0.31753291104230486
0.3188412821307125
0.32074967308286984
0.32208808270688194
0.32045501151711553
0.3152793283088826
0.30616151459571617
0.2940281092818665
0.28082247046744535
0.2685908033115727
0.2596964952654034
0.2560202148891426
0.2581052762437862
0.2683307434712494
0.27450971965749515
0.2835854569576485
0.2884979201325987
0.285223163678177
0.2719919566293647
0.24838157335084143
0.2161337827257166
0.17856555253981132
0.13913486974255918
0.10139536004196414
0.06781483060387816
0.04015505791538876
0.019474873757074462
0.006347581064047647
0.0012612132261697884
0.004379116467804645
0.015859551942582706
0.03540946583605853
0.06305635521639785
0.15377130936355354
0.12697026185709603
0.15872803226903598
0.18469746749259142
0.20180597635855002
0.20875689540608022
0.2057593193631092
0.19588956639813504
0.18257415627390317
0.17961524366585047
0.15929399337164996
0.15405226152229123
0.15507855045539798
0.15973520087073856
0.16854691820131917
0.4050315996628514
0.3274974785414889
0.3263589888650341
0.3273027960784469
0.3292322145058847
0.3312053550195073
0.4995043743331017
0.32511369401169243
0.4243350328893891
0.306222603125331
0.41523839941545426
0.2830338144837429
0.27546554004932344
0.2723267948224193
0.2743951120575623
0.28094394182514093
0.2893524354859289
0.2968287863436878
0.2994009113477304
0.4897914701642112
0.2782575995192923
0.25256088009332056
0.21914181391411414
0.18104447962054682
0.14219368686243716
0.10560587663727505
0.15983561766013532
0.04720521721004389
0.02711980813801007
0.01338915581212008
0.006055557898952735
0.005333307118025821
0.011807168203217033
0.025576814190567787
0.05570733992428867
0.07464570668877091
0.10704848922653498
0.14118285301757383
0.17260022004452846
0.19855154270235376
0.21555678140851597
0.22290410010361617
0.22159219500115435
0.2139119949172652
0.20340660700074642
0.1932274184373327
0.18627769473081912
0.1837124139575298
0.18566729722867503
0.1914623103467813
0.4712838346762511
0.3357455894530814
0.3343456888888564
0.3365262808143267
0.3368611928120486
0.3379499599465433
0.4074396507900615
0.33343727487360075
0.32637938119345233
0.31674101360902773
0.3061403188012116
0.2962520212960329
0.2893337583724571
0.28679120791853874
0.2888995556503182
0.56285256459624
0.30234108364445733
0.3084701024609531
0.30943402311480794
0.3025768240182837
0.28555867296783577
0.25935547813983173
0.22601697901476125
0.1890818810375574
0.15228823294981297
0.11855006112781974
0.0897256703037781
0.06661260431212013
0.04910624156299781
0.036580812749934744
0.02870372855205583
0.025353885135099063
0.02743428938675263
0.04640713929837936
0.0501196734982059
0.07196616570161007
0.09990513833995363
0.13178837150040257
0.16450985024832754
0.19441786759143953
0.21800772269434032
0.2331765891718669
0.23931811532905234
0.23768366292639487
0.2311736100109989
0.22280242598650657
0.2154095387005025
0.21088744092208989
0.2106557003864935
0.2142931911994881
0.34607383765367294
0.3428127086019348
0.34163158892911505
0.342284524691701
0.47363636770439577
0.3450272019823102
0.43185583434213326
0.34110941168278974
0.33507675228966405
0.4824614567693475
0.31687345077855655
0.30794620362233827
0.30174973302375707
0.2996017449313755
0.3016380235283942
0.3119167457411469
0.3137311141179919
0.3188087886818505
0.31872840494286625
0.31073685418292485
0.29363736998815526
0.2675451830524991
0.23559926809185006
0.2007225712408498
0.16720007929103764
0.13715604497863865
0.11269424090401281
0.09386281905907201
0.08011913053995323
0.07023664450816425
0.06321028423210096
0.0586173925332476
0.05697282131278425
0.05967269318964874
0.15735420000832345
0.08294052015819453
0.10481031005814889
0.13211550653714177
0.16254681319189024
0.19309866798899544
0.2198239901855793
0.2398552049876198
0.2671714382389605
0.2554754623823726
0.25306416262034703
0.24722747972089576
0.24064072069318931
0.2356554531238385
0.2336959011102191
0.235369315742736
0.3523044941609882
0.34916177809924054
0.348091624901385
0.3485642447616766
0.35009872862263813
0.3686388675492356
0.35070915313704576
0.34793758194118973
0.34271882497503614
0.3350190889399881
0.32644570714666477
0.3183703822837971
0.31282697946610427
0.3109900980012883
0.3128586710592789
0.31779766712440527
0.32370312582172167
0.32795141888270885
0.32712889661579736
0.3187563874399503
0.30160415008927255
0.276757164090619
0.24663990554898574
0.2145127849680124
0.18422577303812626
0.1585669750940305
0.1389087116696357
0.12508334915190622
0.1159614025112976
0.10975302916271856
0.10469059180354257
0.0998953581023938
0.09573977809942724
0.09951880911031097
0.09582815073792617
0.10393859898785818
0.1190474482893189
0.14062038578723846
0.16715030931408725
0.19582417497752136
0.2229800283388308
0.24547068785397153
0.26119607121965127
0.2691227762672579
0.27051096943684516
0.5870277656115317
0.2619577367470438
0.25733493041147937
0.2545400356212699
0.2547627769137263
0.35787260288484335
0.35495002695291267
0.35387885505374483
0.35417764111297345
0.3556205561809447
0.35647481050679963
0.3563631715587796
0.3541367794148187
0.34939826490514014
0.34277351842936543
0.33492535610413976
0.3277922809075733
0.32277445657427983
0.32106305334284113
0.3227077428937971
0.34646386667852036
0.33262283584860663
0.33610113232263283
0.3348192932920361
0.3264174628549563
0.30990370694581304
0.28629392695282263
0.25827681130072944
0.2292131270115686
0.2027368029821195
0.18138186063293948
0.16638863346296462
0.15775071250940387
0.1536180125377523
0.15152901818949815
0.1491994946016355
0.14509436008745058
0.13932255064776766
0.13350274900353598
0.3232291391521508
0.13171582927367464
0.14003614449848334
0.15544311362280538
0.17680376750857718
0.20224654899117267
0.2281646108964145
0.2513273695005276
0.27650557887112215
0.2801214573662628
0.28440330070030606
0.28358986630306027
0.2800616177116172
0.27579532396200324
0.2727569942589374
0.272151307875353
0.3627168038704123
0.360196529765376
0.3590102256873694
0.35941675784016736
0.36043465056785706
0.36146804939997945
0.36136832443834077
0.4562922119620275
0.3556005917222921
0.34936344160284505
0.34244924807837407
0.3360181044853393
0.3315485402205971
0.3299919464926129
0.3315495642059991
0.33559117409998285
0.34041881803172025
0.3433232327531822
0.3418416639771451
0.33356593724221506
0.3180040572887124
0.29592897411066277
0.2701544958707103
0.2440435392585636
0.22233566542642635
0.20390343846719317
0.193623892888102
0.18992749006238374
0.1908443432570982
0.1930580866169963
0.19397745372621
0.19124384605306088
0.18465623327336567
0.17570765431152413
0.1675706874102113
0.16329984324392366
0.16518107825963102
0.17448615404243095
0.19069430797653886
0.21194767636141276
0.23549646181885087
0.2580487889453229
0.27659155090021326
0.2894303227985564
0.2960963575652805
0.2970997753356859
0.29508894154759746
0.2915504027671083
0.2886902025829654
0.28744629970558255
0.36710736991056947
0.3649033618920662
0.3637274963020364
0.36392924537962124
0.36489083237172404
0.3657556470309121
0.36601769268163975
0.3643028968230244
0.3607235923549845
0.3555798859092798
0.3492560314199501
0.34365869724907994
0.33937869643757756
0.3379377581935705
0.3396452951681508
0.34324300805072716
0.34731603400896804
0.34986086238929825
0.34817943096409554
0.34030320843343786
0.3257313271941513
0.30539776964069676
0.2819785129034671
0.2587275076541117
0.2390066148371861
0.22573078792186752
0.2195783351269246
0.22041395907847394
0.2257879104100381
0.23273911786174195
0.23709211190409862
0.23620366956737127
0.2292329053809069
0.21795901846220866
0.205635156421609
0.19619687268155983
0.19219421261698566
0.1957471081227803
0.20684588825265293
0.22391877997608278
0.2445070803129895
0.2661602665381183
0.28405227246385145
0.2977384859970298
0.30571486638907
0.30867472190081624
0.3077289817869395
0.3051339529097199
0.30239356926652106
0.30104711099760184
0.3711430306865837
0.36900425936216574
0.36790899906095687
0.4374564962602805
0.3707466395748572
0.3696823442872067
0.3699533294580989
0.36857576253767255
0.3655234713383556
0.36078484875046235
0.3552705059087998
0.35006342278556224
0.3463492382427381
0.4651357533604187
0.34657707527780623
0.34963484114280763
0.35344611453701513
0.35567100511712857
0.3539495982015566
0.346625093720056
0.3333382513819193
0.3144658786244221
0.2932030381039026
0.2726241513027009
0.2571773228453592
0.24594216226422516
0.2435378270386901
0.24830902549535627
0.2583911363374085
0.26916285603906
0.2772989548069976
0.278661217079625
0.2720084645729208
0.3523891656624374
0.24277095935830095
0.2286762659730488
0.21981414290402523
0.2182602808107914
0.22441245013851963
0.23732349630216343
0.2547383253099895
0.28292364603883713
0.29149006738562744
0.30530299139922457
0.3142280918906939
0.31827511407894027
0.3185229358097744
0.3166389604315649
0.3142949817527576
0.31285508117967153
0.37449715808845774
0.3725437152536111
0.3716359340969909
0.3717199126245454
0.3724540995374708
0.37328968155500897
0.3734695787437623
0.3725242770965155
0.36967821722323246
0.36560838269904905
0.3605907831358972
0.3560279585985915
0.35248244186108213
0.3513243686932557
0.3524030792106343
0.3556218497592375
0.3588043730575894
0.3607984672234179
0.3591820172712581
0.3523478735264203
0.33999000330311435
0.32298900379390305
0.30382475487793437
0.2856724433057849
0.2757662589571612
0.26454420515271604
0.2653224647745527
0.27342214478023263
0.286807407695602
0.3020795181872391
0.3138928703168966
0.31776417231818166
0.3148075248922394
0.41076348756150693
0.2778289882457712
0.25989008253152934
0.24655190325902954
0.24066469730137263
0.24230478814076828
0.2514514906901071
0.2657562126886812
0.28253677213641315
0.29886464807149427
0.31246848651217163
0.32189260344138715
0.32669041253649944
0.3279013570224203
0.32669289062619156
0.32473239877868343
0.32319919753495485
0.3776909044066148
0.3757828551392527
0.3749678014451173
0.37497193184960176
0.375734041358718
0.3763684977925482
0.3766455644747796
0.3757275859764675
0.3735316077969183
0.3698542047474569
0.36535901873961163
0.36106893976524523
0.3580141999630184
0.35686910947095696
0.45803915600753253
0.3605518839755636
0.46928733896636443
0.47151753554378195
0.3638454330281642
0.35776951525698975
0.346277074400713
0.3308096591149795
0.31366860043468847
0.29787109433851766
0.2863300234254691
0.28136451422410924
0.28454337082238057
0.29542556571508205
0.3122130629383253
0.33075288954665283
0.34650103881994654
0.35324778234422916
0.35643804133710166
0.3309221161856488
0.30949048617235064
0.28827557423088945
0.2716426809147894
0.26176399216645074
0.25993725981887894
0.26562701863728644
0.2768447543927104
0.29147312682173065
0.3064728202454333
0.3193444842734434
0.3287372986965795
0.33413969265471233
0.3359200322707985
0.3351142312560498
0.3335663601161232
0.3321109523828183
0.3803679548733412
0.3788046451064945
0.37797842218854216
0.37799813980802355
0.3784893601331809
0.3791750835934804
0.37953445673662745
0.3787102347598472
0.37668303205270126
0.3734229516295763
0.36960486252479663
0.36589584720301593
0.36300851673980483
0.3751980111972777
0.3630268263704288
0.36517471481959896
0.3679339915955966
0.36943394207103886
0.368033531583873
0.36246979481964436
0.35235401597067784
0.33821877152183055
0.3228929783387817
0.30892362971301635
0.2993936768716431
0.2964875996196771
0.301540128206485
0.31454077567444894
0.33366225692734963
0.3553239622023001
0.3747223019352549
0.38476705954507806
0.37983664214908663
0.36185743574890217
0.3378843412932626
0.31420456850890766
0.29452468459585035
0.28160082068708625
0.27668631902084817
0.27935771130151743
0.28953537837820364
0.3003136000711677
0.3137547512824088
0.3259955535522092
0.335102638324164
0.34073133208995776
0.3429172547747793
0.342702153895622
0.34145133306434594
0.3401911819896336
0.3830821187425677
0.3814147776009392
0.38061386258409147
0.3806447735614029
0.3811455137653186
0.38175783182243406
0.3820060463338878
0.3813850370812809
0.3795748283220499
0.376817880223568
0.3733515583424095
0.369898710671111
0.36736955747327227
0.3664072849809934
0.36722173313918416
0.369322538641341
0.3717410481974519
0.3731474160730871
0.45612648768784314
0.3667998543014853
0.3574930487319089
0.34511606109398285
0.33119275480139765
0.319082902972212
0.31101004576907765
0.309841232973294
0.3164105745315996
0.3308407235978097
0.35165265508734267
0.37585466411347124
0.39882856298695457
0.4267994883062858
0.4085572106028039
0.3887868680266019
0.36262536562230985
0.33662637625629643
0.314958755960269
0.29974688186080667
0.2922970725930456
0.2924036251301513
0.30651312678548204
0.30906694276164426
0.32096041805043196
0.3322090628585095
0.3411866258232499
0.346426236046406
0.3489874166623421
0.34919428394569885
0.34809408456993496
0.3471385861444356
0.3851199899444777
0.3837588010160399
0.3830534812659031
0.3851849625195287
0.3833625266317018
0.38401353940593697
0.38430441450728825
0.3836779611775675
0.3821707555787984
0.3796748156037486
0.3766935625856961
0.3735780444268937
0.3713032873516008
0.37519387843407404
0.37107024354521123
0.3730750767509665
0.37523311760871125
0.3764297899328056
0.375243259759529
0.37065009173804064
0.3623538320852384
0.351021658919487
0.3387823133250072
0.3335935760125557
0.3215788459959896
0.32184785391230863
0.3292991781447496
0.34455774776625225
0.3665627979378555
0.3924288464776857
0.418291980311962
0.43654028402205125
0.43370331621936564
0.4117392134176765
0.38378066780241016
0.35617786445359356
0.3327918337045074
0.31591982229011495
0.3065444140898139
0.3143247548994864
0.30892654144636456
0.317550852481568
0.3278955932177967
0.3381286587389919
0.3464637763163121
0.351809553133672
0.3545067062826036
0.3549033984079436
0.3541992540628085
0.3531910742094875
0.3871124016014569
0.3859499884840282
0.3851361914909849
0.38588257937231374
0.4147376283061064
0.38609403607377235
0.38623091057752224
0.38580488907747834
0.42104435869389834
0.38233013416862194
0.3796416597712805
0.37700312936217106
0.3748419934070186
0.3762075135469898
0.37452246149368684
0.37621050883393503
0.3782466022222888
0.37935807014668277
0.444823893803467
0.3744717347464329
0.36671134998648913
0.3567630053807781
0.3457353476443591
0.33908024634761236
0.3310193302082226
0.3318921699524806
0.3401412068317008
0.3560228866135875
0.3786054222792231
0.4052911073885559
0.4332999913143587
0.4563232261098642
0.45534514416929117
0.43056076235232654
0.4012209090400287
0.37249552217775395
0.3482212895387138
0.3302833337657818
0.31941341092067677
0.3187951328605647
0.318380629227079
0.3252893679387794
0.33457137698142747
0.34370809435279703
0.351455247552412
0.3565278018737358
0.35922530582213397
0.3599790803413987
0.3595405383898599
0.358478445201843
0.38876786577299394
0.3877191539194318
0.41348265047272426
0.4150651315113292
0.3873070155818974
0.3878217159473317
0.38804591550121925
0.46240135581497344
0.3874588805289243
0.38463249408780276
0.41887180901605103
0.3798582101879209
0.3780095991095088
0.3778104071675964
0.37764331015044783
0.37923474780871547
0.38111402239632874
0.3819414455962724
0.38104713254489664
0.37732946364943243
0.4381194763346121
0.3617055869628848
0.3520977862329475
0.34391622332276595
0.37636884822225414
0.34103165046217954
0.34951279276097247
0.3654126113219579
0.38784777307089047
0.4149596990654246
0.44395863131610946
0.471140183742931
0.4728313637771703
0.4450389894765898
0.41455234091685755
0.38579567182370766
0.36114618633048023
0.3425202379306487
0.33077015222313033
0.3260560283120705
0.32702779480737143
0.3327832171824402
0.340736072540906
0.3489977250449787
0.35613739089326746
0.3610278360381448
0.3636612657481275
0.3643751935112216
0.36408635005396617
0.36337775556120433
0.3902417294455022
0.3894050772792068
0.38878257451615716
0.38876717072324585
0.3890213292284469
0.3894236379945386
0.3896573802080143
0.3893226508901958
0.4161128909046634
0.3867640896742234
0.38472427194441816
0.4176510578133401
0.38089928462771316
0.38014167866158544
0.4269645871949662
0.38170316407513616
0.383364978527161
0.3841966448527485
0.38338104012939767
0.3802181270505208
0.3742310868905727
0.435920165248204
0.35778274902413565
0.35074045449369184
0.34718811918203785
0.3490796058893302
0.3575166969929968
0.37328596157598803
0.39501718049533563
0.4215769085013119
0.4507651444435121
0.4954659129104264
0.48480145083881065
0.4552420355730792
0.4249121084257591
0.3963153503752592
0.37184132855653707
0.3530706680938168
0.3408578541588454
0.33586376335726587
0.335277887081856
0.33972149719360056
0.34662483646617637
0.35395847193643115
0.3604374570100025
0.36502329077029594
0.36760298164605776
0.3684072462971817
0.39817710165962905
0.3682930544877182
0.39173084011010617
0.39078780687611814
0.3903805020109473
0.39028042499498894
0.4124780886588152
0.413512339864082
0.39106305039578815
0.3908538302920249
0.3902042319473086
0.4138978390156096
0.38664007663652256
0.41540442917622544
0.41736950604458334
0.38274656769780135
0.38298389549873746
0.3840949006656149
0.3854931573002154
0.38631194430693105
0.38566184963484784
0.38275651688741286
0.3777658583991992
0.3704773457739041
0.3628976941923495
0.3566436547831233
0.35373280412893704
0.3560900959364789
0.3642578445880915
0.37932429193507367
0.40035730062515906
0.42592657034756987
0.45426818081136877
0.4831042078278228
0.4907240616109855
0.46155490462272675
0.4320739229248636
0.4045140588845908
0.38058247463828687
0.36210547355108036
0.3762559338985769
0.3433645896064432
0.3426657430856155
0.34624915460645345
0.3519116506234352
0.3584515564760913
0.3647664867950674
0.3686296271597367
0.37105765791758216
0.3718646422929949
0.3716672251318732
0.3750624603460919
0.392979469003784
0.4079955837365439
0.3917881649544047
0.39339214737917494
0.3919268130544097
0.3921387363666089
0.4121867738072972
0.39214645189988473
0.391411843044955
0.4121105727634038
0.41227387499754165
0.38687437647320555
0.4150870178549704
0.3848879939282982
0.4204446373089875
0.3861206607468567
0.387602144269553
0.38808798744657
0.38752736982268843
0.3849721549808456
0.380419948991795
0.37413585258547366
0.3675065537799027
0.36272632863033716
0.4161689367237833
0.3621106731438446
0.37007947479687364
0.3842912230708606
0.4041500319840059
0.4283044475009329
0.455144479295426
0.4826593454309237
0.49166082915936893
0.46454774233575624
0.43668598132594194
0.4104619033910173
0.38755671582049556
0.3693597514389827
0.3573219917379039
0.3507375492505602
0.349321016427953
0.35192168362899434
0.3569853074275593
0.4404108454930009
0.3680345995688006
0.37186674132164543
0.4353965888160517
0.4350047149617631
0.37495931688490547
0.3744572483981884
0.394118633196622
0.40668623321769193
0.4072706270091404
0.4083130317793373
0.39306036747539186
0.41002656192319353
0.39345893594660397
0.3933344603209916
0.3927332300610068
0.39162006523330706
0.3902335173772873
0.3887100535513952
0.38758000622896804
0.388968790162454
0.41775153589455594
0.3879844313904999
0.3890770903112767
0.38979448212606416
0.38932491072142206
0.38704290534343266
0.3830495594327382
0.4238989623627598
0.37161898377747005
0.36865234257790047
0.36486857590167765
0.36718817965935535
0.37486995648647503
0.3881458054819371
0.40674362900776917
0.42928236881399406
0.5236030327334742
0.5100875776607114
0.4898776452915957
0.46475720580245994
0.4391616182923074
0.41454603336396356
0.3929545472592858
0.3757534650137938
0.3637274669788074
0.35713535572446165
0.3552938208053267
0.4465338573077562
0.36156117486884753
0.366590944543597
0.3714114874559712
0.3749114185556415
0.37701690795743614
0.3778675523991286
0.377792989892588
0.39267939479516056
0.3950893731953864
0.39440415310987176
0.3940274940456715
0.40700731445854743
0.3940510096543052
0.39430761082774646
0.39446718356488863
0.3942812936558693
0.393930830783072
0.4088880249647189
0.409058971743368
0.4098236744169552
0.4110708264472208
0.39249437556189304
0.38894690036130786
0.3896430977150549
0.3906426765568163
0.3912358454573144
0.3908376847892301
0.38881740706768775
0.3853391696937086
0.38042294305839897
0.37528672274689256
0.4323034256184488
0.4437042259058399
0.3718407486071055
0.37899362787252355
0.3912804352062973
0.4083815473476561
0.429330659270987
0.45211837863379023
0.4751846472280413
0.4849080753995898
0.4631612611557192
0.4398680338190927
0.41718636711816137
0.39701944200575157
0.4638360291410686
0.36934702214041937
0.3629324388557075
0.3607948262617494
0.36212983709074587
0.365698648104374
0.4304006454078694
0.3743410682970909
0.3775572460090012
0.37954976056819223
0.4274588879460802
0.3827444883867137
0.4027424119057955
