420.0 0.011114235075617727
6570. 0.058500801085862975
4770. 0.04194324191027121
5850. 0.0526471858501818
1920. 0.021030202233209394
5580. 0.04717691798119894
2480. 0.02769773673159648
8820. 0.09209369074347507
6090. 0.0587067593933277
740.0 0.010983979918560038
7020. 0.06108775151740886
7200. 0.06956234499673286
340.0 0.008868689926515572
1420. 0.01790976420175383
2100. 0.04213382982830893
960.0 0.014686102885860919
880.0 0.012330020350958648
2080. 0.02225378936981315
220.0 0.010172760125257696
4170. 0.04991041419544473
1840. 0.019158896548105986
2140. 0.02275017986137584
9270. 0.09012994461217971
160.0 0.00739440785222456
3389. 0.0334719069660494
1720. 0.020237848152014237
660.0 0.014837978667920027
4800. 0.0444984572761129
1000. 0.011126472630039075
500.0 0.011948817339884954
1800. 0.018794677044297714
5700. 0.047434363849589545
3960. 0.03675841683424608
1540. 0.022323808398397205
2460. 0.02730546948859569
1500. 0.017671711032392068
200.0 0.008449164906579654
2640. 0.02785106409027094
6900. 0.07646713361742741
1860. 0.021043972468802963
4470. 0.0523510333235464
5790. 0.07043970052222903
1080. 0.01706037093411794
1040. 0.01793009334812723
2100. 0.0222000372009461
4380. 0.03782040007671128
5370. 0.05605653118693965
7110. 0.06875809480509076
700.0 0.013064680880731316
6690. 0.05798595953297081
1980. 0.018863860788542297
3630. 0.036331416955817986
4170. 0.03692946644895301
2880. 0.02773991626496297
450.0 0.010220033346485025
4170. 0.03530080996166873
9750. 0.09821922582533205
260.0 0.008126299335941667
1980. 0.02770904894173043
7440. 0.06924630090679784
7920. 0.1268698553554657
2320. 0.027728592840375654
1520. 0.01835071777306041
2920. 0.026544131002381732
2660. 0.023990915380949218
2380. 0.02547793631276818
1620. 0.021307257875690766
1660. 0.02024549644545459
1590. 0.01802017356686747
420.0 0.02073270610162581
360.0 0.009128996480768592
700.0 0.010024457393143393
5190. 0.045389469481278866
2580. 0.023470301155981588
3960. 0.03942291962042077
3960. 0.03852595482678112
2180. 0.027228008061882747
580.0 0.009241329016958844
1560. 0.017911131896113375
600.0 0.01194254577853826
1620. 0.02013310818114178
3060. 0.02829036146417252
4050. 0.04093303690737571
3930. 0.04260248603881678
1240. 0.018244245754914346
7560. 0.07277772457342735
260.0 0.00827408602802393
2200. 0.019508511484048086
2320. 0.021318202904552663
1620. 0.025919045905254734
5460. 0.04451734816524322
7170. 0.07025947361674412
360.0 0.008450162075888557
2560. 0.025897639472162837
2400. 0.025814662298529356
220.0 0.009064569331570738
1740. 0.020135054659789375
900.0 0.013399446124537917
1720. 0.020047521261403745
3640. 0.030061302486501518
1780. 0.02140255025167903
2580. 0.024136114344969428
3060. 0.19577914045913758
8880. 0.08775325600925044
540.0 0.010623487045990032
1980. 0.024154057919361094
5520. 0.0672993807371256
3210. 0.03170779720056771
1740. 0.02075137130981375
300.0 0.009938756005055893
3900. 0.042010716868247755
1280. 0.06216108592161618
10110 0.08838090816499289
640.0 0.011845350366399998
3000. 0.02706449462391447
940.0 0.03944721793726558
7410. 0.07362046391844501
4320. 0.047226542679737804
8790. 0.07963045426907911
440.0 0.01537087853702701
5280. 0.05505466256727232
7380. 0.11993463643804603
1000. 0.014123618289772821
4890. 0.04105500695538922
2500. 0.027237190673133682
4890. 0.0441886735982564
2400. 0.02439498138289764
520.0 0.011638101562709835
4380. 0.04332515060559672
1470. 0.021010850277434656
2080. 0.022885559459666638
2180. 0.02272881800917048
1680. 0.021853957126836576
1220. 0.01596741458655515
4260. 0.04048153254649378
3040. 0.02998313268540187
360.0 0.01101808042852781
3330. 0.035630257003333554
7740. 0.07002470648927783
3960. 0.04370023949638835
1760. 0.022705079365380243
2400. 0.018788103918950583
1560. 0.024337054636873745
2430. 0.024544392310531293
3400. 0.03449502137135596
8340. 0.08316364084788574
2060. 0.02234387114282299
7020. 0.06661718578021691
1620. 0.0628001950163366
2580. 0.02706551434459925
200.0 0.008457604518298467
1300. 0.017461574988317352
7950. 0.08085433374191098
2880. 0.03195456262250218
1040. 0.01689608946281851
4620. 0.04472678054736434
4680. 0.04670721905881692
1560. 0.021179706275120225
4080. 0.03229796818357045
2550. 0.026671289838816392
1290. 0.01576924507764943
4500. 0.04937045803632145
2610. 0.027331477889447342
2080. 0.022639448671270657
1770. 0.01645275917729805
1540. 0.01927093567275051
2600. 0.024570338776186418
960.0 0.014363188273762262
1560. 0.020668647175170918
3570. 0.03793701753915002
1540. 0.018797426779201487
2670. 0.027477690247792452
480.0 0.008089343112715142
7350. 0.058844442450947554
2140. 0.024922883771068882
5070. 0.03910773617076302
860.0 0.015185777379031151
280.0 0.007691838531400208
3160. 0.033759696946162876
2440. 0.026243704846081073
580.0 0.010560429786437453
2940. 0.027899917272407038
9960. 0.08340602221181825
4140. 0.04195244717101332
2180. 0.022494148731652786
2550. 0.02748411031456044
2850. 0.030012272430951725
1080. 0.021950237329406264
300.0 0.013298802544284172
1740. 0.025473121390803044
2600. 0.027662907719275154
7680. 0.07510093609141677
4230. 0.03778639820524177
1160. 0.02096747165370516
2980. 0.038805497894600194
3120. 0.026108570098642758
9210. 0.08921777252464835
4530. 0.04107122270607988
1820. 0.020082646506637047
4050. 0.028472312915255316
7380. 0.07334666423741965
1280. 0.015018484270626686
1180. 0.01762744407142236
7830. 0.06659696512207347
7590. 0.08062859116466825
2130. 0.022636428314797286
320.0 0.00834328262476447
1700. 0.018331009843166157
3360. 0.03620248763536438
11130 0.1060070615976656
3200. 0.03126580376573429
1460. 0.017082295068235
2460. 0.030958533642262864
6900. 0.0666082260840426
750.0 0.012454121548103103
1500. 0.020199189813695284
2440. 0.026811047742967276
680.0 0.011286190196926782
1300. 0.0165822278925134
2440. 0.02689557712756141
2280. 0.022474122040875955
2190. 0.025265794872780134
1300. 0.016309806404137817
320.0 0.010634395170256994
1620. 0.018087653088059596
440.0 0.01383458692481554
3300. 0.0349660552258797
4320. 0.040299357885373865
300.0 0.008432672645483308
2660. 0.028722233730150037
4260. 0.03600886343201637
2580. 0.028135515840062908
4710. 0.05810543170133542
220.0 0.008576315130710555
960.0 0.012924880527975802
7709. 0.06391563417315638
1800. 0.02087042016637497
1760. 0.01964275298684015
3260. 0.06081078582377586
2850. 0.029772261538710154
1290. 0.01956916787469254
4770. 0.06591878452138644
6840. 0.058685691147275065
1710. 0.021983341484656194
6000. 0.05207612526919547
2020. 0.03283255007124808
5250. 0.04264922544246019
1720. 0.020495407337421057
4200. 0.043226174835638176
2020. 0.019579300878319827
4800. 0.05215219149135919
4680. 0.03977145845976793
2420. 0.0251138258336141
1460. 0.022681588998807456
2420. 0.028507901755745024
2000. 0.03687129405295764
1260. 0.014051848293888725
6180. 0.06901537543751601
300.0 0.007362104902256306
3540. 0.03505563155817981
5070. 0.03515195618274447
2120. 0.023270744817125433
460.0 0.011347002257139138
6779. 0.05787602097518629
1440. 0.022715925620218513
580.0 0.011087932189184357
1740. 0.031520729396220304
3300. 0.032236811997108816
320.0 0.009140248652556693
2220. 0.025760935968719423
1040. 0.01976544475337505
5130. 0.050806846841283004
1280. 0.018080840849620472
3930. 0.045165533205477004
1260. 0.015536321993295132
5280. 0.047356974730405454
1380. 0.0238762382502955
1400. 0.01732517264656508
5550. 0.04933878249983081
1770. 0.020140088457196725
6600. 0.06716731012943455
580.0 0.009280220469690903
1980. 0.022945336841303288
6390. 0.05275297136131485
7620. 0.07261481566376915
1700. 0.02709104192126688
3480. 0.03684917222801687
5100. 0.04895106995513743
2500. 0.028517851946389783
280.0 0.008789266367671189
1400. 0.02176324093375115
2670. 0.024307778452339335
4290. 0.047420873954592935
7320. 0.0737477813655687
2820. 0.035865597801603144
2280. 0.025681548886836936
2760. 0.025550682006496572
6210. 0.06412881398284753
1400. 0.016252856280175365
880.0 0.01108512738699119
3360. 0.24155010594029136
7680. 0.3188327513622653
3120. 0.035694208831046126
2340. 0.027692728491615526
1520. 0.06184226508378288
7470. 0.07970919075103211
