420.0 0
6570. 33
4770. 24
5850. 30
1920. 0
5580. 27
2480. 0
8820. 66
6090. 27
740.0 0
7020. 24
7200. 33
340.0 0
1420. 0
2100. 0
960.0 0
880.0 0
2080. 0
220.0 0
4170. 18
1840. 0
2140. 0
9270. 36
160.0 0
3389. 9
1720. 0
660.0 3
4800. 30
1000. 0
500.0 0
1800. 0
5700. 30
3960. 21
1540. 0
2460. 18
1500. 0
200.0 0
2640. 0
6900. 42
1860. 6
4470. 18
5790. 24
1080. 6
1040. 0
2100. 0
4380. 21
5370. 33
7110. 48
700.0 0
6690. 30
1980. 0
3630. 21
4170. 12
2880. 0
450.0 0
4170. 15
9750. 42
260.0 0
1980. 12
7440. 39
7920. 42
2320. 0
1520. 0
2920. 0
2660. 0
2380. 0
1620. 9
1660. 0
1590. 3
420.0 0
360.0 0
700.0 0
5190. 18
2580. 9
3960. 24
3960. 21
2180. 0
580.0 0
1560. 0
600.0 0
1620. 0
3060. 0
4050. 15
3930. 27
1240. 0
7560. 45
260.0 0
2200. 0
2320. 0
1620. 0
5460. 21
7170. 54
360.0 0
2560. 0
2400. 0
220.0 0
1740. 6
900.0 0
1720. 0
3640. 0
1780. 0
2580. 12
3060. 9
8880. 48
540.0 0
1980. 9
5520. 42
3210. 21
1740. 9
300.0 0
3900. 21
1280. 0
10110 42
640.0 0
3000. 9
940.0 0
7410. 42
4320. 27
8790. 57
440.0 0
5280. 30
7380. 24
1000. 0
4890. 21
2500. 0
4890. 21
2400. 0
520.0 0
4380. 24
1470. 15
2080. 0
2180. 0
1680. 9
1220. 0
4260. 27
3040. 0
360.0 0
3330. 27
7740. 48
3960. 21
1760. 0
2400. 3
1560. 0
2430. 9
3400. 0
8340. 51
2060. 0
7020. 42
1620. 0
2580. 0
200.0 0
1300. 0
7950. 54
2880. 15
1040. 0
4620. 15
4680. 24
1560. 6
4080. 15
2550. 15
1290. 3
4500. 15
2610. 15
2080. 0
1770. 3
1540. 0
2600. 0
960.0 0
1560. 6
3570. 18
1540. 0
2670. 15
480.0 0
7350. 36
2140. 0
5070. 12
860.0 0
280.0 0
3160. 0
2440. 0
580.0 0
2940. 6
9960. 54
4140. 24
2180. 0
2550. 6
2850. 15
1080. 0
300.0 0
1740. 9
2600. 0
7680. 39
4230. 12
1160. 0
2980. 0
3120. 9
9210. 39
4530. 27
1820. 0
4050. 6
7380. 48
1280. 0
1180. 0
7830. 36
7590. 48
2130. 12
320.0 0
1700. 0
3360. 27
11130 63
3200. 0
1460. 0
2460. 9
6900. 36
750.0 0
1500. 9
2440. 0
680.0 0
1300. 0
2440. 0
2280. 9
2190. 12
1300. 0
320.0 0
1620. 0
440.0 0
3300. 9
4320. 12
300.0 0
2660. 0
4260. 18
2580. 9
4710. 36
220.0 0
960.0 0
7709. 30
1800. 0
1760. 0
3260. 0
2850. 12
1290. 9
4770. 18
6840. 33
1710. 15
6000. 24
2020. 0
5250. 18
1720. 0
4200. 18
2020. 0
4800. 12
4680. 15
2420. 0
1460. 0
2420. 0
2000. 0
1260. 0
6180. 27
300.0 0
3540. 12
5070. 6
2120. 0
460.0 0
6779. 27
1440. 0
580.0 0
1740. 0
3300. 21
320.0 0
2220. 0
1040. 0
5130. 21
1280. 0
3930. 24
1260. 0
5280. 15
1380. 0
1400. 0
5550. 33
1770. 9
6600. 45
580.0 0
1980. 15
6390. 33
7620. 27
1700. 0
3480. 21
5100. 24
2500. 0
280.0 0
1400. 0
2670. 9
4290. 30
7320. 39
2820. 0
2280. 6
2760. 0
6210. 33
1400. 0
880.0 0
3360. 21
7680. 39
3120. 15
2340. 0
1520. 0
7470. 54
