420.0 0.0
6570. 1.2
4770. 1.4
5850. 1.8
1920. 0.0
5580. 1.6
2480. 0.0
8820. 3.4
6090. 1.8
740.0 0.0
7020. 2.0
7200. 2.2
340.0 0.0
1420. 0.0
2100. 0.0
960.0 0.0
880.0 0.0
2080. 0.0
220.0 0.0
4170. 0.8
1840. 0.0
2140. 0.0
9270. 2.4
160.0 0.0
3390. 1.0
1720. 0.0
660.0 0.0
4800. 1.6
1000. 0.0
500.0 0.0
1800. 0.0
5700. 2.0
3960. 1.4
1540. 0.0
2460. 1.0
1500. 0.0
200.0 0.0
2640. 0.0
6900. 2.6
1860. 0.4
4470. 1.0
5790. 2.0
1080. 0.2
1040. 0.0
2100. 0.0
4380. 1.2
5370. 2.2
7110. 3.2
700.0 0.0
6690. 2.2
1980. 0.0
3630. 1.4
4170. 1.0
2880. 0.0
450.0 0.2
4170. 0.8
9750. 3.0
260.0 0.0
1980. 1.0
7440. 2.2
7920. 2.6
2320. 0.0
1520. 0.0
2920. 0.0
2660. 0.0
2380. 0.0
1620. 0.6
1660. 0.0
1590. 0.4
420.0 0.0
360.0 0.0
700.0 0.0
5190. 1.2
2580. 1.4
3960. 2.4
3960. 1.2
2180. 0.0
580.0 0.0
1560. 0.0
600.0 0.0
1620. 0.0
3060. 0.0
4050. 1.2
3930. 1.6
1240. 0.0
7560. 2.4
260.0 0.0
2200. 0.0
2320. 0.0
1620. 0.0
5460. 2.0
7170. 4.0
360.0 0.0
2560. 0.0
2400. 0.0
220.0 0.0
1740. 0.6
900.0 0.0
1720. 0.0
3640. 0.0
1780. 0.0
2580. 1.0
3060. 0.6
8880. 3.2
540.0 0.0
1980. 1.0
5520. 2.2
3210. 1.4
1740. 0.4
300.0 0.0
3900. 1.2
1280. 0.0
10110 3.2
640.0 0.0
3000. 0.2
940.0 0.0
7410. 3.0
4320. 1.6
8790. 3.4
440.0 0.0
5280. 1.4
7380. 1.4
1000. 0.0
4890. 1.6
2500. 0.0
4890. 1.2
2400. 0.0
520.0 0.0
4380. 1.6
1470. 0.2
2080. 0.0
2180. 0.0
1680. 0.4
1220. 0.0
4260. 1.6
3040. 0.0
360.0 0.0
3330. 2.0
7740. 3.2
3960. 2.0
1760. 0.0
2400. 0.4
1560. 0.0
2430. 1.0
3400. 0.0
8340. 3.0
2060. 0.0
7020. 2.8
1620. 0.0
2580. 0.0
200.0 0.0
1300. 0.0
7950. 4.0
2880. 1.2
1040. 0.0
4620. 1.4
4680. 1.8
1560. 0.6
4080. 2.2
2550. 0.4
1290. 0.8
4500. 1.2
2610. 1.2
2080. 0.0
1770. 1.0
1540. 0.0
2600. 0.0
960.0 0.0
1560. 0.2
3570. 1.6
1540. 0.0
2670. 1.0
480.0 0.0
7350. 2.8
2140. 0.0
5070. 1.0
860.0 0.0
280.0 0.0
3160. 0.0
2440. 0.0
580.0 0.0
2940. 0.4
9960. 3.6
4140. 1.0
2180. 0.0
2550. 1.0
2850. 1.4
1080. 0.0
300.0 0.0
1740. 0.2
2600. 0.0
7680. 2.4
4230. 0.8
1160. 0.0
2980. 0.0
3120. 0.6
9210. 2.4
4530. 1.2
1820. 0.0
4050. 0.6
7380. 3.0
1280. 0.0
1180. 0.0
7830. 2.4
7590. 2.8
2130. 0.6
320.0 0.0
1700. 0.0
3360. 1.0
11130 4.2
3200. 0.0
1460. 0.0
2460. 0.4
6900. 2.6
750.0 0.2
1500. 0.8
2440. 0.0
680.0 0.0
1300. 0.0
2440. 0.0
2280. 0.8
2190. 0.6
1300. 0.0
320.0 0.0
1620. 0.0
440.0 0.0
3300. 0.8
4320. 0.8
300.0 0.0
2660. 0.0
4260. 1.4
2580. 1.6
4710. 2.6
220.0 0.0
960.0 0.0
7710. 1.8
1800. 0.0
1760. 0.0
3260. 0.0
2850. 0.6
1290. 0.4
4770. 1.4
6840. 2.6
1710. 0.8
6000. 1.2
2020. 0.0
5250. 1.4
1720. 0.0
4200. 1.8
2020. 0.0
4800. 0.8
4680. 1.4
2420. 0.0
1460. 0.0
2420. 0.0
2000. 0.0
1260. 0.0
6180. 1.6
300.0 0.0
3540. 1.0
5070. 1.0
2120. 0.0
460.0 0.0
6780. 1.6
1440. 0.0
580.0 0.0
1740. 0.0
3300. 1.2
320.0 0.0
2220. 0.0
1040. 0.0
5130. 1.6
1280. 0.0
3930. 1.2
1260. 0.0
5280. 1.2
1380. 0.0
1400. 0.0
5550. 1.6
1770. 0.8
6600. 2.2
580.0 0.0
1980. 1.0
6390. 2.2
7620. 1.4
1700. 0.0
3480. 1.6
5100. 1.8
2500. 0.0
280.0 0.0
1400. 0.0
2670. 0.8
4290. 1.6
7320. 2.6
2820. 0.0
2280. 1.4
2760. 0.0
6210. 2.6
1400. 0.0
880.0 0.0
3360. 1.2
7680. 2.8
3120. 0.8
2340. 0.0
1520. 0.0
7470. 3.0
