420.0 0.007124300154353079
6570. 0.03755739784184442
4770. 0.027480055646233126
5850. 0.03518803172115348
1920. 0.014539256417169355
5580. 0.027722200345090542
2480. 0.016219551077909955
8820. 0.05470918070319186
6090. 0.028362273156755435
740.0 0.00757387898167039
7020. 0.03270950330268718
7200. 0.04213181063393989
340.0 0.005075450333009712
1420. 0.013129710109346604
2100. 0.03735425257305991
960.0 0.008908267039913653
880.0 0.008700812739874664
2080. 0.016135730211487953
220.0 0.006032859917738165
4170. 0.02123891112842813
1840. 0.011938389880015166
2140. 0.01301650295097545
9270. 0.04051599197546096
160.0 0.005150173767141553
3389. 0.020735348051864833
1720. 0.013482496131750565
660.0 0.009042499847119245
4800. 0.02776981767345177
1000. 0.007847025074497083
500.0 0.01138519581888886
1800. 0.011837146068955917
5700. 0.029633555896708685
3960. 0.0229222714332451
1540. 0.01113077136531615
2460. 0.017395839666818347
1500. 0.012750274722577615
200.0 0.006513206044274966
2640. 0.01991840112640375
6900. 0.03497896299364811
1860. 0.01346750686211351
4470. 0.023832356565733903
5790. 0.03414357129554446
1080. 0.011717410576451925
1040. 0.008537831843000276
2100. 0.013456035812396294
4380. 0.031045020895803077
5370. 0.036922724958301956
7110. 0.04995211412271772
700.0 0.006226120776361199
6690. 0.03119915533375206
1980. 0.012033406915861633
3630. 0.020173789850105095
4170. 0.02077398511045203
2880. 0.01607719463105184
450.0 0.007535201727222329
4170. 0.025611717325560335
9750. 0.04564077657606447
260.0 0.00641326184509694
1980. 0.013524335578082969
7440. 0.04144550249066015
7920. 0.05618375344201354
2320. 0.01488927551859831
1520. 0.012492534865955918
2920. 0.015697039327577045
2660. 0.018151090704435546
2380. 0.019603064105126577
1620. 0.013886718019733735
1660. 0.01131743591383838
1590. 0.010089179533053994
420.0 0.017790143998354324
360.0 0.007180639852350623
700.0 0.00807705443904183
5190. 0.03655272326545855
2580. 0.018668312554297017
3960. 0.022653033603575068
3960. 0.02578820381970104
2180. 0.013000856191155208
580.0 0.007965312781607281
1560. 0.01862734130773447
600.0 0.007179180986668143
1620. 0.012403339428090021
3060. 0.01759228140130631
4050. 0.020755672558010474
3930. 0.024404472733152716
1240. 0.011014679180817666
7560. 0.038620210001283795
260.0 0.005545146971627446
2200. 0.012785822809121328
2320. 0.015602355889171804
1620. 0.022199477652691257
5460. 0.0268140534112149
7170. 0.05157604008402927
360.0 0.005271088742148322
2560. 0.0144783432075144
2400. 0.017085204443304747
220.0 0.007795228816434019
1740. 0.014872441363280586
900.0 0.00913366090725276
1720. 0.012790774969289487
3640. 0.020333347621999565
1780. 0.01267142346640071
2580. 0.014261293635740913
3060. 0.01935106085403504
8880. 0.06690808121982172
540.0 0.008728536179290813
1980. 0.017750611721851328
5520. 0.02997924371319982
3210. 0.019320044667608727
1740. 0.014613523409423124
300.0 0.005291262642629135
3900. 0.028381757212486036
1280. 0.06249677928099118
10110 0.04784617343904074
640.0 0.008268833261297459
3000. 0.020006351008191814
940.0 0.01942196464136714
7410. 0.043623591970202824
4320. 0.028200501648854015
8790. 0.05262549706998243
440.0 0.006297382672158847
5280. 0.02703261170972837
7380. 0.05002530225530677
1000. 0.00903767316037829
4890. 0.024001879666570858
2500. 0.015164389083167862
4890. 0.033897335631337455
2400. 0.015819780348351742
520.0 0.00804537199422839
4380. 0.02489301025525492
1470. 0.011557792034636805
2080. 0.014428137203196911
2180. 0.013775008271011302
1680. 0.012413296650152006
1220. 0.013507411687385229
4260. 0.022743667098495735
3040. 0.018229811991432143
360.0 0.00671510191290281
3330. 0.022351772658851132
7740. 0.0447666422192583
3960. 0.029410860376515302
1760. 0.013403178501732782
2400. 0.01148629651538613
1560. 0.010056735423006558
2430. 0.018237744056136762
3400. 0.01721587326954932
8340. 0.045935056558334963
2060. 0.016033169772583733
7020. 0.04832857341449426
1620. 0.03653362015671746
2580. 0.01602101208629847
200.0 0.009859028926257452
1300. 0.012012756781530243
7950. 0.043557084901578946
2880. 0.017274653870060774
1040. 0.009196361450733548
4620. 0.02304380287097274
4680. 0.025795763904397973
1560. 0.014247924506321397
4080. 0.019461750303321423
2550. 0.019830107130076158
1290. 0.010928632666150406
4500. 0.024079730420965006
2610. 0.016002542266278397
2080. 0.014313633470464993
1770. 0.010628908545584181
1540. 0.010459700244894066
2600. 0.015760772278383683
960.0 0.009680647380207574
1560. 0.009999654178955097
3570. 0.020286174872524043
1540. 0.011121540625026682
2670. 0.013856598405141085
480.0 0.0059984121739944385
7350. 0.038309450232929976
2140. 0.014361179135448765
5070. 0.023503240168565753
860.0 0.009576026631350487
280.0 0.005075909881497864
3160. 0.021665676102657017
2440. 0.018137473156627948
580.0 0.007444775794738234
2940. 0.018799480108100397
9960. 0.04837541880300478
4140. 0.02487333225707289
2180. 0.013887714863244582
2550. 0.014888695199203994
2850. 0.015422009064252507
1080. 0.012349121148986342
300.0 0.007686667610812492
1740. 0.011278632865412419
2600. 0.01546445953812281
7680. 0.036972798502915794
4230. 0.02259698894926032
1160. 0.013744819218402426
2980. 0.01768685699494199
3120. 0.018945760726694516
9210. 0.04615103248863761
4530. 0.033906505985498825
1820. 0.011432105201095055
4050. 0.023343452441622503
7380. 0.037302305030266325
1280. 0.009888670122677468
1180. 0.012496676249156735
7830. 0.04748557023987132
7590. 0.03857560692699735
2130. 0.014892592865578536
320.0 0.006089750215096501
1700. 0.011094767548854634
3360. 0.025972661661853635
11130 0.0499007326334322
3200. 0.020042487573107337
1460. 0.011856636651486951
2460. 0.01965558564421599
6900. 0.04234031417303186
750.0 0.007598965603278884
1500. 0.012842546136937472
2440. 0.015458985517625479
680.0 0.00791375939553518
1300. 0.010225750155086644
2440. 0.01854139011584266
2280. 0.013120961182721658
2190. 0.014913421749611189
1300. 0.009021350441003051
320.0 0.006340714979216955
1620. 0.01179697887846487
440.0 0.0055490644638780395
3300. 0.016909185719043762
4320. 0.021243752950681483
300.0 0.006758974220190339
2660. 0.02024931426603871
4260. 0.02305558202942848
2580. 0.014180399568090252
4710. 0.028497897292766083
220.0 0.006891649450778914
960.0 0.01224109604311252
7709. 0.0353085041224972
1800. 0.013699981399895478
1760. 0.01246635375588312
3260. 0.036681395107223125
2850. 0.01860807315370039
1290. 0.01139522530877457
4770. 0.03979430713491183
6840. 0.03955975273174772
1710. 0.01283212116300092
6000. 0.029930138712188636
2020. 0.015698122046956087
5250. 0.027037100045731677
1720. 0.013346187824481603
4200. 0.029097489838079582
2020. 0.01641953944948682
4800. 0.02754596361660333
4680. 0.02360524828520738
2420. 0.014917616879756679
1460. 0.011994237772000815
2420. 0.014828874198371977
2000. 0.021199087174295528
1260. 0.01333849990521685
6180. 0.032394520106095115
300.0 0.00564763689993697
3540. 0.021390432278394655
5070. 0.020489213567998377
2120. 0.015581268803941839
460.0 0.006230301131040505
6779. 0.03181615502364821
1440. 0.01760351602854371
580.0 0.01195959051437967
1740. 0.020424967143412687
3300. 0.021207330109291433
320.0 0.006057019587615287
2220. 0.014692353433929384
1040. 0.010779210088458058
5130. 0.025863256677098434
1280. 0.010580430769664417
3930. 0.023197883745638137
1260. 0.008111729021493375
5280. 0.2543639060353371
1380. 0.01141433753923593
1400. 0.011844883187336563
5550. 0.029360974501173587
1770. 0.012115872758954538
6600. 0.04315069140079686
580.0 0.006515280207850083
1980. 0.01386206581469196
6390. 0.031214713762437896
7620. 0.04111471457429161
1700. 0.017526642202028597
3480. 0.021301658266224877
5100. 0.027936379555967505
2500. 0.020475278017556775
280.0 0.005757774134394822
1400. 0.011749899030064626
2670. 0.022727063272895975
4290. 0.03031481774121403
7320. 0.04068842276876694
2820. 0.01876287944833166
2280. 0.014058643155635764
2760. 0.017411786971706533
6210. 0.03353947186553796
1400. 0.010567288424340404
880.0 0.00937924245351951
3360. 0.02545847309727378
7680. 0.047887917606772135
3120. 0.017075386733267806
2340. 0.017050915213417284
1520. 0.03723675246476432
7470. 0.052137035752252814
