420.0 20999
6570. 21899
4770. 15899
5850. 19499
1920. 95999
5580. 18599
2480. 12399
8820. 29399
6090. 20299
740.0 36999
7020. 23399
7200. 23999
340.0 16999
1420. 70999
2100. 10499
960.0 47999
880.0 43999
2080. 10399
220.0 10999
4170. 13899
1840. 91999
2140. 10699
9270. 30899
160.0 79999
3389. 11299
1720. 85999
660.0 21999
4800. 15999
1000. 49999
500.0 24999
1800. 89999
5700. 18999
3960. 13199
1540. 76999
2460. 81999
1500. 74999
200.0 99999
2640. 13199
6900. 22999
1860. 61999
4470. 14899
5790. 19299
1080. 35999
1040. 51999
2100. 10499
4380. 14599
5370. 17899
7110. 23699
700.0 34999
6690. 22299
1980. 98999
3630. 12099
4170. 13899
2880. 14399
450.0 14999
4170. 13899
9750. 32499
260.0 12999
1980. 65999
7440. 24799
7920. 26399
2320. 11599
1520. 75999
2920. 14599
2660. 13299
2380. 11899
1620. 53999
1660. 82999
1590. 52999
420.0 20999
360.0 17999
700.0 34999
5190. 17299
2580. 85999
3960. 13199
3960. 13199
2180. 10899
580.0 28999
1560. 77999
600.0 19999
1620. 80999
3060. 15299
4050. 13499
3930. 13099
1240. 61999
7560. 25199
260.0 12999
2200. 10999
2320. 11599
1620. 80999
5460. 18199
7170. 23899
360.0 17999
2560. 12799
2400. 11999
220.0 10999
1740. 57999
900.0 44999
1720. 85999
3640. 18199
1780. 88999
2580. 85999
3060. 10199
8880. 29599
540.0 26999
1980. 65999
5520. 18399
3210. 10699
1740. 57999
300.0 14999
3900. 12999
1280. 63999
10110 33699
640.0 31999
3000. 99999
940.0 46999
7410. 24699
4320. 14399
8790. 29299
440.0 21999
5280. 17599
7380. 24599
1000. 49999
4890. 16299
2500. 12499
4890. 16299
2400. 11999
520.0 25999
4380. 14599
1470. 48999
2080. 10399
2180. 10899
1680. 55999
1220. 60999
4260. 14199
3040. 15199
360.0 17999
3330. 11099
7740. 25799
3960. 13199
1760. 87999
2400. 79999
1560. 77999
2430. 80999
3400. 16999
8340. 27799
2060. 10299
7020. 23399
1620. 80999
2580. 12899
200.0 99999
1300. 64999
7950. 26499
2880. 95999
1040. 51999
4620. 15399
4680. 15599
1560. 51999
4080. 13599
2550. 84999
1290. 42999
4500. 14999
2610. 86999
2080. 10399
1770. 58999
1540. 76999
2600. 12999
960.0 47999
1560. 51999
3570. 11899
1540. 76999
2670. 88999
480.0 23999
7350. 24499
2140. 10699
5070. 16899
860.0 42999
280.0 13999
3160. 15799
2440. 12199
580.0 28999
2940. 97999
9960. 33199
4140. 13799
2180. 10899
2550. 84999
2850. 94999
1080. 53999
300.0 14999
1740. 57999
2600. 12999
7680. 25599
4230. 14099
1160. 57999
2980. 14899
3120. 10399
9210. 30699
4530. 15099
1820. 90999
4050. 13499
7380. 24599
1280. 63999
1180. 58999
7830. 26099
7590. 25299
2130. 70999
320.0 15999
1700. 84999
3360. 11199
11130 37099
3200. 15999
1460. 72999
2460. 81999
6900. 22999
750.0 24999
1500. 49999
2440. 12199
680.0 33999
1300. 64999
2440. 12199
2280. 75999
2190. 72999
1300. 64999
320.0 15999
1620. 80999
440.0 21999
3300. 10999
4320. 14399
300.0 14999
2660. 13299
4260. 14199
2580. 85999
4710. 15699
220.0 10999
960.0 47999
7709. 25699
1800. 89999
1760. 87999
3260. 16299
2850. 94999
1290. 42999
4770. 15899
6840. 22799
1710. 56999
6000. 19999
2020. 10099
5250. 17499
1720. 85999
4200. 13999
2020. 10099
4800. 15999
4680. 15599
2420. 12099
1460. 72999
2420. 12099
2000. 99999
1260. 62999
6180. 20599
300.0 14999
3540. 11799
5070. 16899
2120. 10599
460.0 22999
6779. 22599
1440. 71999
580.0 28999
1740. 86999
3300. 10999
320.0 15999
2220. 11099
1040. 51999
5130. 17099
1280. 63999
3930. 13099
1260. 62999
5280. 17599
1380. 68999
1400. 69999
5550. 18499
1770. 58999
6600. 21999
580.0 28999
1980. 65999
6390. 21299
7620. 25399
1700. 84999
3480. 11599
5100. 16999
2500. 12499
280.0 13999
1400. 69999
2670. 88999
4290. 14299
7320. 24399
2820. 14099
2280. 75999
2760. 13799
6210. 20699
1400. 69999
880.0 43999
3360. 11199
7680. 25599
3120. 10399
2340. 11699
1520. 75999
7470. 24899
