420.0 20999
12210 40699
8460. 28199
10620 35399
1920. 95999
9900. 32999
2480. 12399
17190 57299
10590 35299
740.0 36999
11160 37199
12810 42699
280.0 13999
1420. 70999
2100. 10499
960.0 47999
820.0 40999
2080. 10399
280.0 13999
7140. 23799
1840. 91999
2140. 10699
15300 50999
160.0 79999
4920. 16399
1720. 85999
1290. 42999
8820. 29399
1000. 49999
500.0 24999
1800. 89999
10380 34599
7200. 23999
1540. 76999
5160. 17199
1500. 74999
200.0 99999
2640. 13199
13560 45199
2940. 97999
7410. 24699
10200 33999
2280. 75999
1040. 51999
2040. 10199
8100. 26999
10410 34699
14970 49899
700.0 34999
11550 38499
1980. 98999
6870. 22899
6690. 22299
2880. 14399
390.0 12999
6960. 23199
16680 55599
260.0 12999
3870. 12899
13890 46299
14370 47899
2320. 11599
1520. 75999
2920. 14599
2660. 13299
2380. 11899
3150. 10499
1660. 82999
2130. 70999
420.0 20999
360.0 17999
700.0 34999
8160. 27199
4920. 16399
6750. 22499
7620. 25399
2180. 10899
580.0 28999
1560. 77999
600.0 19999
1620. 80999
3060. 15299
6390. 21299
8070. 26899
1240. 61999
14880 49599
260.0 12999
2200. 10999
2320. 11599
1620. 80999
8970. 29899
16620 55399
360.0 17999
2560. 12799
2400. 11999
220.0 10999
2730. 90999
900.0 44999
1720. 85999
3640. 18199
1780. 88999
4560. 15199
4500. 14999
16950 56499
540.0 26999
4230. 14099
10740 35799
6450. 21499
4080. 13599
300.0 14999
6960. 23199
1280. 63999
17940 59799
640.0 31999
4350. 14499
940.0 46999
14160 47199
8640. 28799
17700 58999
440.0 21999
9240. 30799
11340 37799
1060. 52999
8400. 27999
2500. 12499
9720. 32399
2400. 11999
520.0 25999
8550. 28499
2460. 81999
2080. 10399
2180. 10899
3210. 10699
1220. 60999
8490. 28299
3040. 15199
360.0 17999
7110. 23699
14400 47999
7380. 24599
1760. 87999
2940. 97999
1560. 77999
3600. 11999
3340. 16699
16230 54099
2060. 10299
13740 45799
1560. 77999
2580. 12899
200.0 99999
1300. 64999
16560 55199
5670. 18899
1160. 57999
7680. 25599
7920. 26399
2550. 84999
6540. 21799
5160. 17199
1830. 60999
9000. 29999
5400. 17999
2080. 10399
2310. 76999
1540. 76999
2600. 12999
960.0 47999
2460. 81999
6270. 20899
1540. 76999
3750. 12499
480.0 23999
13110 43699
2140. 10699
7140. 23799
860.0 42999
280.0 13999
3160. 15799
2440. 12199
580.0 28999
4200. 13999
18450 61499
7920. 26399
2180. 10899
3630. 12099
4680. 15599
1080. 53999
300.0 14999
3120. 10399
2600. 12999
13890 46299
6660. 22199
1160. 57999
2980. 14899
4650. 15499
15960 53199
8760. 29199
1820. 90999
5130. 17099
13590 45299
1280. 63999
1180. 58999
14160 47199
15330 51099
4170. 13899
320.0 15999
1580. 78999
7110. 23699
21210 70699
3200. 15999
1580. 78999
3990. 13299
12750 42499
750.0 24999
2850. 94999
2440. 12199
680.0 33999
1300. 64999
2440. 12199
3720. 12399
3900. 12999
1300. 64999
320.0 15999
1620. 80999
440.0 21999
5070. 16899
6120. 20399
300.0 14999
2660. 13299
6870. 22899
4110. 13699
9570. 31899
220.0 10999
960.0 47999
12660 42199
1800. 89999
1760. 87999
3260. 16299
4830. 16099
3690. 12299
7830. 26099
11970 39899
4050. 13499
11310 37699
2020. 10099
8310. 27699
1720. 85999
7470. 24899
2020. 10099
7050. 23499
7860. 26199
2420. 12099
1460. 72999
2480. 12399
2000. 99999
1320. 65999
10830 36099
300.0 14999
5520. 18399
6150. 20499
2120. 10599
460.0 22999
11430 38099
1440. 71999
580.0 28999
1740. 86999
6540. 21799
320.0 15999
2220. 11099
1100. 54999
8640. 28799
1280. 63999
7950. 26499
1200. 59999
7800. 25999
1380. 68999
1400. 69999
9960. 33199
3120. 10399
13740 45799
580.0 28999
4320. 14399
11700 38999
11790 39299
1700. 84999
7710. 25699
10320 34399
2560. 12799
280.0 13999
1400. 69999
4290. 14299
9060. 30199
14040 46799
2820. 14099
3360. 11199
2760. 13799
13530 45099
1400. 69999
880.0 43999
6600. 21999
14100 46999
5550. 18499
2280. 11399
1520. 75999
14910 49699
