420.0 0.010115976484919485
6570. 0.03956512069645868
4770. 0.026883770779900118
5850. 0.03062279276851676
1920. 0.016959681832208418
5580. 0.03712399859338156
2480. 0.020141536704130658
8820. 0.053064569344549284
6090. 0.03245735067140387
740.0 0.011657273985942851
7020. 0.03482904447090007
7200. 0.05871501490334907
340.0 0.016592975052247994
1420. 0.01826524630319426
2100. 0.03749944948773276
960.0 0.011077399272579669
880.0 0.01083179799988443
2080. 0.017762460176697914
220.0 0.009655153390028204
4170. 0.03345237968006387
1840. 0.021659907442881376
2140. 0.014753859136888536
9270. 0.11305055313268753
160.0 0.007410620315603467
3389. 0.0270019419849703
1720. 0.019752189506384354
660.0 0.01531147796601573
4800. 0.032823099457509386
1000. 0.010906889118686536
500.0 0.011686318484294134
1800. 0.016612908626939316
5700. 0.03077415037913056
3960. 0.023090833368669905
1540. 0.017138442721517322
2460. 0.03187499997565624
1500. 0.014262325351239724
200.0 0.011019078770715396
2640. 0.022339064960021915
6900. 0.05103383169176823
1860. 0.025530771708915267
4470. 0.028180157774229997
5790. 0.0334326070926636
1080. 0.016509862434972433
1040. 0.015075030863386019
2100. 0.018851209838885552
4380. 0.03297263510783921
5370. 0.04224541973674434
7110. 0.04297884752115522
700.0 0.013230620211786004
6690. 0.04716461706470909
1980. 0.014494363489347961
3630. 0.03583169161402111
4170. 0.023469307147195195
2880. 0.020260963857126058
450.0 0.01588962715752018
4170. 0.025513012033812288
9750. 0.06050212186720216
260.0 0.011314670994266862
1980. 0.020419639304279258
7440. 0.05946923181500097
7920. 0.08019274277611999
2320. 0.017958676305951826
1520. 0.013565180053333847
2920. 0.02276090498919814
2660. 0.01872854050301953
2380. 0.028198292300317007
1620. 0.014550236925373383
1660. 0.01947468917921924
1590. 0.015196105497409462
420.0 0.02189714244195784
360.0 0.009202667821710975
700.0 0.013077645717118003
5190. 0.04179077944831988
2580. 0.02785887194150405
3960. 0.04381125198736413
3960. 0.030966416939207875
2180. 0.013100991994377864
580.0 0.013062702002798687
1560. 0.019737179793452242
600.0 0.014271180040623221
1620. 0.021498054546498224
3060. 0.031651109755188145
4050. 0.02483835230654563
3930. 0.02848357620300135
1240. 0.015111902462678017
7560. 0.046705937692934185
260.0 0.009143360167428227
2200. 0.01838007634916039
2320. 0.01620317070850774
1620. 0.014816607932232273
5460. 0.048355648870199275
7170. 0.050161979491377906
360.0 0.007790696286093635
2560. 0.023980754096186274
2400. 0.026397834143011778
220.0 0.010130777217312925
1740. 0.02219713695043879
900.0 0.012470090503200026
1720. 0.02011523213786859
3640. 0.024654445949636283
1780. 0.01699729016561946
2580. 0.028695154414549506
3060. 0.026802356706696173
8880. 0.05840082948031977
540.0 0.00941780429147343
1980. 0.018949618756153086
5520. 0.038158669906437126
3210. 0.03450420871484994
1740. 0.021553411409911405
300.0 0.00873140432048558
3900. 0.0348159594066999
1280. 0.06394517214903317
10110 0.06925830760957297
640.0 0.013729095559881443
3000. 0.024962834849134197
940.0 0.04233112907007808
7410. 0.05356588513731708
4320. 0.03814112588591456
8790. 0.0655594665676631
440.0 0.010255846340982089
5280. 0.04395627771009458
7380. 0.09287865766302161
1000. 0.01000350682431872
4890. 0.03294686791730328
2500. 0.019124283263465713
4890. 0.031309540373769096
2400. 0.01887106132369354
520.0 0.013082679733486202
4380. 0.02946134864941996
1470. 0.021115754452239344
2080. 0.018005369564036755
2180. 0.018839495728286693
1680. 0.015492711017827787
1220. 0.018581912724982885
4260. 0.03330561015269495
3040. 0.028792231882789565
360.0 0.010294956878112771
3330. 0.03391149746659039
7740. 0.1381206289593706
3960. 0.041983148889698896
1760. 0.021982432652123407
2400. 0.017075066428105856
1560. 0.023622990992464565
2430. 0.019832287513168012
3400. 0.028785373239031742
8340. 0.05551137720652832
2060. 0.023614403750855217
7020. 0.04445570201556848
1620. 0.040638711251688164
2580. 0.020127533692743782
200.0 0.010970536342028936
1300. 0.017550266699743133
7950. 0.06397549043441586
2880. 0.02925065751691136
1040. 0.01918037786919058
4620. 0.04001157630847274
4680. 0.034009760791605004
1560. 0.028429061591282334
4080. 0.030366300855689587
2550. 0.0247343773021953
1290. 0.0228140372529424
4500. 0.034995486646550944
2610. 0.02393925834599031
2080. 0.024224932222296047
1770. 0.025027483374685744
1540. 0.017876425403585472
2600. 0.019189231445864152
960.0 0.01776089144453863
1560. 0.0220695947459717
3570. 0.02537474260628869
1540. 0.024189739782741526
2670. 0.031376549271840304
480.0 0.009992877048262017
7350. 0.042804594123310835
2140. 0.020850694440014195
5070. 0.027486022532457355
860.0 0.01654357118701455
280.0 0.007056214599515442
3160. 0.023642881379146274
2440. 0.02660490899341994
580.0 0.008941329215758742
2940. 0.024288114217597467
9960. 0.059845021387843644
4140. 0.027367667431633436
2180. 0.024354290485803176
2550. 0.0253111633846288
2850. 0.028835915161664616
1080. 0.014791004236144545
300.0 0.013126664330172844
1740. 0.016224864707453435
2600. 0.02234021294083277
7680. 0.04983118931102126
4230. 0.04144016292997321
1160. 0.017784822041278403
2980. 0.025160802612617772
3120. 0.022441215514902524
9210. 0.06513964180260245
4530. 0.033944652958155075
1820. 0.022435122626632165
4050. 0.024347433078219183
7380. 0.055260469245354216
1280. 0.013885042345577858
1180. 0.012514557642589352
7830. 0.059463958072512924
7590. 0.046556430443843055
2130. 0.024470344025246504
320.0 0.00919324485926154
1700. 0.017184693314845845
3360. 0.027089175867786253
11130 0.06795950948890095
3200. 0.02214414734788761
1460. 0.013103804238767225
2460. 0.02851641213652556
6900. 0.04621485450201135
750.0 0.011451571422981033
1500. 0.02268112722214255
2440. 0.022295399854783682
680.0 0.013262918636257837
1300. 0.011089302248592503
2440. 0.019398028070554574
2280. 0.01896674632371287
2190. 0.02740297901584654
1300. 0.01452500492098352
320.0 0.010847779798552892
1620. 0.01681259052702444
440.0 0.015553108042979602
3300. 0.025727335285694153
4320. 0.034052314275754725
300.0 0.009593771125707917
2660. 0.02092213149626332
4260. 0.030205755216684338
2580. 0.023817040116796306
4710. 0.0341610538021655
220.0 0.012557905401706648
960.0 0.010923356556418184
7709. 0.04696002008319056
1800. 0.02235815209996872
1760. 0.01813523231118097
3260. 0.06129763656230125
2850. 0.029262999453749217
1290. 0.012590417645810703
4770. 0.04996429004506808
6840. 0.03674545982403288
1710. 0.01699777057706342
6000. 0.043684029703399574
2020. 0.01849715616560843
5250. 0.03375645086055101
1720. 0.024055473560565588
4200. 0.02783697081036962
2020. 0.017158637044701663
4800. 0.03329495081447931
4680. 0.03382363016692125
2420. 0.01915669921618246
1460. 0.01772605883218148
2420. 0.019563390342170806
2000. 0.03091917422568713
1260. 0.011093073727238334
6180. 0.04162871009327773
300.0 0.009893871793735798
3540. 0.022626155773878054
5070. 0.03170323143604037
2120. 0.01528992130027973
460.0 0.008374160994321755
6779. 0.05091252953536696
1440. 0.01874482576670289
580.0 0.01310090025253885
1740. 0.02256191286789999
3300. 0.1350176309363178
320.0 0.010191674586394583
2220. 0.025817679590545595
1040. 0.01884061908504009
5130. 0.035917606576390426
1280. 0.01864183976624645
3930. 0.03775333799978853
1260. 0.012609495516244351
5280. 0.033462416777524595
1380. 0.01889877357439218
1400. 0.017333755715412735
5550. 0.04083486862043628
1770. 0.01662389125260688
6600. 0.035603312860757796
580.0 0.015613333186365708
1980. 0.025046519778925358
6390. 0.0359156128865834
7620. 0.05178990645356407
1700. 0.02074362408984598
3480. 0.03249612581078054
5100. 0.03859249794891184
2500. 0.029621014711892713
280.0 0.011889184733149705
1400. 0.012897407651280446
2670. 0.01838975248188035
4290. 0.023981705024539224
7320. 0.03634705886190659
2820. 0.017417960243619746
2280. 0.016202503018917014
2760. 0.014571268020290518
6210. 0.04865926289642175
1400. 0.009739975954857982
880.0 0.008662794623319314
3360. 0.02270688427586265
7680. 0.054110642521322916
3120. 0.01633152076647093
2340. 0.017322235556434862
1520. 0.04846126075028678
7470. 0.04638852539153504
