200.0 99999
1770. 58999
1180. 58999
340.0 16999
11490 38299
8610. 28699
9450. 31499
2640. 13199
10020 33399
9150. 30499
100.0 49999
4140. 13799
16380 54599
380.0 18999
640.0 31999
6570. 21899
7620. 25399
2380. 11899
19140 63799
260.0 12999
2380. 11899
14880 49599
12000 39999
300.0 99999
8010. 26699
3540. 11799
1160. 57999
2180. 10899
5910. 19699
1540. 76999
4350. 14499
5160. 17199
1180. 58999
1540. 76999
12360 41199
10740 35799
8880. 29599
2740. 13699
940.0 46999
3020. 15099
12360 41199
5670. 18899
1140. 56999
3060. 15299
1860. 92999
280.0 13999
520.0 25999
6930. 23099
1940. 96999
6300. 20999
3600. 11999
2520. 12599
11580 38599
6300. 20999
3780. 12599
700.0 34999
2600. 12999
1320. 65999
1080. 53999
2860. 14299
800.0 39999
6180. 20599
260.0 12999
12360 41199
9900. 32999
840.0 41999
3180. 10599
330.0 10999
9660. 32199
6360. 21199
220.0 10999
2640. 13199
280.0 13999
2380. 11899
1770. 58999
5460. 18199
380.0 18999
6480. 21599
4560. 15199
2540. 12699
5550. 18499
2120. 10599
11880 39599
4170. 13899
1720. 85999
1320. 65999
2720. 13599
18390 61299
460.0 22999
6750. 22499
3510. 11699
1420. 70999
3040. 15199
780.0 25999
7290. 24299
2080. 10399
500.0 24999
220.0 10999
1020. 50999
11160 37199
9990. 33299
2460. 12299
840.0 41999
5850. 19499
320.0 15999
1100. 54999
17100 56999
9360. 31199
10560 35199
5640. 18799
13410 44699
1780. 88999
4710. 15699
2660. 13299
960.0 47999
11520 38399
8100. 26999
7050. 23499
640.0 31999
17040 56799
7650. 25499
1980. 98999
440.0 21999
620.0 30999
2370. 78999
8940. 29799
9990. 33299
1280. 63999
2200. 10999
2220. 11099
13650 45499
720.0 35999
8640. 28799
9600. 31999
220.0 10999
2820. 14099
1780. 88999
7860. 26199
3300. 16499
2800. 13999
8790. 29299
17760 59199
3210. 10699
9840. 32799
2420. 12099
12150 40499
4740. 15799
6330. 21099
5730. 19099
15840 52799
5370. 17899
9750. 32499
2280. 11399
1500. 74999
11070 36899
9690. 32299
9840. 32799
1660. 82999
600.0 29999
8310. 27699
1060. 52999
1560. 77999
280.0 13999
810.0 26999
2340. 11699
5640. 18799
1240. 61999
3750. 12499
19320 64399
760.0 37999
520.0 25999
1160. 57999
740.0 36999
2250. 74999
1380. 68999
2780. 13899
7050. 23499
17250 57499
2240. 11199
840.0 27999
1600. 79999
440.0 21999
220.0 10999
3300. 10999
8460. 28199
860.0 42999
11610 38699
7170. 23899
3030. 10099
16740 55799
8490. 28299
2280. 11399
21840 72799
1980. 98999
940.0 46999
1560. 77999
6480. 21599
3040. 15199
2130. 70999
8520. 28399
2680. 13399
980.0 48999
18210 60699
5550. 18499
1740. 86999
14880 49599
1860. 61999
6090. 20299
13170 43899
1600. 79999
10170 33899
2080. 10399
9660. 32199
1040. 51999
2860. 14299
3300. 16499
700.0 34999
4170. 13899
4470. 14899
7560. 25199
7890. 26299
2880. 14399
4230. 14099
1620. 53999
12180 40599
9930. 33099
2700. 13499
3450. 11499
5850. 19499
17640 58799
10560 35199
12900 42999
1120. 55999
520.0 25999
15270 50899
7350. 24499
1640. 81999
5400. 17999
20460 68199
6180. 20599
1680. 83999
4980. 16599
11850 39499
1200. 59999
3060. 10199
6120. 20399
14280 47599
11040 36799
2040. 10199
16590 55299
900.0 44999
15390 51299
3270. 10899
1080. 53999
2220. 11099
2640. 13199
2370. 78999
1040. 51999
2780. 13899
1280. 63999
1480. 73999
2420. 12099
9600. 31999
4170. 13899
2460. 12299
7080. 23599
2540. 12699
2920. 14599
1200. 59999
5910. 19699
8850. 29499
11670 38899
3750. 12499
940.0 46999
4080. 13599
2300. 11499
480.0 23999
4470. 14899
2680. 13399
9000. 29999
7500. 24999
1360. 67999
14160 47199
11580 38599
980.0 48999
7080. 23599
1200. 59999
7980. 26599
1780. 88999
580.0 28999
8220. 27399
1380. 68999
1540. 76999
10560 35199
1480. 73999
4350. 14499
15450 51499
960.0 47999
6600. 21999
