200.0 0.007881531736904562
1770. 0.0149436455294778
1180. 0.01592609619626062
280.0 0.011610974528416307
5760. 0.057085174359908564
5010. 0.044045065102384484
5850. 0.04833980075337507
2640. 0.025698544697970505
6600. 0.04802508131941963
4920. 0.043285235185042126
160.0 0.008632451917215178
2610. 0.02592112837801963
9120. 0.08183956977162055
380.0 0.009737394679238065
640.0 0.015456190269851788
3780. 0.04232152489003482
4020. 0.05389134656333283
2380. 0.03163199177644316
10590 0.1283303171726473
260.0 0.009095940907357658
2380. 0.07226931139286563
6840. 0.12803697616988075
7320. 0.061917828638620165
300.0 0.01089746443024353
4320. 0.051863850657774435
1470. 0.024967881064412722
1160. 0.016155806224901426
2180. 0.025851948711441253
3840. 0.03724629014553926
1480. 0.023859187079139588
2190. 0.030825924956396022
2310. 0.025544857296061707
1180. 0.016315984146594076
1540. 0.02023094480146881
7050. 0.06254252366763069
5970. 0.05143606333312789
5100. 0.05502177573066547
2740. 0.02490850559303226
1000. 0.05167098299277484
3020. 0.026707250613938527
6150. 0.08558860482285979
3120. 0.034229882903431985
1140. 0.01609637781560025
3060. 0.0314074931094126
1860. 0.02068679946265206
280.0 0.009924179198605998
520.0 0.009210051135411845
4320. 0.04270511175339209
1940. 0.03337915752427989
3870. 0.035514799585556034
2070. 0.021864721234834406
2520. 0.02593804254763654
6270. 0.07684319101093706
3420. 0.033582245423829704
1950. 0.024397397453796543
700.0 0.01929814977590638
2600. 0.026810707904601827
1320. 0.01596320286903108
1080. 0.19731418528571965
2860. 0.028223062546175015
800.0 0.011055910804472546
3660. 0.03598382982730186
260.0 0.010704472529369014
6779. 0.06472549023057184
4980. 0.053301027979102855
840.0 0.01672780522611106
1590. 0.02306437534493
330.0 0.009691094626930408
5310. 0.049373542702312534
2670. 0.030141500881995853
220.0 0.00919065757086912
2640. 0.030672312807382696
280.0 0.01009871992097544
2380. 0.034083347107852546
1080. 0.018471695831038915
3480. 0.028945601526487508
380.0 0.010274333722549045
3870. 0.031477807183478035
2130. 0.024438499857950546
2540. 0.022534457478997183
3570. 0.03335690496862753
2120. 0.020663745953356738
6870. 0.0688734539732252
2640. 0.02457192243232953
1720. 0.020316593843148212
1320. 0.01573555351725986
2720. 0.030411649257899853
9660. 0.08281745264386586
460.0 0.010666575991251648
3510. 0.03624408051425121
1980. 0.02826856463437366
1420. 0.018576443465349257
3040. 0.026156694865477448
780.0 0.012098842727340298
3870. 0.04068465182834302
2020. 0.02323918430545291
500.0 0.01206883481273735
220.0 0.009548655561786745
1020. 0.014969395889721682
5940. 0.05770732510526955
5250. 0.04752716217453212
2460. 0.025338230152328833
840.0 0.012261377960697928
3180. 0.03521943576470221
320.0 0.012125345235801888
1100. 0.01555794958738943
9990. 0.09596401934007304
5670. 0.054910187514082054
5280. 0.05656244523427745
3570. 0.029294887205026043
6510. 0.06123040032960603
1780. 0.01969185394835904
2190. 0.03742188206666697
2660. 0.025387853572709673
960.0 0.01571860687732851
6150. 0.06398406089377318
3960. 0.03769633343031842
4980. 0.037752952554910735
640.0 0.012263786895175599
8070. 0.08059567298084858
5040. 0.04234795483006337
1980. 0.022464582807316447
440.0 0.008179974374826315
620.0 0.011009105120024287
1290. 0.01887352993171021
4710. 0.0439305088179367
6210. 0.047319120752206345
1280. 0.07216776231624067
2200. 0.02125175334080609
2220. 0.022095771984908197
7260. 0.06669162425708919
720.0 0.011680633611007352
4950. 0.04929343846163192
4560. 0.04397786484898347
220.0 0.00845511309938729
2820. 0.028092973151132128
1780. 0.022055774798502625
4740. 0.04599363956512548
3300. 0.02776850178113932
2800. 0.042170175833831536
3960. 0.047434302951671725
9270. 0.07722324871008368
2160. 0.025219150579545158
5700. 0.04996734121743884
2420. 0.02506075298651922
6930. 0.06264099612531027
2850. 0.026683634454457206
3090. 0.03440811684640721
3210. 0.030957380005304458
8730. 0.08887203384500708
3210. 0.030281011213730835
5430. 0.04726969410381798
2280. 0.025480952201689888
1440. 0.021460932858360593
6750. 0.0538005092697631
4920. 0.051087393070758935
5970. 0.055339540836257584
1660. 0.022742946221569582
600.0 0.008339281900248352
3810. 0.039348114910183085
1060. 0.014119079978058835
1560. 0.016277259046262316
280.0 0.009046078933522494
810.0 0.01777221234976878
2340. 0.023393364840501363
3570. 0.029400738358674516
1240. 0.020409874522215432
1890. 0.023142952970601982
10050 0.092273979680499
760.0 0.01923505395035363
520.0 0.009460726523400353
1160. 0.01786939847835356
740.0 0.012481121230621284
1710. 0.01893172960734546
1380. 0.01792612874317001
2780. 0.028230261800104017
3810. 0.038111151338398486
9330. 0.09228900302275633
2240. 0.022960292052971454
480.0 0.01473403378781768
1600. 0.026670121931601898
440.0 0.00998677937377579
220.0 0.007464449011592933
2310. 0.026246133457959786
4860. 0.04949339309064271
860.0 0.012135902389331932
6210. 0.050238418481399094
4200. 0.043679785238339264
1410. 0.025079722898624368
8430. 0.08232004345649102
4590. 0.05166579429555895
2280. 0.021069036617291204
10860 0.09604552988361093
1980. 0.01931380710158237
940.0 0.02172065306137938
1560. 0.01981110061291247
3450. 0.03532382125524691
3040. 0.027988231893573357
1590. 0.017784619115730038
4470. 0.046574253176629554
2620. 0.02412154859501925
980.0 0.01706420730130276
10200 0.0954782739958091
2760. 0.030085906164060816
1740. 0.020707274774053985
7980. 0.07504535081977792
1860. 0.01837977959462478
3300. 0.0418777508588164
5970. 0.06406200761205127
1600. 0.021123941126518275
5850. 0.06959629908590159
2080. 0.024820717453508223
4620. 0.04645738254009757
980.0 0.014092780234477686
2860. 0.02692722626500199
3300. 0.03479572748784676
700.0 0.011178726853188437
2190. 0.025635192926586114
2220. 0.023269011453635358
4320. 0.04828421678104178
5460. 0.0439658124147968
2880. 0.029270931948360612
2610. 0.02481259020470361
1080. 0.016015250049235874
7230. 0.06664923449898197
4980. 0.05091344625378724
2700. 0.031096522117593395
2100. 0.02518991236848933
3960. 0.030625600148937338
9900. 0.07975124461654559
6420. 0.061308840667663844
6810. 0.06504922219016862
1180. 0.017452586821320892
520.0 0.009229261609846162
8370. 0.07171468724760643
3300. 0.03589272521463727
1640. 0.023659103431668882
3330. 0.03186785667725189
11190 0.3314469032275724
3930. 0.3139692816222919
1620. 0.1249629333295843
2190. 0.0348423441905652
7590. 0.06753558012695748
1200. 0.019548680435491406
1980. 0.019265556194000055
3690. 0.039841849583694966
7410. 0.06929736330545211
6270. 0.057527359741925466
2040. 0.02104804126156523
8490. 0.0702305949691322
900.0 0.015613252471155192
7230. 0.07111169501820314
1740. 0.10088192873683965
1080. 0.015457041779427527
2220. 0.02105454099717008
2640. 0.026933496091885445
1920. 0.017342503066174686
1040. 0.01219773158516091
2780. 0.025140509063248828
1280. 0.018413302499197925
1480. 0.017932269485640973
2420. 0.029794078702138904
6090. 0.052396807929881106
1920. 0.024512775716402757
2460. 0.026414170160705908
4200. 0.03785242027140612
2540. 0.02687272719606426
2920. 0.034566424968602405
1200. 0.019550059410221365
2490. 0.029802246624512918
5070. 0.04372511501514964
6060. 0.057581686978437574
2340. 0.026152772572686445
940.0 0.01512110123542243
2400. 0.02639615994939959
2300. 0.023295518992881625
480.0 0.009224770598962095
2850. 0.033650535448373375
2680. 0.0248587824603419
5940. 0.05023273485085156
5340. 0.043344607553081005
1360. 0.018241784648694193
7200. 0.08413566085584989
6810. 0.06056904570527877
980.0 0.010259807706347601
4110. 0.04958358955832409
1200. 0.016403167643147754
3690. 0.046226445341289946
1780. 0.024321630645204095
580.0 0.013175482279166317
5610. 0.04478933557675191
1380. 0.028355644836324245
1540. 0.017861507104385055
6390. 0.057341646325085094
1480. 0.017569639920111513
1920. 0.027450723375864072
9120. 0.09213121204390973
960.0 0.09791849494502003
4620. 0.0428705836983454
