200.0 0.020781645796352805
1770. 0.034909055762021746
1180. 0.03543302750119226
280.0 0.02279638216696611
5760. 0.08691944483720349
5010. 0.0689190370414714
5850. 0.07518263331868269
2640. 0.04456198425790703
6600. 0.07586521880110908
4920. 0.07062111737193177
160.0 0.020501882459207366
2610. 0.04382850943575889
9120. 0.19633079406056098
380.0 0.021924160350014432
640.0 0.02564929978218089
3780. 0.05758412864980045
4020. 0.07214538823508576
2380. 0.04937557927033964
10590 0.13219603601420005
260.0 0.024930987675546135
2380. 0.04151665254887149
6840. 0.10626101524763953
7320. 0.12551717670685747
300.0 0.027621574079901734
4320. 0.09700101763470315
1470. 0.046657296042440066
1160. 0.04844745699699615
2180. 0.06524537369923422
3840. 0.08261281579556368
1480. 0.04502670378751361
2190. 0.06896431454379837
2310. 0.06869766643912811
1180. 0.04650049151658919
1540. 0.04009002034773346
7050. 0.13260086946230842
5970. 0.09157693056640426
5100. 0.1101112494550307
2740. 0.050072632942885775
1000. 0.09678645387900531
3020. 0.05235775186515923
6150. 0.12943664254258636
3120. 0.07208455438170347
1140. 0.04398348375737271
3060. 0.04832019185514014
1860. 0.03709262030920968
280.0 0.03139210331664799
520.0 0.02621954782425462
4320. 0.08464746977035986
1940. 0.07123359058397227
3870. 0.08402749680540467
2070. 0.06040460770944378
2520. 0.05252266779177717
6270. 0.11651365838764605
3420. 0.09219912202600256
1950. 0.05608608763934342
700.0 0.03758413953725892
2600. 0.057558598377013936
1320. 0.02928436413917268
1080. 0.04061762728706242
2860. 0.060036207230012906
800.0 0.038260424354277234
3660. 0.0649056724023751
260.0 0.02865596102424206
6779. 0.12118491711045465
4980. 0.10477249976560188
840.0 0.043263554661535863
1590. 0.05706763309639484
330.0 0.0317231171031267
5310. 0.10232320967924124
2670. 0.06015768473514527
220.0 0.02025327964118162
2640. 0.05669403178626453
280.0 0.020147109355789894
2380. 0.06756303765961036
1080. 0.042495228698470555
3480. 0.07390347773193184
380.0 0.03153411842103537
3870. 0.06672704042932764
2130. 0.05769383852677379
2540. 0.050778952870842886
3570. 0.05263805387914999
2120. 0.044880636288439746
6870. 0.12400870406477793
2640. 0.06573131383552777
1720. 0.04452275534217165
1320. 0.03479235054484775
2720. 0.06143705895638618
9660. 0.2664293224558776
460.0 0.022978511416056335
3510. 0.07146494194918773
1980. 0.05299996226315784
1420. 0.03732639578163344
3040. 0.06485536811376846
780.0 0.037264877425826626
3870. 0.08077783534579908
2020. 0.05528740970828494
500.0 0.03830942204723442
220.0 0.023822060636859987
1020. 0.03727035452314453
5940. 0.11282636273344337
5250. 0.10763439331466884
2460. 0.05155044557591282
840.0 0.038473831802861014
3180. 0.07021189220085944
320.0 0.03014478302571888
1100. 0.026109640642687282
9990. 0.16310841326097147
5670. 0.08914161184574709
5280. 0.11919691331289073
3570. 0.06557122768964518
6510. 0.12922499490358064
1780. 0.04996886772704556
2190. 0.0731789468860029
2660. 0.06712779421602022
960.0 0.03305211441517031
6150. 0.10726847709250364
3960. 0.07071611454298932
4980. 0.08274253843137558
640.0 0.021839153869052552
8070. 0.12906521643787983
5040. 0.09780030163182118
1980. 0.04949767339874711
440.0 0.032218766031320456
620.0 0.02402509060891589
1290. 0.04885061313788697
4710. 0.10783121797015838
6210. 0.11859077869593193
1280. 0.16338623384334028
2200. 0.04413183070286664
2220. 0.05095944042668066
7260. 0.13445137653064876
720.0 0.030573398656173367
4950. 0.10907904293856063
4560. 0.09182155953587312
220.0 0.023195341752341392
2820. 0.05601393453113701
1780. 0.0624419747496745
4740. 0.0823899045950327
3300. 0.07214392139783854
2800. 0.06460607938302587
3960. 0.07984397092042173
9270. 0.15651745342199774
2160. 0.05479426006135668
5700. 0.1034572646946117
2420. 0.05563316738471258
6930. 0.13261208072003683
2850. 0.07620365017100994
3090. 0.08192684700998143
3210. 0.0715057045902654
8730. 0.2531016652689573
3210. 0.08681863938755896
5430. 0.09601055790386681
2280. 0.04977938169082563
1440. 0.05174343026436645
6750. 0.11699573784642325
4920. 0.109585060383381
5970. 0.10737177312080348
1660. 0.04782052762720923
600.0 0.027512188775858704
3810. 0.07545827764516844
1060. 0.026936462790558835
1560. 0.0335938388649879
280.0 0.025295258773610385
810.0 0.04399277242362132
2340. 0.04762265294169765
3570. 0.07409611570852803
1240. 0.04514151056957871
1890. 0.056367774061300224
10050 0.19431307842012302
760.0 0.04547874062637902
520.0 0.026240864539147424
1160. 0.04014293897517973
740.0 0.024249939132232612
1710. 0.03540096979594409
1380. 0.026922138569830167
2780. 0.04171330928545558
3810. 0.06156963217335942
9330. 0.13270071376189208
2240. 0.03202139015172634
480.0 0.027771715367407523
1600. 0.05065121629195346
440.0 0.01603855816711075
220.0 0.015020649039058753
2310. 0.04629355968171467
4860. 0.06907304206220033
860.0 0.02062551115398037
6210. 0.08764963140254167
4200. 0.0601495022640961
1410. 0.0430288272077064
8430. 0.14166552723639825
4590. 0.06912518684316638
2280. 0.03248785604478144
10860 0.1792934298927662
1980. 0.032243008227681
940.0 0.031143670563210435
1560. 0.03175229514721423
3450. 0.0581187831845682
3040. 0.0427959330044132
1590. 0.03009560086621832
4470. 0.06686558160680534
2620. 0.04015519803959933
980.0 0.025335424647494165
10200 0.14564035094588235
2760. 0.04833494104565261
1740. 0.030489350656011993
7980. 0.12372541788215585
1860. 0.03712567879506423
3300. 0.06859827469304491
5970. 0.10773790711766651
1600. 0.035395677271537807
5850. 0.08187175646810374
2080. 0.045072468399553145
4620. 0.08965263019024405
980.0 0.022873498084209132
2860. 0.04136084862523148
3300. 0.057843174692436605
700.0 0.021258825959023397
2190. 0.04568428808039471
2220. 0.04631002135658946
4320. 0.05786673631229178
5460. 0.07549905368676946
2880. 0.04684452699535768
2610. 0.1426106801857827
1080. 0.02807994540751224
7230. 0.10814861079597904
4980. 0.07545649320508119
2700. 0.04323918035123597
2100. 0.04345897441072566
3960. 0.05238224916627132
9900. 0.14134358508590594
6420. 0.08053324595636013
6810. 0.0952423126290114
1180. 0.025723088911774994
520.0 0.018495161268049287
8370. 0.1248703478768789
3300. 0.06262326262918805
1640. 0.03259789279934466
3330. 0.06323539703674896
11190 0.14226939010501383
3930. 0.14274373383176453
1620. 0.03552020337963313
2190. 0.042141528989759536
7590. 0.08580511900635202
1200. 0.03682830537445625
1980. 0.037560844279937555
3690. 0.06212373473078969
7410. 0.10800295069253707
6270. 0.08925276638865398
2040. 0.03180834857357695
8490. 0.13484274516139294
900.0 0.023874933074182536
7230. 0.11027242347279298
1740. 0.1609915440627674
1080. 0.027694352188973426
2220. 0.03571227682175504
2640. 0.041592424009365914
1920. 0.037480766768567264
1040. 0.025295256228105245
2780. 0.03923247759962578
1280. 0.02752041538371941
1480. 0.027025077255416363
2420. 0.03689680659215355
6090. 0.0854311325758772
1920. 0.04905677634201311
2460. 0.04597307671588169
4200. 0.06190527862406725
2540. 0.04024657897218731
2920. 0.04346039164340709
1200. 0.03101751622784832
2490. 0.04875247054724241
5070. 0.07165179844105296
6060. 0.0885005235720655
2340. 0.04210178342168547
940.0 0.026030420159372625
2400. 0.04876983624944842
2300. 0.036219474910240024
480.0 0.02015673928792694
2850. 0.04975356469947201
2680. 0.04546577708924815
5940. 0.07781704919716503
5340. 0.07192908783872554
1360. 0.02787270315150181
7200. 0.1114500853706204
6810. 0.10484266058870162
980.0 0.021623790860644476
4110. 0.06344906044455456
1200. 0.02727624694307451
3690. 0.08103412737864346
1780. 0.035191848922181634
580.0 0.021046871668204403
5610. 0.07161929353878804
1380. 0.032263563766377956
1540. 0.029747865365493453
6390. 0.10155064977357142
1480. 0.033285000561591005
1920. 0.040663881029672666
9120. 0.23600991039290875
960.0 0.2587406480364507
4620. 0.05904704587180731
