200.0 0
1770. 0
1180. 0
280.0 0
5760. 39
5010. 18
5850. 27
2640. 0
6600. 21
4920. 27
160.0 0
2610. 9
9120. 42
380.0 0
640.0 0
3780. 18
4020. 24
2380. 0
10590 54
260.0 0
2380. 0
6840. 51
7320. 27
300.0 0
4320. 27
1470. 12
1160. 0
2180. 0
3840. 12
1480. 0
2190. 12
2310. 18
1180. 0
1540. 0
7050. 30
5970. 27
5100. 24
2740. 0
1000. 0
3020. 0
6150. 51
3120. 12
1140. 0
3060. 0
1860. 0
280.0 0
520.0 0
4320. 15
1940. 0
3870. 15
2070. 9
2520. 0
6270. 33
3420. 18
1950. 9
700.0 0
2600. 0
1320. 0
1080. 0
2860. 0
800.0 0
3660. 21
260.0 0
6779. 30
4980. 30
840.0 0
1590. 9
330.0 0
5310. 27
2670. 24
220.0 0
2640. 0
280.0 0
2380. 0
1080. 3
3480. 12
380.0 0
3870. 15
2130. 9
2540. 0
3570. 12
2120. 0
6870. 30
2640. 9
1720. 0
1320. 0
2720. 0
9660. 54
460.0 0
3510. 21
1980. 9
1420. 0
3040. 0
780.0 0
3870. 21
2020. 0
500.0 0
220.0 0
1020. 0
5940. 33
5250. 33
2460. 0
840.0 0
3180. 15
320.0 0
1100. 0
9990. 39
5670. 24
5280. 33
3570. 12
6510. 42
1780. 0
2190. 21
2660. 0
960.0 0
6150. 33
3960. 21
4980. 15
640.0 0
8070. 60
5040. 15
1980. 0
440.0 0
620.0 0
1290. 6
4710. 27
6210. 18
1280. 0
2200. 0
2220. 0
7260. 39
720.0 0
4950. 24
4560. 36
220.0 0
2820. 0
1780. 0
4740. 24
3300. 0
2800. 0
3960. 27
9270. 54
2160. 6
5700. 24
2420. 0
6930. 30
2850. 12
3090. 21
3210. 15
8730. 63
3210. 12
5430. 27
2280. 0
1440. 0
6750. 27
4920. 30
5970. 24
1660. 0
600.0 0
3810. 24
1060. 0
1560. 0
280.0 0
810.0 0
2340. 0
3570. 12
1240. 0
1890. 12
10050 57
760.0 0
520.0 0
1160. 0
740.0 0
1710. 3
1380. 0
2780. 0
3810. 21
9330. 51
2240. 0
480.0 3
1600. 0
440.0 0
220.0 0
2310. 6
4860. 27
860.0 0
6210. 33
4200. 18
1410. 12
8430. 63
4590. 27
2280. 0
10860 66
1980. 0
940.0 0
1560. 0
3450. 12
3040. 0
1590. 3
4470. 27
2620. 0
980.0 0
10200 51
2760. 18
1740. 0
7980. 45
1860. 0
3300. 18
5970. 48
1600. 0
5850. 27
2080. 0
4620. 30
980.0 0
2860. 0
3300. 0
700.0 0
2190. 12
2220. 15
4320. 21
5460. 15
2880. 0
2610. 9
1080. 3
7230. 30
4980. 30
2700. 0
2100. 9
3960. 12
9900. 57
6420. 24
6810. 33
1180. 0
520.0 0
8370. 45
3300. 27
1640. 0
3330. 12
11190 57
3930. 12
1620. 0
2190. 18
7590. 24
1200. 0
1980. 6
3690. 15
7410. 39
6270. 30
2040. 0
8490. 48
900.0 0
7230. 36
1740. 9
1080. 0
2220. 0
2640. 0
1920. 3
1040. 0
2780. 0
1280. 0
1480. 0
2420. 0
6090. 21
1920. 15
2460. 0
4200. 15
2540. 0
2920. 0
1200. 0
2490. 15
5070. 24
6060. 33
2340. 9
940.0 0
2400. 9
2300. 0
480.0 0
2850. 24
2680. 0
5940. 18
5340. 12
1360. 0
7200. 42
6810. 30
980.0 0
4110. 18
1200. 0
3690. 27
1780. 0
580.0 0
5610. 15
1380. 0
1540. 0
6390. 33
1480. 0
1920. 15
9120. 36
960.0 0
4620. 12
