200.0 0.0
1770. 0.0
1180. 0.0
280.0 0.0
5760. 2.2
5010. 1.2
5850. 1.4
2640. 0.0
6600. 1.4
4920. 1.8
160.0 0.0
2610. 0.6
9120. 2.8
380.0 0.0
640.0 0.0
3780. 1.2
4020. 1.8
2380. 0.0
10590 3.6
260.0 0.0
2380. 0.0
6840. 3.0
7320. 1.8
300.0 0.0
4320. 1.4
1470. 0.8
1160. 0.0
2180. 0.0
3840. 0.8
1480. 0.0
2190. 0.8
2310. 1.2
1180. 0.0
1540. 0.0
7050. 2.2
5970. 2.0
5100. 1.6
2740. 0.0
1000. 0.0
3020. 0.0
6150. 3.4
3120. 0.8
1140. 0.0
3060. 0.0
1860. 0.0
280.0 0.0
520.0 0.0
4320. 1.0
1940. 0.0
3870. 1.0
2070. 0.6
2520. 0.0
6270. 2.0
3420. 1.2
1950. 0.6
700.0 0.0
2600. 0.0
1320. 0.0
1080. 0.0
2860. 0.0
800.0 0.0
3660. 1.0
260.0 0.0
6780. 2.4
4980. 2.0
840.0 0.0
1590. 0.6
330.0 0.0
5310. 1.8
2670. 1.2
220.0 0.0
2640. 0.0
280.0 0.0
2380. 0.0
1080. 0.2
3480. 0.8
380.0 0.0
3870. 1.0
2130. 0.6
2540. 0.0
3570. 0.8
2120. 0.0
6870. 2.0
2640. 0.6
1720. 0.0
1320. 0.0
2720. 0.0
9660. 3.6
460.0 0.0
3510. 1.6
1980. 0.6
1420. 0.0
3040. 0.0
780.0 0.0
3870. 1.0
2020. 0.0
500.0 0.0
220.0 0.0
1020. 0.0
5940. 2.2
5250. 2.2
2460. 0.0
840.0 0.0
3180. 1.0
320.0 0.0
1100. 0.0
9990. 2.6
5670. 1.6
5280. 1.8
3570. 0.8
6510. 2.8
1780. 0.0
2190. 1.4
2660. 0.0
960.0 0.0
6150. 2.2
3960. 1.4
4980. 1.0
640.0 0.0
8070. 4.0
5040. 1.0
1980. 0.0
440.0 0.0
620.0 0.0
1290. 0.4
4710. 1.4
6210. 1.6
1280. 0.0
2200. 0.0
2220. 0.0
7260. 2.6
720.0 0.0
4950. 1.6
4560. 2.2
220.0 0.0
2820. 0.0
1780. 0.0
4740. 1.2
3300. 0.0
2800. 0.0
3960. 2.0
9270. 3.6
2160. 0.6
5700. 1.6
2420. 0.0
6930. 2.0
2850. 0.8
3090. 1.4
3210. 1.0
8730. 3.8
3210. 0.8
5430. 1.8
2280. 0.0
1440. 0.0
6750. 1.8
4920. 2.0
5970. 1.6
1660. 0.0
600.0 0.0
3810. 1.6
1060. 0.0
1560. 0.0
280.0 0.0
810.0 0.0
2340. 0.0
3570. 0.8
1240. 0.0
1890. 0.8
10050 3.8
760.0 0.0
520.0 0.0
1160. 0.0
740.0 0.0
1710. 0.2
1380. 0.0
2780. 0.0
3810. 1.4
9330. 3.4
2240. 0.0
480.0 0.2
1600. 0.0
440.0 0.0
220.0 0.0
2310. 0.4
4860. 1.8
860.0 0.0
6210. 2.0
4200. 1.2
1410. 0.6
8430. 3.4
4590. 1.4
2280. 0.0
10860 5.0
1980. 0.0
940.0 0.0
1560. 0.0
3450. 0.8
3040. 0.0
1590. 0.2
4470. 1.4
2620. 0.0
980.0 0.0
10200 3.8
2760. 1.2
1740. 0.0
7980. 3.0
1860. 0.0
3300. 1.4
5970. 3.2
1600. 0.0
5850. 1.8
2080. 0.0
4620. 2.0
980.0 0.0
2860. 0.0
3300. 0.0
700.0 0.0
2190. 0.8
2220. 1.0
4320. 1.4
5460. 1.0
2880. 0.0
2610. 0.6
1080. 0.2
7230. 2.0
4980. 1.6
2700. 0.0
2100. 0.6
3960. 0.8
9900. 3.0
6420. 1.6
6810. 2.0
1180. 0.0
520.0 0.0
8370. 2.8
3300. 1.8
1640. 0.0
3330. 0.8
11190 3.8
3930. 1.0
1620. 0.0
2190. 1.2
7590. 1.6
1200. 0.0
1980. 0.4
3690. 1.0
7410. 2.6
6270. 2.0
2040. 0.0
8490. 3.2
900.0 0.0
7230. 2.4
1740. 1.0
1080. 0.0
2220. 0.0
2640. 0.0
1920. 0.2
1040. 0.0
2780. 0.0
1280. 0.0
1480. 0.0
2420. 0.0
6090. 1.4
1920. 1.0
2460. 0.0
4200. 1.0
2540. 0.0
2920. 0.0
1200. 0.0
2490. 1.0
5070. 1.6
6060. 2.0
2340. 0.6
940.0 0.0
2400. 0.6
2300. 0.0
480.0 0.0
2850. 0.6
2680. 0.0
5940. 1.2
5340. 0.8
1360. 0.0
7200. 2.8
6810. 2.0
980.0 0.0
4110. 1.2
1200. 0.0
3690. 1.8
1780. 0.0
580.0 0.0
5610. 1.0
1380. 0.0
1540. 0.0
6390. 2.0
1480. 0.0
1920. 1.0
9120. 2.4
960.0 0.0
4620. 0.8
