[0.8888888888888888]
[0.2222222222222222]
[0.33333333333333337]
[0.7777777777777778]
[0.7777777777777778]
[0.8888888888888888]
[0.6666666666666667]
[0.6666666666666667]
[0.6666666666666667]
[0.33333333333333337]
[0.5555555555555556]
[0.5555555555555556]
[0.8888888888888888]
[0.2222222222222222]
[0.2222222222222222]
[0.2222222222222222]
[0.6666666666666667]
[0.2222222222222222]
[0.7777777777777778]
[0.7777777777777778]
[0.5555555555555556]
[0.8888888888888888]
[0.5555555555555556]
[0.5555555555555556]
[0.8888888888888888]
[0.8888888888888888]
[0.7777777777777778]
[0.8888888888888888]
[0.33333333333333337]
[0.5555555555555556]
[0.6666666666666667]
[0.2222222222222222]
[0.7777777777777778]
[0.7777777777777778]
[0.33333333333333337]
[0.33333333333333337]
[0.4444444444444444]
[0.8888888888888888]
[0.2222222222222222]
[0.4444444444444444]
[0.7777777777777778]
[0.33333333333333337]
[0.4444444444444444]
[0.7777777777777778]
[0.6666666666666667]
[0.33333333333333337]
[0.8888888888888888]
[0.8888888888888888]
[0.7777777777777778]
[0.4444444444444444]
[0.8888888888888888]
[0.33333333333333337]
[0.8888888888888888]
[0.2222222222222222]
[0.8888888888888888]
[0.4444444444444444]
[0.6666666666666667]
[0.2222222222222222]
[0.7777777777777778]
[0.6666666666666667]
[0.6666666666666667]
[0.33333333333333337]
[0.2222222222222222]
[0.6666666666666667]
[0.6666666666666667]
[0.8888888888888888]
[0.33333333333333337]
[0.2222222222222222]
[0.6666666666666667]
[0.8888888888888888]
[0.7777777777777778]
[0.7777777777777778]
[0.33333333333333337]
[0.8888888888888888]
[0.7777777777777778]
[0.33333333333333337]
[0.33333333333333337]
[0.6666666666666667]
[0.6666666666666667]
[0.4444444444444444]
[0.8888888888888888]
[0.33333333333333337]
[0.4444444444444444]
[0.2222222222222222]
[0.5555555555555556]
[0.5555555555555556]
[0.4444444444444444]
[0.5555555555555556]
[0.33333333333333337]
[0.2222222222222222]
[0.7777777777777778]
[0.33333333333333337]
[0.7777777777777778]
[0.2222222222222222]
[0.4444444444444444]
[0.6666666666666667]
[0.4444444444444444]
[0.2222222222222222]
[0.4444444444444444]
[0.8888888888888888]
[0.6666666666666667]
[0.7777777777777778]
[0.6666666666666667]
[0.2222222222222222]
[0.4444444444444444]
[0.33333333333333337]
[0.5555555555555556]
[0.8888888888888888]
[0.8888888888888888]
[0.7777777777777778]
[0.6666666666666667]
[0.33333333333333337]
[0.2222222222222222]
[0.5555555555555556]
[0.5555555555555556]
[0.6666666666666667]
[0.5555555555555556]
[0.7777777777777778]
[0.5555555555555556]
[0.4444444444444444]
[0.8888888888888888]
[0.2222222222222222]
[0.7777777777777778]
[0.8888888888888888]
[0.6666666666666667]
[0.2222222222222222]
[0.33333333333333337]
[0.4444444444444444]
[0.5555555555555556]
[0.5555555555555556]
[0.7777777777777778]
[0.2222222222222222]
[0.7777777777777778]
[0.33333333333333337]
[0.6666666666666667]
[0.4444444444444444]
[0.7777777777777778]
[0.4444444444444444]
[0.7777777777777778]
[0.8888888888888888]
[0.2222222222222222]
[0.8888888888888888]
[0.5555555555555556]
[0.4444444444444444]
[0.4444444444444444]
[0.4444444444444444]
[0.7777777777777778]
[0.7777777777777778]
[0.4444444444444444]
[0.8888888888888888]
[0.2222222222222222]
[0.33333333333333337]
[0.2222222222222222]
[0.4444444444444444]
[0.5555555555555556]
[0.33333333333333337]
[0.2222222222222222]
[0.8888888888888888]
[0.6666666666666667]
[0.6666666666666667]
[0.5555555555555556]
[0.33333333333333337]
[0.7777777777777778]
[0.2222222222222222]
[0.6666666666666667]
[0.7777777777777778]
[0.7777777777777778]
[0.5555555555555556]
[0.2222222222222222]
[0.6666666666666667]
[0.5555555555555556]
[0.4444444444444444]
[0.4444444444444444]
[0.6666666666666667]
[0.7777777777777778]
[0.33333333333333337]
[0.4444444444444444]
[0.7777777777777778]
[0.6666666666666667]
[0.5555555555555556]
[0.5555555555555556]
[0.5555555555555556]
[0.8888888888888888]
[0.2222222222222222]
[0.5555555555555556]
[0.5555555555555556]
[0.6666666666666667]
[0.5555555555555556]
[0.5555555555555556]
[0.2222222222222222]
[0.6666666666666667]
[0.2222222222222222]
[0.5555555555555556]
[0.7777777777777778]
[0.5555555555555556]
[0.8888888888888888]
[0.4444444444444444]
[0.6666666666666667]
[0.5555555555555556]
[0.33333333333333337]
[0.33333333333333337]
[0.33333333333333337]
[0.8888888888888888]
[0.4444444444444444]
[0.8888888888888888]
[0.4444444444444444]
[0.8888888888888888]
[0.5555555555555556]
[0.2222222222222222]
[0.7777777777777778]
[0.4444444444444444]
[0.4444444444444444]
[0.8888888888888888]
[0.4444444444444444]
[0.6666666666666667]
[0.7777777777777778]
[0.33333333333333337]
[0.4444444444444444]
[0.33333333333333337]
[0.7777777777777778]
[0.7777777777777778]
[0.8888888888888888]
[0.2222222222222222]
[0.8888888888888888]
[0.33333333333333337]
[0.8888888888888888]
[0.6666666666666667]
[0.2222222222222222]
[0.4444444444444444]
[0.6666666666666667]
[0.8888888888888888]
[0.7777777777777778]
[0.7777777777777778]
[0.33333333333333337]
[0.4444444444444444]
[0.5555555555555556]
[0.4444444444444444]
[0.2222222222222222]
[0.6666666666666667]
[0.5555555555555556]
[0.6666666666666667]
[0.2222222222222222]
[0.2222222222222222]
[0.33333333333333337]
[0.33333333333333337]
[0.2222222222222222]
[0.7777777777777778]
[0.7777777777777778]
[0.33333333333333337]
[0.8888888888888888]
[0.7777777777777778]
[0.5555555555555556]
[0.4444444444444444]
[0.33333333333333337]
[0.2222222222222222]
[0.6666666666666667]
[0.7777777777777778]
[0.7777777777777778]
[0.7777777777777778]
[0.7777777777777778]
[0.2222222222222222]
[0.8888888888888888]
[0.33333333333333337]
[0.8888888888888888]
[0.7777777777777778]
[0.4444444444444444]
[0.4444444444444444]
[0.6666666666666667]
[0.8888888888888888]
[0.33333333333333337]
[0.7777777777777778]
[0.8888888888888888]
[0.5555555555555556]
[0.8888888888888888]
[0.5555555555555556]
[0.2222222222222222]
[0.2222222222222222]
[0.2222222222222222]
[0.33333333333333337]
[0.7777777777777778]
[0.2222222222222222]
[0.33333333333333337]
[0.2222222222222222]
[0.8888888888888888]
[0.7777777777777778]
[0.8888888888888888]
[0.4444444444444444]
[0.6666666666666667]
[0.6666666666666667]
[0.8888888888888888]
[0.5555555555555556]
[0.7777777777777778]
[0.7777777777777778]
[0.5555555555555556]
[0.2222222222222222]
[0.6666666666666667]
[0.5555555555555556]
[0.2222222222222222]
[0.5555555555555556]
[0.6666666666666667]
[0.33333333333333337]
[0.8888888888888888]
[0.33333333333333337]
