4300. 85999
18130 25899
24080 34399
3920. 97999
50400 50399
25760 32199
11690 16699
27440 19599
1760. 87999
11610 12899
12120 10099
9760. 12199
21580 16599
6640. 82999
11600 14499
25050 16699
27900 46499
480.0 23999
33300 22199
14700 20999
20050 40099
7550. 15099
10570 15099
28920 24099
19740 14099
14560 20799
7350. 14699
35640 32399
3330. 11099
19400 48499
20610 22899
23670 26299
7860. 26199
13050 26099
38850 25899
8600. 21499
2020. 10099
13750 12499
15650 31299
32060 22899
13650 19499
19500 32499
28800 28799
17710 16099
13640 12399
11360 28399
30600 20399
20960 26199
24640 22399
33020 25399
10800 11999
23870 21699
16550 33099
1060. 52999
9520. 11899
24990 35699
12780 21299
24240 30299
18240 45599
2060. 10299
13050 43499
18090 20099
34970 26899
13700 27399
20700 20699
33840 28199
18270 26099
38250 42499
17360 12399
10620 11799
22320 24799
34800 34799
15260 21799
3600. 89999
17730 19699
45000 29999
34200 28499
11610 38699
23920 18399
31980 53299
23920 18399
22610 32299
440.0 21999
21560 15399
40260 36599
6450. 21499
640.0 31999
26510 24099
21140 30199
5900. 11799
7500. 24999
45640 32599
5760. 14399
25200 25199
33740 24099
12390 17699
7290. 24299
23140 17799
22860 25399
27940 25399
23240 16599
17160 13199
6480. 10799
18960 23699
940.0 46999
6800. 16999
19740 14099
12600 25199
21230 19299
20820 34699
1580. 78999
11100 18499
2160. 10799
5390. 76999
15340 11799
19400 19399
9870. 14099
19300 19299
21840 15599
43560 39599
20720 14799
5970. 19899
24000 15999
30240 25199
11880 10799
32480 23199
29100 29099
26880 19199
26820 29799
53100 53099
21240 53099
26780 20599
150.0 49999
30690 27899
740.0 36999
19460 13899
7200. 17999
16290 18099
15350 30699
9920. 12399
5010. 16699
18360 20399
21600 21599
7160. 17899
30600 33999
27090 38699
18560 23199
30720 25599
2120. 10599
2280. 11399
27480 45799
17460 29099
31920 39899
33200 41499
21600 17999
25410 23099
7280. 10399
13080 10899
32230 29299
17400 28999
4890. 16299
32700 32699
10400 20799
11620 16599
24300 26999
20930 16099
24210 26899
25740 23399
7380. 24599
8520. 28399
34200 34199
30640 38299
36400 25999
23940 34199
13600 27199
33900 22599
6880. 85999
30600 25499
25380 28199
5910. 19699
9440. 11799
33210 36899
35140 25099
12950 18499
8080. 10099
20570 18699
20850 41699
23040 19199
13800 34499
16740 27899
15960 26599
17600 21999
17920 44799
12880 18399
32340 23099
3220. 16099
17350 34699
20880 17399
13160 32899
28280 20199
42300 46999
5530. 78999
21150 14099
14820 11399
8200. 16399
14650 29299
13050 86999
36720 30599
10100 20199
15250 30499
32820 54699
16800 41999
48300 48299
11280 14099
4480. 11199
1820. 90999
35100 35099
20400 20399
5200. 10399
8480. 21199
19500 19499
10840 27099
4970. 70999
47760 39799
29280 24399
36480 30399
3160. 78999
25450 50899
2910. 96999
7420. 10599
19080 21199
50040 41699
17640 19599
24950 49899
7860. 13099
25320 21099
25630 23299
14630 13299
58200 48499
21450 42899
18540 20599
3600. 71999
49440 41199
31560 26299
38280 34799
28650 19099
6880. 17199
44770 40699
2140. 10699
13320 33299
26180 18699
28160 25599
31680 28799
27000 29999
33960 56599
29520 32799
19620 32699
4300. 85999
28500 28499
29770 22899
42100 42099
42960 53699
24000 23999
27200 33999
13040 32599
22220 20199
12900 25799
10250 20499
35620 27399
30420 23399
11280 14099
27720 30799
5820. 19399
12870 98999
26640 33299
19850 39699
5080. 12699
12000 39999
35310 32099
28800 19199
20760 34599
14220 47399
10230 34099
860.0 42999
6400. 15999
10980 36599
6540. 21799
29480 26799
