2050. 0.04976415759801922
9380. 0.1349626840352922
11340 0.1817344818322688
2920. 0.046133923239908725
13500 0.2972019462304285
9680. 0.16382204762631503
6650. 0.16361861645842524
10640 0.37387671403936196
1760. 0.025802745664677218
6840. 0.18337962670999985
5880. 0.2409952470692751
2960. 0.13904132201428254
7670. 0.31962243480175445
5440. 0.16199850668766302
6080. 0.1552466334889573
11400 0.3952682867222457
11580 0.1599382101838387
480.0 0.013639435339886319
12150 0.42041281077363024
6930. 0.11135513137367781
9050. 0.21282696414638025
3650. 0.05722299845161416
5320. 0.12401374104322826
9120. 0.29299526689808886
10640 0.33695307744480374
3710. 0.10325640020498383
3900. 0.07459954865735341
12540 0.26417794594855337
2250. 0.03458684899313624
10440 0.10760573452937194
10710 0.19515485230064655
9990. 0.21025721212978254
3990. 0.05965795251275807
4950. 0.08159123587522288
12150 0.4342001742551318
4920. 0.3390134036441026
2020. 0.023458829297389627
4730. 0.2034990349815473
8550. 0.09759072930533819
12040 0.4136675722986496
8680. 0.1548436668982731
9240. 0.13471888013866362
7700. 0.19922617341173066
6930. 0.2582078018894691
5940. 0.4405460780104278
4240. 0.3063660564698125
12900 0.5212325571958019
10320 0.1652323420250923
9570. 0.2711434071683527
9880. 0.3538060346091214
5940. 0.1701390676982868
11110 0.27266905054807467
8000. 0.10140657910007178
1060. 0.02043209693582071
4480. 0.1393165689956959
9730. 0.1689739510135979
6360. 0.11378108510162122
9440. 0.16064044458028093
10440 0.12134828928526531
2060. 0.028873817168886262
7290. 0.09183981183119272
7560. 0.18443479950346386
9880. 0.3408402652687528
7100. 0.08809630333183804
7600. 0.23138896322608105
9120. 0.35285012383403114
9240. 0.13885076944241348
12510 0.21789764994615268
10220 0.30386490539186184
5940. 0.17422077160654226
10890 0.198429246400309
11300 0.2505650851869632
6790. 0.11988312784069421
3000. 0.04233554072894208
6120. 0.16807058072399172
12900 0.44999785465435593
13080 0.3316665679113271
6660. 0.453738031303061
9880. 0.8152381647389291
13140 0.18282304603857824
9490. 0.2977303057416236
10290 0.14794981817425423
440.0 0.015258339006493316
10640 0.2911220039561613
13090 0.28864110068536775
4020. 0.04386856322821586
640.0 0.014521128415537987
8029. 0.23637593221945963
8540. 0.14451433937381353
2650. 0.05927111544903596
4200. 0.04631777215257671
10640 0.3824248936547576
3840. 0.043552969053337165
8400. 0.20945918756262927
12040 0.3827210352854422
6720. 0.13257889893566244
3870. 0.04915090577856063
10530 0.32716575001873593
8640. 0.18694503739982338
10560 0.2615377761409263
10220 0.2884305636179363
10530 0.35161843039264795
2880. 0.08157626549854058
4640. 0.21244948492449112
1000. 0.01965133151404075
3280. 0.06399216577659672
12040 0.30225523186095415
7650. 0.08682924358140554
9460. 0.2805741538777795
11400 0.11938339536064291
1580. 0.02336871091202397
7320. 0.10081382672942141
2160. 0.028358422816268103
2590. 0.09590494898466773
8189. 0.26598868297028844
7300. 0.1895138434244643
4830. 0.12423821501991483
7600. 0.22650812288011934
10640 0.4926317466379828
12320 0.2874919669995677
9240. 0.365396869564222
3540. 0.30247641452598373
11400 0.3950435614663945
13080 0.29467812527963133
4730. 0.2869158833502752
10640 0.4563174595258488
10900 0.26231895501405234
12040 0.569068980623797
12510 0.2113391869655743
14000 0.26952806701945065
11480 0.11590890145902222
5330. 0.32277507140520356
150.0 0.01699817334792897
8360. 0.2794457616114414
740.0 0.01977126608466051
9520. 0.3271946212710759
4960. 0.06358810563943962
6840. 0.1818555890573066
8000. 0.09877107246404648
4320. 0.11790403714678632
2580. 0.039917500864305566
5670. 0.21442959222184754
10200 0.2908004694044166
5000. 0.0577341153167481
11160 0.1852580706551521
9940. 0.1893723649308754
6960. 0.15115685620241948
14280 0.33974402926480707
2120. 0.025763993390683027
2280. 0.06528669525380337
12660 0.14027184227364842
8400. 0.12074939059039025
10400 0.19851246498967612
12160 0.1997513630717549
8160. 0.24183227581642086
8910. 0.2617188474910108
5320. 0.09279683787758586
5520. 0.24818815185233234
6930. 0.22326486366659992
9120. 0.1159743630050798
1950. 0.3163175786829697
8100. 0.48331815446567816
4900. 0.08026156186571143
7070. 0.10559747735135261
9180. 0.212091500158067
9880. 0.29524845861709537
9270. 0.2628073696887441
8029. 0.280501334752671
3510. 0.04863531702056889
4080. 0.35996160691661316
10900 0.6036262219124069
11120 0.7820425132958349
10220 0.3710083973427345
10780 0.167974335017675
5950. 0.07538460819205284
12900 0.4323316189961588
4240. 0.10916463949860145
10320 0.33303489726222324
10260 0.18851788075602371
2670. 0.0360305841918489
4640. 0.11038956509059972
11160 0.24700900633314404
12040 0.3680470772312674
6020. 0.15228827653407961
4240. 0.12283006684049269
8360. 0.2743118511056082
9100. 0.0962189299932561
9960. 0.2927626357243298
8240. 0.07742504932519978
9000. 0.11789191119169118
8340. 0.11628889586108926
8720. 0.16684907571334406
9440. 0.10391775624367483
6020. 0.10750106443299501
10640 0.37158369332348684
3220. 0.06944579131254613
8550. 0.10431613369769366
8280. 0.26886197397919886
7680. 0.32576560628314155
8120. 0.3300631086519843
12240 0.4955509284176287
3010. 0.08885535416425228
11400 0.3783881368426023
5590. 0.28411253490611443
4650. 0.08685761473265075
6250. 0.10208149278014389
8100. 0.41152635661694603
6720. 0.30901387284450266
5850. 0.07327221912555615
8600. 0.10179515298420938
13559 0.1671903024958965
9360. 0.08910341705114888
14400 0.3023228939081264
4480. 0.11982330327293766
3360. 0.0455195861896982
1880. 0.02827311915359587
10100 0.2464507408021177
7600. 0.19436817941942763
3050. 0.07017612615419466
5160. 0.07131144051288629
8700. 0.23116081419658485
6320. 0.06961977513469719
3710. 0.09395945839582964
13080 0.3370384804100013
10320 0.3225140933234911
10320 0.3252240413946197
2760. 0.040403805559378725
11600 0.11329443870073419
1920. 0.029678766663096212
4060. 0.13021699114631247
6120. 0.18239460055747259
13920 0.4933378155993182
7740. 0.1652118399158553
11550 0.15567898478525422
4560. 0.08869252192596377
10320 0.24789431086190916
11660 0.29434377945989354
7480. 0.2301633054598824
13680 0.38087189070409977
10900 0.2751617170973759
5940. 0.15768432209603134
2250. 0.051248012310281865
14280 0.39042631337190414
13080 0.740618658703454
9460. 0.2709777855375819
10350 0.38697754806412377
3880. 0.04619038252064911
13090 0.28377992980938416
2140. 0.09423862395794913
8840. 0.08046888360337334
10640 0.3426973350036633
13090 0.28769444539932465
11660 0.2547385244221232
10710 0.26878227889721984
15360 0.1676858448386156
12780 0.21924712161421667
11280 0.11946414172837194
2900. 0.05470125277304305
7300. 0.201576863053333
9880. 0.29923141223912353
11700 0.2793490894032402
14160 0.187051695446371
8600. 0.3890813719109474
9520. 0.17322276063657682
8360. 0.08046263295580047
8360. 0.24429750347678691
7100. 0.08448895415506286
5600. 0.07945340761079933
11180 0.3247577370499357
10530 0.3094350183548613
5280. 0.11322663199939598
7740. 0.2580105089140261
3840. 0.046962958307744884
8580. 0.30831663908304563
12720 0.1713510440462187
8450. 0.11867554496234334
3760. 0.13369186359511787
6630. 0.07024493559094935
10340 0.305761168422805
11400 0.3879787904703562
8640. 0.13564351291131516
9180. 0.07489833769125198
5910. 0.06474633976517907
860.0 0.015382598424366734
3760. 0.04892457433140862
4860. 0.06553071969415214
4410. 0.04698875648637113
10120 0.23593974897926273
