6420. 1.2
12900 3.6
9490. 1.2
10320 2.8
9020. 4.533
4100. 5.0
12040 2.8
7420. 3.0
6480. 0.8
2460. 1.6
2870. 1.333
8700. 1.6
10950 2.6
9490. 2.6
1620. 4.4
6480. 2.866
5520. 4.466
5520. 3.8
8030. 1.8
9940. 2.6
7590. 3.066
2070. 3.733
9900. 3.8
2970. 4.133
6020. 5.133
5160. 5.466
2580. 5.466
7810. 1.866
1420. 2.933
15400 10.13
9240. 9.2
12740 3.466
2940. 4.2
4710. 7.6
4710. 7.2
6280. 7.666
10640 4.0
1520. 6.4
4800. 3.733
3600. 3.733
1520. 0.0
6860. 1.0
6600. 2.4
5720. 1.2
6160. 1.4
1230. 1.333
2050. 1.066
3280. 0.6
5520. 1.2
9900. 2.2
5300. 0.8
11400 3.2
10640 1.6
5900. 1.2
12150 3.2
5300. 0.2
5800. 1.0
3440. 0.6
6800. 1.4
9120. 1.0
8970. 1.8
6600. 2.066
3960. 3.066
9880. 1.2
7600. 1.0
12900 2.4
11180 2.0
9720. 3.0
5280. 1.4
8970. 2.0
10650 3.8
11180 3.6
6240. 1.8
8030. 1.4
4300. 1.2
12040 1.6
6360. 1.2
7420. 1.8
8820. 3.0
5670. 1.6
7420. 1.6
6080. 3.533
6080. 4.4
7740. 1.8
7600. 2.6
4860. 0.8
12900 2.8
6080. 3.6
5320. 4.2
9460. 2.2
9460. 2.2
6210. 1.4
11400 2.6
12040 4.2
12040 2.2
12900 3.6
7600. 3.666
4560. 4.0
6360. 1.4
10320 4.6
3440. 2.466
3010. 2.8
5330. 0.6
7740. 2.8
6800. 1.2
10320 1.8
6120. 1.8
12040 2.8
5940. 3.466
3300. 4.666
6800. 2.2
7140. 3.333
1020. 5.533
9240. 2.0
7600. 1.2
5180. 3.733
6660. 4.333
9880. 1.8
8520. 1.2
6300. 2.4
5880. 4.333
5880. 3.666
8100. 4.066
2430. 5.533
10640 1.8
12040 2.0
11180 3.0
7920. 1.8
7740. 4.2
4300. 4.866
4050. 6.0
8910. 4.2
12040 1.8
10640 2.2
4300. 4.266
6880. 3.133
5670. 3.533
6480. 4.266
1680. 2.4
3360. 2.066
840.0 2.933
3180. 5.0
6360. 3.933
4240. 4.466
11110 4.933
4040. 5.333
2900. 3.133
4640. 3.0
13080 6.266
4360. 6.733
9230. 3.0
1420. 4.933
6450. 4.2
5160. 4.533
8100. 1.8
7110. 3.933
5530. 3.733
14640 5.4
4880. 5.8
10320 1.2
7740. 7.8
6450. 7.8
3870. 8.466
9880. 2.4
260.0 0.0
5350. 7.8
4280. 7.6
6420. 7.4
9880. 2.4
1520. 4.733
5320. 2.933
6080. 2.8
9490. 2.933
1460. 4.466
3480. 9.2
4640. 8.6
8120. 8.266
9880. 2.2
6080. 2.2
3800. 3.2
3800. 2.466
6840. 1.666
11480 7.4
6560. 8.6
6560. 7.133
11900 2.733
1700. 4.333
7920. 3.4
1440. 5.133
2160. 5.133
4650. 3.4
3720. 3.2
1860. 3.2
12040 4.266
1720. 7.133
7560. 7.933
6300. 8.666
5040. 8.266
4710. 7.6
4710. 6.6
7850. 7.4
3140. 7.6
9000. 4.4
4500. 4.333
12220 4.133
2820. 5.2
11400 2.2
12200 5.266
2440. 5.933
4880. 5.266
9590. 6.666
5480. 6.466
5480. 7.333
8340. 8.866
4170. 8.8
2780. 9.6
6950. 7.733
2280. 7.266
5700. 6.466
4560. 6.066
5700. 6.4
8120. 5.2
3480. 5.6
3480. 5.6
2320. 5.2
9750. 9.6
11700 9.733
5850. 8.8
4700. 5.933
2820. 5.333
7520. 5.4
1980. 3.466
5280. 2.533
5850. 4.2
5850. 4.4
300.0 0.0
2310. 0.4
5590. 0.2
2080. 0.4
7950. 2.2
5980. 1.8
4510. 1.6
5760. 0.4
8260. 0.8
5610. 1.2
9240. 3.0
9240. 1.0
4320. 0.933
1920. 1.666
8190. 0.8
5830. 1.4
10650 1.2
4800. 0.2
11400 1.8
7670. 2.0
10950 2.8
10650 2.2
4800. 0.2
6160. 0.8
3960. 0.8
1320. 1.8
4900. 0.4
11400 3.8
10640 4.4
6380. 0.8
11400 3.8
11400 3.4
10220 2.6
8970. 2.4
10220 1.4
4410. 0.6
11340 1.8
12900 3.4
220.0 0.0
12900 3.2
10640 3.4
4770. 1.6
9880. 1.4
3440. 0.4
9880. 1.2
12900 4.0
10640 2.2
12040 3.6
12900 2.0
12040 2.0
12900 3.0
3010. 1.0
12040 1.6
9120. 2.6
12900 4.4
12040 2.2
4860. 0.2
12040 4.2
4860. 0.6
7590. 1.8
9120. 0.8
4860. 1.8
6300. 1.6
9120. 1.8
12040 0.6
12040 2.4
8760. 1.2
5310. 1.2
12040 2.8
7810. 2.8
12040 3.2
9120. 2.8
6300. 1.2
260.0 0.0
8030. 2.0
11180 3.2
4320. 2.866
4320. 2.666
8360. 1.8
8030. 1.8
9120. 2.2
6900. 1.6
6600. 2.0
8360. 1.4
9120. 2.6
9120. 1.2
9120. 0.6
2460. 1.333
2460. 1.466
8360. 3.533
3800. 4.866
5310. 3.066
4130. 3.533
11180 2.0
7480. 1.866
2720. 3.133
11180 1.6
8360. 1.6
8360. 2.0
7600. 1.6
3780. 2.2
4320. 2.466
10320 4.4
10320 3.6
4240. 2.066
3180. 2.533
7600. 1.4
7600. 1.0
7600. 1.6
8100. 4.4
4860. 5.866
8910. 1.8
7600. 2.2
3710. 2.933
3710. 3.266
6570. 4.2
5110. 4.733
6840. 2.866
4560. 3.8
8600. 5.933
5160. 7.0
8600. 4.2
5160. 5.466
6840. 2.066
3800. 3.066
5280. 1.6
6840. 0.8
6840. 2.8
8600. 5.666
5160. 6.733
8600. 2.2
5840. 5.866
5840. 6.6
6840. 3.8
5320. 4.133
810.0 0.133
540.0 0.2
6080. 4.333
6080. 4.266
6080. 3.6
5320. 4.2
420.0 0.4
420.0 0.466
420.0 0.466
7740. 5.4
6020. 5.933
6880. 4.466
6880. 4.533
6480. 3.4
3240. 4.466
6880. 3.333
5160. 3.533
5160. 4.333
6880. 3.8
3160. 4.8
5530. 3.8
3160. 4.666
5670. 6.266
5670. 5.866
6020. 2.533
4300. 3.266
480.0 0.0
5670. 6.0
5670. 6.2
4320. 4.333
5040. 4.133
4560. 2.333
3800. 2.733
4800. 4.8
4800. 4.733
2400. 5.6
4860. 4.133
4050. 4.266
1620. 5.133
2430. 5.066
560.0 0.0
7980. 6.866
6840. 7.866
8330. 6.4
8330. 6.933
4300. 6.533
3440. 6.933
4300. 6.533
2280. 5.466
3040. 5.2
3040. 5.2
2280. 5.466
1520. 5.8
6200. 5.933
7440. 5.6
3720. 6.733
820.0 1.133
820.0 1.2
820.0 1.066
820.0 1.0
6600. 6.6
7920. 5.2
880.0 2.533
880.0 2.733
880.0 2.6
880.0 2.533
1320. 2.2
6100. 9.4
4880. 10.2
3660. 10.73
4880. 10.06
6500. 7.266
3900. 8.266
3900. 8.0
3900. 8.066
5560. 9.666
4170. 10.0
2780. 10.8
4170. 9.933
2780. 10.73
3900. 11.4
5850. 10.66
3900. 11.26
7800. 9.6
5850. 10.4
4380. 10.86
2920. 11.66
4380. 10.93
4380. 10.73
2920. 11.46
5160. 4.533
5160. 4.466
7620. 1.2
6930. 1.8
11400 2.6
6360. 1.0
9540. 4.666
6360. 4.733
11900 4.866
5950. 5.0
6840. 4.466
5320. 4.733
5830. 1.8
9880. 2.6
4560. 3.533
6080. 2.733
6120. 0.8
6880. 3.266
6880. 2.933
6380. 1.0
260.0 0.0
11400 2.8
9120. 2.6
6090. 5.2
7830. 5.866
5840. 2.933
5110. 3.0
7600. 3.866
3040. 4.066
5280. 2.6
3300. 2.6
7300. 1.6
7600. 0.8
8300. 4.066
3320. 4.8
9460. 1.8
8080. 4.333
7070. 4.266
6840. 3.2
3800. 4.133
8500. 4.266
3400. 5.733
11770 5.8
5350. 6.2
7420. 7.4
7420. 7.333
15080 5.733
3480. 6.133
12900 4.4
2940. 8.4
4410. 7.6
8820. 8.333
4410. 7.866
7000. 3.333
2800. 4.733
1600. 0.6
1400. 0.333
7840. 2.0
6150. 1.0
450.0 0.066
300.0 0.2
5760. 1.4
7540. 1.0
6370. 0.8
6360. 1.6
8700. 1.0
6720. 0.4
6890. 1.8
8970. 1.0
5160. 0.8
8190. 2.0
7670. 1.0
9230. 1.2
5330. 1.8
4770. 1.8
5940. 0.8
10350 3.0
3520. 0.8
7560. 1.6
9940. 1.4
8520. 1.8
5220. 0.6
8160. 1.6
10640 2.6
12040 4.0
860.0 2.133
4730. 0.933
12040 3.4
10220 3.4
11400 2.2
9120. 2.0
9520. 1.8
8760. 2.8
12040 3.4
9120. 2.8
10320 1.8
4730. 1.2
12900 2.4
8260. 2.6
7600. 2.4
11400 1.6
6860. 0.8
9240. 1.8
330.0 0.0
4300. 2.4
2580. 2.866
9120. 3.4
12040 3.4
3360. 3.0
5040. 2.666
12900 3.0
5280. 0.6
12040 2.6
5220. 1.6
9120. 2.2
9120. 3.2
8760. 2.2
900.0 0.0
10640 3.2
7200. 1.6
4480. 3.533
4480. 3.666
8580. 2.2
260.0 0.0
9880. 2.8
6080. 2.733
5320. 2.8
6930. 1.8
7600. 2.6
6080. 2.933
5320. 2.8
3220. 2.133
3220. 2.333
11180 2.0
9120. 2.4
5520. 4.533
5520. 4.533
3480. 2.933
5220. 2.2
7920. 1.6
8840. 1.8
6600. 1.6
6880. 5.333
6880. 5.066
9720. 3.2
9120. 2.2
5900. 1.0
12900 2.2
6800. 0.8
10530 3.8
6480. 4.066
6480. 4.2
10320 1.8
4970. 4.133
5680. 3.4
8280. 1.6
10220 2.8
5400. 1.8
2700. 3.133
11400 3.4
12040 1.6
5760. 5.133
4480. 4.466
11340 2.2
10320 3.0
10640 4.2
6840. 1.2
3680. 0.733
1380. 1.066
10320 1.6
12040 3.2
12040 2.2
4620. 4.8
5940. 4.466
6720. 6.066
6720. 5.333
5160. 0.2
10950 2.6
9120. 2.6
3300. 4.066
5280. 3.333
8360. 1.8
10640 3.0
7590. 2.4
7590. 1.8
4400. 1.333
880.0 2.466
880.0 2.4
1890. 0.0
6880. 1.6
9880. 2.2
9180. 5.8
6120. 4.933
6600. 3.266
3300. 4.066
8910. 4.6
3240. 6.4
9120. 2.8
5310. 0.4
990.0 0.0
8760. 1.8
9460. 3.666
2580. 6.133
8580. 2.6
1320. 4.733
7420. 2.4
8000. 3.4
6000. 2.866
11340 2.0
10640 2.4
3200. 1.933
2560. 1.866
10320 2.2
12040 2.8
5670. 3.333
3150. 4.2
11180 3.0
6600. 5.933
7700. 6.733
4560. 5.2
3800. 5.066
3800. 4.866
7300. 2.8
1460. 3.8
2190. 3.266
9460. 2.0
6080. 2.4
630.0 0.2
420.0 0.133
7920. 1.2
8820. 2.8
6100. 5.266
6100. 5.666
6100. 4.4
5670. 3.733
6480. 4.0
8600. 2.6
5160. 3.866
1720. 3.733
7740. 1.933
7140. 6.066
10710 6.533
5320. 4.0
6840. 3.333
4850. 2.933
1940. 3.866
2910. 3.533
5400. 0.533
1080. 1.4
7560. 2.866
1890. 4.8
6210. 4.2
4140. 4.133
7600. 2.666
3040. 3.933
7560. 3.0
1260. 4.666
6960. 5.2
4640. 6.133
5800. 4.933
11640 3.333
2910. 4.466
4320. 2.6
1080. 4.266
7740. 4.933
2580. 5.733
3440. 6.333
11610 5.4
5160. 5.733
2580. 6.8
1320. 5.733
1320. 5.8
6600. 3.933
1320. 5.533
7140. 9.6
8330. 9.466
3570. 10.73
6480. 0.6
1080. 1.466
9120. 1.2
5760. 5.2
6720. 4.266
4100. 4.0
3280. 3.866
2460. 4.466
11400 2.8
5800. 7.4
5800. 6.8
5800. 7.733
3500. 4.933
1400. 5.6
2100. 5.533
4200. 5.133
8760. 4.466
4380. 5.6
5760. 5.0
3840. 4.933
4800. 4.4
9520. 3.666
1360. 6.333
5160. 2.866
5160. 3.533
580.0 0.0
2940. 3.533
4900. 3.133
9880. 2.2
7620. 3.533
10160 5.133
16170 6.4
7350. 5.933
5700. 6.466
4560. 6.733
5700. 7.266
3720. 4.533
6200. 4.4
3720. 3.666
5010. 2.8
5010. 3.466
7590. 3.2
3450. 3.466
320.0 0.0
7120. 5.666
6230. 5.333
11340 9.866
4860. 9.333
6480. 9.466
3240. 10.53
5600. 6.333
7840. 7.0
3360. 6.533
10440 5.266
5800. 5.266
2320. 5.933
6060. 7.2
5050. 7.8
3030. 7.666
11520 4.2
2880. 5.466
8520. 5.2
11360 5.533
11400 3.6
5360. 8.733
4020. 8.4
4020. 9.2
5360. 8.666
1460. 4.933
10220 2.866
6630. 4.6
15470 5.466
1260. 0.0
640.0 0.2
800.0 0.066
6160. 1.4
7200. 1.6
4180. 0.4
7140. 1.4
7560. 1.4
7840. 2.6
7840. 1.2
8850. 2.0
7840. 1.0
6890. 0.4
5280. 0.4
8820. 1.4
10200 4.0
9240. 2.6
9520. 2.0
9240. 4.0
8190. 1.8
6960. 1.2
7080. 1.2
10950 3.2
5830. 0.8
6960. 1.6
3280. 0.8
11400 2.8
11400 2.2
8580. 2.4
8840. 2.0
2590. 1.6
10640 1.0
5400. 0.4
5400. 0.8
10640 2.2
7920. 1.8
10640 2.2
5600. 1.0
7920. 1.8
12900 3.2
2800. 0.6
12900 2.2
12900 5.2
12900 1.8
8160. 1.2
12900 2.6
12900 5.0
5800. 1.2
3780. 3.333
4860. 2.733
5900. 1.8
8520. 2.6
12040 2.6
8760. 1.6
8760. 2.0
9120. 2.2
9120. 1.8
9120. 3.2
11180 3.0
4240. 2.8
4240. 3.0
5310. 0.6
11180 3.4
11180 3.0
11180 3.0
11180 3.0
6900. 2.0
9720. 2.6
10320 0.6
10320 2.8
8910. 1.4
7600. 1.6
7600. 2.466
4560. 3.466
9460. 2.2
6120. 1.6
7600. 2.0
9460. 1.6
9460. 1.8
6210. 4.133
4140. 4.8
320.0 0.0
8600. 1.6
8600. 1.8
8600. 2.2
5840. 4.466
5840. 4.133
6840. 3.266
5320. 4.066
5110. 2.933
5840. 2.866
380.0 0.0
7290. 5.266
5670. 5.266
7740. 3.333
3440. 5.066
6080. 4.333
5320. 4.266
5110. 4.066
3650. 4.666
2920. 4.866
6880. 4.2
2580. 5.4
3440. 5.2
5390. 4.266
4620. 4.8
4440. 3.866
4440. 3.6
3800. 3.933
3800. 3.933
3800. 3.733
7420. 6.733
6360. 7.133
3180. 8.066
7630. 5.133
5450. 5.8
4360. 6.333
4100. 7.066
4100. 7.0
4100. 7.133
7620. 7.6
3810. 8.666
7620. 7.133
720.0 0.8
720.0 0.8
720.0 0.8
5600. 7.666
5600. 7.666
5600. 7.533
5120. 8.666
6400. 8.133
6400. 7.733
2560. 9.266
5760. 9.333
7200. 8.8
4320. 9.666
4320. 9.8
5960. 9.066
7450. 8.733
4470. 9.666
5960. 9.133
3240. 6.066
2160. 6.666
2160. 6.666
3240. 6.0
2160. 6.866
2740. 6.0
4110. 5.266
4110. 5.133
