2280. 75999
2040. 50999
900.0 50999
1920. 47999
5130. 17099
840.0 70999
1420. 70999
1620. 80999
2370. 78999
1440. 10199
2070. 10199
2040. 10199
3060. 10199
6880. 17599
4520. 17599
5280. 17599
330.0 36999
340.0 36999
1110. 36999
400.0 36999
480.0 36999
1520. 63999
1640. 63999
1920. 63999
660.0 63999
4840. 12899
1600. 12899
3870. 12899
940.0 80999
1000. 80999
1620. 80999
5490. 19199
7680. 19199
2730. 19199
1520. 14099
1950. 14099
4230. 14099
2760. 14099
300.0 42999
810.0 42999
800.0 42999
1720. 42999
600.0 48999
260.0 48999
1960. 48999
1880. 48999
880.0 64999
460.0 64999
1560. 64999
2600. 64999
2320. 51999
2360. 51999
500.0 51999
220.0 10999
300.0 10999
2560. 65999
1160. 65999
2640. 65999
1950. 65999
2760. 11999
1830. 11999
2280. 11999
4800. 11999
1240. 11999
1260. 10699
3210. 10699
1020. 10699
3000. 10699
1290. 56999
1140. 56999
2920. 56999
1240. 56999
1020. 56999
1220. 20199
1740. 20199
3570. 20199
8080. 20199
6160. 20199
1420. 17199
2100. 17199
5160. 17199
2670. 17199
1080. 75999
2280. 75999
1200. 75999
1590. 75999
2320. 75999
940.0 46999
1040. 46999
4500. 17699
5700. 17699
5310. 17699
3240. 17699
4960. 17699
960.0 10799
4320. 10799
2280. 10799
4360. 10799
5100. 16999
4440. 16999
5200. 16999
220.0 10999
