2050. 12
9380. 36
11340 36
2920. 3
13500 42
9680. 30
6650. 33
10640 39
1760. 0
6840. 36
5880. 9
2960. 18
7670. 24
5440. 15
11400 39
6080. 18
11580 72
480.0 0
12150 51
6930. 33
9050. 33
3650. 15
5320. 33
9120. 15
10640 33
3710. 9
3900. 18
12540 51
2250. 9
10440 81
10710 27
9990. 33
3990. 21
4950. 42
12150 57
4920. 24
2020. 0
4730. 15
8550. 36
12040 39
8680. 42
9240. 42
7700. 33
6930. 21
4240. 21
12900 36
5940. 15
10320 39
9570. 48
9880. 42
5940. 12
11110 21
8000. 27
1060. 0
4480. 21
9730. 57
6360. 18
9440. 27
10440 69
2060. 0
7290. 39
7560. 48
9880. 63
7100. 54
7600. 27
9120. 39
9240. 30
12510 45
10220 39
5940. 12
10890 21
11300 51
6790. 30
3000. 9
6120. 24
12900 66
13080 66
6660. 27
9880. 33
13140 72
9490. 33
10290 57
440.0 0
10640 21
13090 21
4020. 18
640.0 0
8029. 36
8540. 42
2650. 12
4200. 15
10640 69
3840. 24
8400. 45
12040 33
6720. 27
3870. 18
10530 21
8640. 54
10560 33
10220 21
10530 36
2880. 15
4640. 24
1000. 0
3280. 21
12040 39
7650. 60
9460. 27
11400 75
1580. 0
7320. 24
2160. 0
2590. 6
8189. 18
7300. 33
4830. 18
7600. 36
10640 27
12320 48
9240. 21
3540. 12
11400 30
13080 33
4730. 9
10640 27
12040 57
10900 45
12510 57
14000 66
11480 57
5330. 33
150.0 0
8360. 30
740.0 0
9520. 30
4960. 18
6840. 18
8000. 42
4320. 9
2580. 21
5670. 30
10200 69
5000. 24
11160 39
9940. 51
6960. 15
14280 66
2120. 0
2280. 0
12660 72
8400. 45
10400 51
12160 39
8160. 24
8910. 33
5320. 6
5520. 21
6930. 33
9120. 30
1950. 15
8100. 45
4900. 36
7070. 12
9180. 54
9880. 33
9270. 33
8029. 42
3510. 21
4080. 30
11120 45
10900 54
10220 36
10780 51
5950. 45
12900 60
4240. 6
10320 54
10260 42
2670. 9
4640. 12
11160 66
12040 27
6020. 24
4240. 9
8360. 21
9100. 54
9960. 45
8240. 48
9000. 63
8340. 33
8720. 27
9440. 39
6020. 9
10640 30
3220. 0
8550. 42
8280. 36
7680. 39
8120. 30
12240 72
3010. 6
11400 21
5590. 21
4650. 33
6250. 27
8100. 24
6720. 21
5850. 27
8600. 63
13559 78
9360. 54
14400 66
4480. 15
3360. 24
1880. 0
10100 60
7600. 24
3050. 24
5160. 30
8700. 21
6320. 36
3710. 3
13080 66
10320 39
10320 33
2760. 6
11600 63
1920. 6
4060. 15
6120. 15
13920 60
7740. 24
11550 75
4560. 24
10320 27
11660 48
7480. 9
13680 75
10900 48
5940. 21
2250. 6
14280 63
13080 51
9460. 30
10350 36
3880. 21
13090 60
8840. 36
2140. 0
10640 54
13090 33
11660 36
10710 42
15360 84
12780 48
11280 42
2900. 12
7300. 33
9880. 36
11700 63
14160 30
8600. 39
9520. 36
8360. 42
8360. 27
7100. 30
5600. 24
11180 42
10530 39
5280. 15
7740. 51
3840. 15
8580. 30
12720 60
8450. 39
3760. 9
6630. 36
10340 60
11400 33
8640. 54
9180. 33
5910. 48
860.0 0
3760. 15
4860. 39
4410. 15
10120 45
