2050. 40999
9380. 13399
11340 16199
2920. 72999
13500 13499
9680. 12099
6650. 94999
10640 75999
1760. 87999
6840. 75999
5880. 48999
2960. 36999
7670. 58999
5440. 67999
6080. 75999
11400 75999
11580 19299
480.0 23999
12150 80999
6930. 98999
9050. 18099
3650. 72999
5320. 75999
9120. 75999
10640 75999
3710. 52999
3900. 77999
12540 11399
2250. 74999
10440 26099
10710 11899
9990. 11099
3990. 13299
4950. 98999
12150 80999
4920. 12299
2020. 10099
4730. 42999
8550. 17099
12040 85999
8680. 12399
9240. 15399
7700. 76999
6930. 62999
5940. 53999
4240. 10599
12900 85999
10320 12899
9570. 86999
9880. 75999
5940. 65999
11110 10099
8000. 15999
1060. 52999
4480. 55999
9730. 13899
6360. 10599
9440. 11799
10440 26099
2060. 10299
7290. 24299
7560. 83999
9880. 75999
7100. 14199
7600. 75999
9120. 75999
9240. 13199
12510 13899
10220 72999
5940. 65999
10890 12099
11300 11299
6790. 96999
3000. 74999
6120. 67999
12900 85999
13080 10899
9880. 75999
6660. 22199
13140 21899
9490. 72999
10290 14699
440.0 21999
10640 75999
13090 11899
4020. 13399
640.0 31999
8029. 72999
8540. 12199
2650. 52999
4200. 13999
10640 75999
3840. 95999
8400. 83999
12040 85999
6720. 95999
3870. 12899
10530 80999
8640. 95999
10560 95999
10220 72999
10530 80999
2880. 47999
4640. 57999
1000. 49999
3280. 81999
12040 85999
7650. 15299
9460. 85999
11400 18999
1580. 78999
7320. 12199
2160. 10799
2590. 36999
8189. 62999
7300. 72999
4830. 68999
7600. 75999
10640 75999
12320 11199
9240. 65999
3540. 11799
11400 75999
13080 10899
4730. 42999
10640 75999
10900 10899
12040 85999
12510 13899
14000 13999
11480 28699
5330. 40999
150.0 49999
8360. 75999
740.0 36999
9520. 67999
4960. 12399
6840. 75999
8000. 15999
4320. 53999
2580. 85999
5670. 62999
10200 10199
5000. 12499
11160 12399
9940. 14199
6960. 86999
14280 11899
2120. 10599
2280. 11399
12660 21099
8400. 13999
10400 12999
12160 15199
8160. 67999
8910. 80999
5320. 75999
5520. 45999
6930. 62999
9120. 15199
1950. 64999
8100. 80999
4900. 97999
7070. 10099
9180. 10199
9880. 75999
9270. 10299
8029. 72999
3510. 11699
10900 13599
4080. 13599
11120 13899
10220 72999
10780 15399
5950. 11899
12900 85999
4240. 52999
10320 85999
10260 11399
2670. 88999
4640. 57999
11160 12399
12040 85999
6020. 85999
4240. 52999
8360. 75999
9100. 18199
9960. 82999
8240. 20599
9000. 14999
8340. 13899
8720. 10899
9440. 23599
6020. 85999
10640 75999
3220. 16099
8550. 17099
8280. 68999
7680. 19199
8120. 57999
12240 13599
3010. 42999
11400 75999
5590. 42999
4650. 92999
6250. 12499
8100. 53999
6720. 55999
5850. 11699
8600. 17199
13559 22599
9360. 23399
14400 14399
4480. 55999
3360. 83999
1880. 93999
10100 10099
7600. 75999
3050. 60999
5160. 12899
8700. 86999
6320. 15799
3710. 52999
13080 10899
10320 85999
10320 85999
2760. 68999
11600 23199
1920. 63999
4060. 57999
6120. 67999
13920 11599
7740. 85999
11550 23099
4560. 75999
10320 85999
11660 10599
7480. 67999
13680 11399
10900 21799
5940. 65999
2250. 44999
13080 10899
14280 11899
9460. 85999
10350 68999
3880. 96999
13090 11899
2140. 10699
8840. 22099
10640 75999
13090 11899
11660 10599
10710 11899
15360 25599
12780 14199
11280 18799
2900. 57999
7300. 72999
9880. 75999
11700 11699
14160 17699
8600. 85999
9520. 11899
8360. 20899
8360. 75999
7100. 14199
5600. 11199
11180 85999
10530 80999
5280. 65999
7740. 85999
3840. 12799
8580. 65999
12720 15899
8450. 16899
3760. 93999
6630. 22099
10340 93999
11400 75999
8640. 14399
9180. 30599
5910. 19699
860.0 42999
3760. 93999
4860. 16199
4410. 14699
10120 91999
