780.0 0.08065989628729638
4760. 0.12482927853503722
3000. 0.32773226035092184
4960. 0.27394528537717766
2100. 1.10466041304656
1040. 1.0377202946096242
480.0 0.8849997787199889
6000. 1.1100973461989978
2430. 0.9138627316272581
5160. 1.1320609802973463
160.0 1.5124247282622947
450.0 1.2557666080197205
660.0 1.5263992532615438
680.0 1.2221594256848816
640.0 1.0641623239618037
2400. 1.740918318169903
1400. 1.688101276166687
1680. 1.5078634922903642
260.0 1.0963517129497153
7480. 2.5072804855531237
2880. 2.2337758071559644
3060. 2.157141781960787
4050. 2.207606493227921
1590. 2.6173760776005603
2190. 2.5496850385343732
3870. 2.550511798409221
450.0 2.1119341683257433
640.0 1.7460718332680272
630.0 2.6203723160618786
640.0 1.4763250172681897
1260. 3.867412733209692
2440. 3.82110554001192
2320. 3.5366453717673405
1480. 2.6308847928001846
380.0 3.5786179255887482
660.0 4.408726355590222
1530. 4.3897157865274155
3040. 4.6614320350682785
640.0 4.212750645956745
800.0 5.121894838851273
2190. 5.228442672488187
1530. 4.4415597652984395
820.0 4.654765126452836
160.0 3.1940856650785676
2370. 6.092177663887627
1950. 5.563011869515258
2320. 4.886558980195533
4680. 6.136509110267616
1650. 6.2553616397020795
3360. 6.439022342981414
940.0 6.615356228365261
1710. 6.1014336611581985
2220. 6.4523801649600685
2240. 6.583546955864461
4800. 7.665217822398454
2850. 7.723918912741936
3160. 6.9156593601560985
340.0 7.018908282561007
600.0 7.3923232115334
1260. 8.442507487693545
2520. 8.133086724849173
6400. 8.741694649663213
3040. 8.529626143388398
3800. 8.768791522433578
2520. 8.335003446114623
4920. 8.94673653631992
1770. 9.389311910466443
1740. 9.330629671526808
3540. 9.541875952834248
4280. 9.185610940308038
4410. 9.521533671429822
740.0 9.137173622883683
4710. 10.856683457274364
3750. 10.691494257202812
4620. 10.822774969352205
6870. 11.099573837140177
1220. 10.694738797744408
3840. 10.612212748981971
4710. 11.134569805833568
1640. 11.379581506115125
420.0 11.476769503939533
1840. 11.257073325112643
1080. 10.35510184395439
1110. 10.036992765481891
1920. 10.62911094077693
1320. 12.23263422454668
520.0 10.933274301409945
1230. 11.380598010103979
620.0 12.381664912485846
1590. 12.9201974322768
1560. 12.625949193642164
760.0 13.133709746297049
2760. 12.118945540235085
1530. 11.772754091114571
1770. 14.052493402255902
740.0 13.117715634245048
3040. 13.332294658601773
3040. 13.09543612509993
860.0 13.835706956038972
3400. 14.122813019582093
1890. 13.748663015596726
3880. 15.155486482350286
1890. 13.62874365999264
3640. 14.835384639251611
3840. 14.703410145184701
2160. 14.546238210302803
2670. 15.90589907658173
2550. 16.29267231466839
2730. 16.870553032305573
2760. 16.783148266687235
1380. 17.266462910072423
3210. 17.50683470516804
5160. 17.55338531654917
1180. 16.70353489362644
1380. 17.28356079003252
3300. 17.296326832681974
3240. 17.036057910514774
3480. 18.541143846093505
3600. 18.27387568705598
3840. 18.740270777444156
4620. 19.844026206717793
4200. 18.254259842992568
4440. 18.48419809857266
4980. 19.061566022461072
7770. 19.538128375734022
