1020. 0.03572726134179571
7800. 0.11246668686262418
580.0 0.24058175334614817
2120. 0.1979119989371575
1200. 0.3209169564569795
1800. 0.2612639900643354
4880. 0.42072674953099465
2360. 0.8812815866514503
2960. 0.8850012581105204
1120. 0.8796103382289582
3570. 0.9972135745219689
3440. 1.8595922197912216
1320. 1.9871147669570182
1920. 1.7539850716963687
4500. 1.87266391414426
6480. 1.7311282372083132
720.0 2.3240002722714266
160.0 1.5108612504969634
1720. 2.181613369764353
1720. 2.119113565774205
200.0 1.3091681301887665
420.0 2.69497570548108
840.0 1.6965156002640192
1920. 2.243948766028941
680.0 2.5873488579621755
2800. 3.7588946136527515
3960. 3.77240542108394
4200. 3.31427177184532
2940. 3.580474806894042
780.0 2.9493407254284523
1830. 3.4380469404205263
3520. 3.4640451492064153
5360. 5.052258458991304
3480. 4.471857886666599
1890. 4.371812330823424
2280. 4.530046244390717
3560. 5.28370275126249
4480. 5.486218808998689
4260. 6.205277453026028
2720. 4.9945430402580495
1520. 6.437664248794306
3300. 6.369422274201195
4040. 5.975977731246596
5250. 6.869288546923796
1760. 6.300679461265011
1860. 7.155435969201756
1500. 6.890615183547666
2430. 6.565936575220372
680.0 6.4027098591764835
1100. 6.860347211694558
800.0 6.677204550801531
4880. 6.691621487872529
6160. 7.109813031743131
300.0 6.983385745345296
760.0 4.67390697188773
1240. 6.328641108612123
540.0 4.786124535108572
930.0 8.17214156991109
320.0 6.4471282392583165
300.0 6.108735439986957
600.0 5.340032532395679
1600. 7.045602078804865
480.0 7.811467864053773
1240. 6.08117944342433
420.0 7.36802193366445
520.0 8.463300171235566
990.0 7.133810387762764
700.0 9.031983729057508
2560. 9.24640119835831
1350. 8.83261727610867
1410. 8.845071309397166
700.0 9.410896285530281
820.0 9.541270685923221
760.0 10.09764415286689
3280. 10.080791509977125
3840. 10.568994550041673
960.0 10.087554744671273
4400. 10.594157491387408
1980. 10.454546809470916
4320. 11.433045604345867
5440. 12.391682946890093
2010. 9.956359629811763
1260. 11.670043211871068
5280. 13.088760180515026
6000. 13.624105860682914
1380. 12.9912094021316
2880. 12.428976653615388
3420. 12.643554490919344
6600. 13.472373610513026
2820. 11.886180694682963
4650. 13.630805748127422
5460. 14.335573425789002
1260. 11.887713710501405
4590. 14.209630229048344
4890. 14.341064550496348
7200. 13.213549306091103
