7860. 0.25610321831941296
300.0 0.32828317188292155
9460. 1.1641707736241709
5950. 1.0094695650845626
4900. 1.1928382142078653
2160. 0.8800969650932955
5280. 2.255046816326434
9030. 2.0327983503569635
4810. 1.939573000111092
6840. 3.5358429888688305
2520. 3.200771450576703
3510. 3.4781834715110875
2320. 3.9514001910551033
4620. 3.7020422450071
1260. 3.9956998076750834
9880. 3.915563492442222
6890. 4.107363599812073
2700. 3.084370015781347
4300. 4.743648897959327
12040 5.549536372297755
11400 5.212429626986575
9450. 5.2323800385114945
5900. 6.609259018513729
1000. 5.51803345885526
5060. 6.507934705906905
1650. 7.419034290187191
12040 7.903894180960506
10640 7.975833761505863
1320. 9.801446071164593
5600. 8.660941177313958
10640 8.683189920402878
3360. 9.884619375425608
3690. 9.09924408248023
2160. 10.26247612920195
6020. 12.133238611096736
11180 10.90411575910199
5320. 12.95185668666194
4140. 13.07057331817081
9460. 12.422487013398495
4380. 14.431526291868721
3710. 12.907538918754236
9120. 12.984580317378361
11400 13.174945862894305
5040. 15.676986125031206
5460. 14.975172068334857
8360. 14.821512029427995
2560. 16.48347669950347
5300. 17.807986282290205
2440. 16.460712871137673
520.0 16.96904800918017
6390. 15.896403981056888
6960. 15.941835238920058
7600. 16.823454588358228
9880. 17.557643477609595
1980. 18.973566656439036
7600. 18.694644660574443
3950. 19.245098913729496
7560. 18.909590971746457
9940. 19.435738888508766
8360. 20.334944672960845
2050. 20.3190977494969
12900 20.760615554108746
4320. 21.667192262387832
6350. 22.952356111212772
360.0 22.107037517323477
1040. 22.66431205751774
7139. 23.505339997129568
6880. 23.169771214522804
1540. 26.19913975234733
5520. 24.06643771259159
2490. 24.754333390586194
960.0 24.362282076066577
2430. 25.598812629779236
5310. 25.050818661501346
3640. 25.342542693504306
4200. 26.578151101367077
10320 25.820340558241135
840.0 26.089452726104998
8100. 28.213799602448226
3630. 28.185321328241493
7400. 28.182936933908625
3210. 28.119289910372547
1400. 10.52695552350309
1120. 23.673075172912178
2080. 24.279763595431973
6600. 28.79409613208493
7950. 29.89883980616171
8400. 32.583160309053994
3150. 34.00446882773668
840.0 23.509844640511353
6630. 35.186343961477085
4320. 29.509221675269337
6960. 41.08654791945541
7020. 38.400020639769394
10350 41.766806455187506
5280. 41.50012382946755
11400 46.54910569814104
11400 47.48747710703998
5590. 38.972390858432746
10640 50.800710841234554
3410. 38.8923590351723
12150 53.0709942709083
6380. 53.47770779897256
8820. 50.940141952625474
7950. 47.70004600357579
4320. 57.632831669159735
4590. 60.10420858217991
8260. 54.42686434720464
5800. 63.22765246959413
7560. 61.56363826546058
7560. 62.858853519643596
12900 66.17398045076949
12150 65.98905916850978
10640 67.22126319957465
6380. 67.64475631899536
12150 69.4455863777896
6960. 68.0032185512405
7920. 71.9962457749634
8580. 71.28681512017405
12040 77.13143294978096
10530 78.65316169068437
9490. 77.12883512134755
11400 76.1685746653657
9900. 74.75095877022235
6930. 81.18773273441646
10200 77.73969568641849
6300. 86.56424292983625
1040. 87.1621039174079
12900 85.49311024808291
7260. 87.82640948498182
5300. 85.90419332957804
9880. 89.23091881177521
11400 87.4692057523382
11400 88.75637555335634
11180 96.03914679753584
5800. 93.81171232931706
11180 98.21471483824956
4320. 100.17268178964866
4240. 99.23352720079323
4410. 95.83605670863263
5400. 96.84919619056595
5830. 95.96158636935783
7540. 96.05470894274933
4240. 106.0835977746351
1150. 97.93719189831614
4140. 101.65689865730435
280.0 108.87579103547459
10530 107.13094551877282
1260. 98.02096315912529
12040 109.33517539411667
11180 112.36177268133129
10640 109.24665259700681
9880. 111.92811245004371
200.0 110.38834919864908
1680. 101.42671702346233
9720. 117.99375914085171
9900. 110.8458080322446
9880. 117.52585851109572
5940. 115.32174521186927
5670. 124.62264741519367
2280. 121.65852550296512
5600. 120.5856960477062
9120. 124.40898746943995
12150 122.42961395347878
11400 122.65921193981322
9880. 126.70171351834763
12900 127.64688366213272
7300. 134.18043054056434
10320 134.45115812694584
6300. 132.5508486739192
12040 133.1391195530531
12040 134.4380364111856
10320 139.0962573983728
6800. 139.06026365286309
950.0 130.386229759411
8700. 132.1350834541023
12900 139.7570970658698
8600. 150.0418388282887
8360. 145.60045183732467
9900. 138.92394344161247
9490. 144.13710284688187
2660. 145.07592073366578
300.0 151.63649658604066
6930. 146.98574365035125
9120. 150.25498370536963
6840. 158.20471649597383
3920. 156.6699670529578
12900 151.4318650545876
300.0 157.69887944993627
7590. 155.09399401247623
12900 154.7115187550828
5830. 153.34652208936535
11180 159.98667618532016
7600. 164.51545525947645
2640. 163.38343331323208
7290. 169.6739242191255
6840. 168.9719416993937
6840. 169.72769251836073
10640 162.38220242166142
7290. 173.6137124332535
7740. 176.01973109763162
9120. 168.04495539280072
12900 167.9830578905773
9880. 169.60311285187066
11340 170.75705225807275
12900 172.09375849061655
3220. 175.99956501662126
690.0 178.81984382921976
8360. 178.18914508375295
6120. 172.2594677956995
10320 181.41733493518527
8600. 186.67691631564148
2880. 184.92052324116892
7590. 181.7995438430442
9230. 181.019917107574
11400 181.7239825525884
7600. 189.51288239450105
9120. 187.5170032280569
11400 185.75954514111953
4620. 198.58455350031923
4340. 197.04696070004528
8260. 186.47209712377838
160.0 186.86173959692863
12900 192.8808523495867
7260. 194.91631870594654
3710. 200.53968848928972
6840. 202.36935543554273
5320. 209.21901753313483
6480. 207.37886151930505
4640. 201.85176218316397
6080. 207.23233868606854
8600. 206.36902844294846
9460. 205.6347731131966
6880. 214.23759105726378
5680. 209.46452736288154
5830. 201.07329909589814
6900. 207.33511029456488
9120. 207.27058384009288
7740. 216.0549613011639
11180 210.35948532136945
7600. 213.89737281600952
9880. 211.01087477220338
7740. 220.89363121664084
5320. 223.6616251052479
5160. 208.57295747938014
6840. 220.92584500553264
5520. 222.8245938141291
6480. 225.52546321269327
11400 216.37104864838986
6370. 214.87091592547
8360. 223.2352252806619
8360. 224.5502363896853
8360. 225.86360824194293
9880. 224.9806286421275
9460. 231.0560998274278
2550. 235.56585462696873
4720. 231.83125824985228
1980. 227.37665905807648
7080. 227.75243518325536
6860. 226.17526117094744
8910. 235.50443505657316
10640 233.00083279637965
5280. 240.78323240974828
4640. 238.65878879765037
11180 238.61029232906301
1110. 249.77732359767572
6800. 240.07114174176795
11400 238.2926837370398
9120. 242.05282215465755
11180 243.9418755059948
6800. 245.55190862214167
5440. 250.828400981463
3569. 248.228466707138
3870. 245.32270781358923
3450. 261.72486492884315
9460. 252.7264003182412
3400. 263.0363103560894
9240. 248.48869021339672
9940. 250.63178443629644
6840. 258.383576325926
3550. 268.8842461670556
7600. 258.67777082993837
3540. 262.5496238477374
9450. 254.06405005706804
9240. 256.7752394618834
5670. 262.59645501306784
2650. 268.97631535820085
5160. 276.8287675030686
6370. 273.6846377703125
9120. 264.4239079027309
1120. 265.44335852067206
6360. 262.51020705269804
11400 265.31571616869337
9720. 269.4267502102491
8189. 267.73824928486
4320. 272.6304544899324
7490. 286.3896815578482
10650 270.8058882349575
4270. 278.79326918538965
5320. 281.7595493769014
10320 278.0868542380054
2440. 290.1877708392169
5160. 290.56522899488976
1380. 291.80894773617734
2640. 293.5521110384601
12900 279.0487960880973
7100. 282.6813746196799
6360. 298.3973080738238
4860. 293.7811730773402
7300. 284.55317745735886
6120. 286.1692692203441
10640 284.5173478801551
9460. 289.5578887075341
6880. 295.434333049474
7420. 301.5153659177492
12040 290.41244385960033
5340. 304.21821900651753
5160. 303.1917963906537
3420. 298.2076088140477
4560. 302.36001290047983
6020. 303.3745733729649
2240. 305.4202572289421
9460. 299.2817670366566
2240. 307.3534850462244
5830. 296.4722047531743
9120. 299.9439701011726
9450. 298.76371302424195
5100. 313.71284834017894
6880. 309.04215934199505
10320 305.7840011072888
9230. 305.0660481050682
6840. 310.8395300680797
5340. 318.71567998680035
10640 308.3478553759026
6080. 315.0487215705351
5300. 329.7989659556545
260.0 312.9625601122346
4320. 308.48065340697116
5310. 314.2334912525507
9120. 315.90354990531165
580.0 325.9237291933214
10320 318.6536154755615
9120. 319.1969625333348
920.0 339.3196215593118
5160. 317.72493578034704
420.0 326.02415696527066
6800. 323.0822649368261
6960. 322.3200272547283
3680. 343.67487863818167
4620. 329.78601054757405
5440. 328.4786453875419
4240. 328.2078775151216
6480. 332.3375259602141
3400. 338.6508728268932
5110. 334.63751023967353
780.0 344.604482940504
6840. 333.8997087428844
1770. 346.3956661668694
8600. 335.93467847688726
7320. 349.0781205091007
12040 334.71160879135357
12150 335.4923026912148
7740. 341.96498079094755
4560. 345.1829478500861
6080. 343.2625978539677
4040. 360.27855801869026
4130. 343.5976872918181
5700. 359.03647196861795
7740. 346.5502148931656
5160. 351.34257102924954
5520. 347.94767481133584
3400. 353.0790825289367
1140. 352.01171316793113
9660. 345.563103930028
6720. 356.95199846606226
5200. 364.1346693767068
1840. 354.5273028208792
10200 349.1337173904062
1590. 364.01756529013596
9120. 352.74184988597244
6200. 372.50310887177875
4690. 357.3536608706661
420.0 353.46993339780255
6080. 359.40555562466943
8360. 358.1218063535779
8029. 359.1735821542885
8120. 358.8738664702228
680.0 370.9151658571523
11180 363.0485786626641
1080. 381.25381423603955
6840. 366.6013507399999
2100. 379.4874868228303
6080. 368.67040052715765
9460. 368.26281554781605
8760. 367.93584760432464
9120. 369.46025919376643
6930. 370.86220815070317
5300. 384.02750365931627
5900. 372.83118149702943
740.0 382.86237084420793
4970. 378.33094489465725
4240. 375.22066011130767
9490. 376.6798538291745
1470. 385.249749465607
4140. 377.9790545724143
580.0 384.7945149316387
5800. 394.6677457448032
5670. 381.4659517741445
7250. 400.1347921781858
6840. 383.93605733743595
11340 383.37690596982367
7210. 392.7847135109515
2360. 392.79302177995595
3450. 392.0202607045277
5300. 387.65193462470836
2220. 400.53266609124086
12040 389.69926485873185
320.0 391.5936512546646
8100. 393.541821882101
5480. 410.2894985371688
6930. 393.9317537875529
1640. 396.7747108181116
7920. 395.9494503489649
4680. 410.86970229392546
12900 397.64828485985805
6020. 403.92061500340714
1440. 418.90428111107605
7100. 414.08862586183244
6020. 406.83531967958123
5200. 418.9729923480055
2040. 412.91010255605437
1280. 418.56039965817354
4860. 404.69266583372826
1920. 408.0115213821013
5480. 423.88125364894137
3870. 428.5668432228892
6570. 407.87257838277515
920.0 418.21839251359535
5310. 409.04377094613557
2820. 421.8445309740919
1840. 414.2651428333758
2640. 416.66427265589357
4200. 416.8141486122884
2080. 417.2757349080175
7320. 420.84389716806584
7000. 431.7079275190759
1020. 425.2276846730833
10320 416.19344079141257
2670. 429.4501590711805
6840. 419.39131688789644
4360. 428.21582400167995
1200. 431.85389851436076
5280. 421.7553258977866
4200. 425.69864100852664
380.0 423.79990804415746
880.0 429.38662086127755
2160. 443.06877600114433
6700. 433.3193924117744
5520. 448.54922450424823
1720. 440.10248039843634
1520. 440.8887009193929
1230. 430.3283161340369
1440. 431.11737645887246
1000. 434.3277713221354
5640. 450.56022352811186
7500. 437.9141114743673
4590. 445.8677195809386
1830. 437.7532298271465
3320. 437.72526444206983
3680. 438.5232301979429
3700. 435.45904643282614
1280. 445.0151428314323
6090. 437.8072387991414
3210. 445.87318234944735
1440. 445.6908679858418
480.0 440.66865928808033
1200. 445.99139299854386
6840. 442.35172667124664
2160. 443.69753315142935
8200. 450.296329768602
7210. 443.626135871299
3870. 451.62549851248934
1590. 446.99066295490724
1020. 448.60804244374725
1380. 450.38470449914587
3000. 463.38976103573583
9720. 452.885198419412
3030. 454.3899672930856
2790. 453.7079252569065
3160. 450.4647496269082
6800. 457.4509133796952
2850. 458.0004157513574
1600. 457.93844300729455
2580. 455.69584667732965
6870. 461.55453622930384
7830. 458.88829507987475
