6350. 0.24012749568815683
8760. 0.6310955869497187
1040. 0.6998522781081187
6840. 1.0537445306524407
7600. 1.0491252481026179
3569. 1.6218301454148658
2800. 1.764045718603957
12040 1.8900635277631102
8600. 2.7671391911871304
3800. 2.6803249899417882
4180. 2.931314792231351
1440. 3.40493675547049
8160. 3.7446952467761188
3750. 4.0238617256446485
10320 4.472758044999182
1080. 4.32718523667929
3840. 4.635316217336076
7420. 3.725458578396467
3360. 5.618399885873126
420.0 4.634126861893931
10640 6.1721187745782835
5390. 5.821523378184949
6930. 7.159616293783771
2880. 6.14977537960149
8760. 7.334909759560286
8360. 8.166896108172345
9880. 8.049171290456357
10640 8.285733584854878
11340 8.98976278814818
2520. 10.082641310785469
5670. 9.85605972766102
9120. 10.047450564141968
9880. 10.351180234899488
5940. 10.67308476260067
1320. 11.919689628740697
4320. 12.236499789693625
4060. 12.732977647636327
9490. 12.27036770324119
4920. 12.107781852204818
840.0 13.824660784788433
4410. 15.24763431438382
4140. 15.734268507725123
1170. 16.10794691691321
7260. 14.329747626599874
220.0 14.213462559085338
7740. 16.52848948210236
6230. 17.270688284478435
4730. 14.949492158820004
11400 15.763014523465825
5280. 16.350198727048028
1770. 19.798278097901623
5670. 18.04567447557062
4500. 18.628098319573482
11400 18.080196266627603
9520. 18.24919374804283
6080. 19.545735944576244
10320 19.541505679290545
10950 19.727855533948546
5600. 20.66909818411525
4120. 23.407061971482506
280.0 21.252141642790356
540.0 21.677430915328596
9230. 21.468201271451736
6930. 23.49992762888334
6570. 22.508025980456093
3650. 23.93029003000828
8360. 23.102433831523236
1500. 26.81615849431896
4140. 23.787182005658877
1520. 24.185922297288332
4360. 26.587326003212034
4140. 27.61019535568095
3930. 27.383428272353065
3010. 25.65664850533985
3040. 26.481930414289323
8360. 26.621604735634257
5040. 27.682389736571384
4640. 27.49728367876802
6020. 27.75673743238555
9720. 28.234610430684988
2340. 28.75441694914811
6360. 29.402961675692914
4770. 29.031014577814574
4760. 31.125266500142647
8460. 30.784939560688002
4760. 30.81124970023161
940.0 31.278098980233324
1460. 31.23707770217169
7080. 31.85053126265068
1350. 20.48230953635803
1470. 25.79457305751923
4940. 27.45579224895164
2860. 21.841785040641636
720.0 34.27018985999363
6630. 34.06878366600399
1260. 25.310942834090987
1500. 32.951258429167396
7020. 37.34283896212094
10650 40.07094098054407
10350 39.16326465142409
11400 42.98522559433662
10350 41.076472389952386
500.0 27.898644294536837
1200. 35.545665436030276
300.0 34.281158980531885
5100. 46.272549603058785
9490. 48.75751828542829
6860. 38.730976341242126
6600. 37.33725803338139
7080. 48.8793600781036
11340 54.52286434979973
9450. 47.60167573489266
8760. 57.93916079471142
1680. 42.45796116008128
1470. 44.09755868227864
11400 55.50456766638154
11400 56.84829585556246
9120. 64.02082946985536
7260. 63.48040814856523
10220 60.62953382634515
9240. 59.69132233077068
9880. 66.31656738331523
12900 66.95192623301357
12040 69.98124506511036
11180 73.24817116778128
4600. 65.18850561595879
3040. 67.61623521329838
3680. 71.67002912692718
10640 71.9929245579691
7590. 76.68122596331251
9720. 79.66993166876743
840.0 73.81542054723238
10640 75.84028730315269
12040 79.80783830692839
7950. 69.69938788730899
9450. 74.05295245821088
11400 79.33566195201193
160.0 75.61877289234205
3360. 89.65075204871876
3010. 86.29654056437448
5830. 81.88476735930566
3840. 88.08514794659546
8760. 89.65215565407004
6930. 89.36928635667348
10320 96.52357237304233
4770. 91.81765023658429
7260. 93.4612915404694
9880. 94.06155488297165
6600. 98.18549980402082
4640. 102.14253098283862
1240. 103.62500049226283
5220. 99.78572283418583
4770. 98.66693701437374
5720. 89.89795817719457
8029. 104.24188790918156
7080. 98.7001221481433
8360. 108.01704874145122
1800. 108.73130335181104
9230. 103.59731385058865
2170. 100.66403711644814
7920. 105.92488537311269
10320 113.38377016400344
10320 114.0165098359944
10640 108.81442433676317
10640 110.18716642521895
6570. 120.98170294558614
6570. 122.00312626829073
3700. 107.0537113424807
6300. 117.88813745343158
5280. 125.60554458836636
8360. 121.92204811051175
12040 120.45750204038067
6600. 123.32650806436962
5610. 117.62557465589937
7600. 129.4203775593415
8600. 134.01662038964335
7300. 130.32843372487162
7560. 119.40928306946714
7590. 129.25343535702902
4640. 134.1305045131196
4130. 138.1182970227567
12040 131.3920431126968
5280. 139.98784115735137
3710. 137.45330512166294
8029. 135.4666560011836
8600. 142.85770440855302
9880. 134.90326369995717
5940. 141.5583012925902
2640. 141.29626310201567
600.0 130.5540140440127
8600. 147.8871127592398
9900. 135.33347656782664
4320. 144.23403789512454
9520. 139.3597309756423
6600. 134.72577487829156
7600. 151.09377067432152
11400 144.29830195806832
6840. 156.28337503280875
9880. 149.23574436733173
10320 154.70113080216615
200.0 148.51950579315408
4640. 157.30976914364004
3240. 162.83658967098717
9880. 154.30892453265312
4830. 167.68716718143133
7740. 166.01167769295
9880. 156.45112006542143
6300. 159.33082120820606
2280. 159.22149587568052
6840. 167.26492470228894
3360. 169.5656130801147
8600. 168.8810844367991
2150. 168.35406865668935
4970. 174.64913061332499
7740. 172.40193528846075
320.0 168.8307785510576
6300. 165.14017542868584
8910. 169.3948596316946
8850. 160.9796067094151
7600. 172.8417142948261
7740. 179.4317818560619
9720. 172.55192039567592
11400 169.29899751445026
4720. 177.26334959055797
6080. 183.15067018030402
10220 172.5829948186321
4270. 184.00321629081492
7290. 184.61461023119816
9460. 182.69861949826057
8760. 179.11568012461422
8600. 187.56535155198702
1020. 194.81961262662773
9450. 176.80548699040372
12040 183.57980077034466
6300. 185.22559300652105
5840. 194.1554720330485
6880. 198.21284363741782
8100. 192.35385240160295
3520. 186.86127863633533
6880. 200.88539425139143
8100. 195.32753475067116
2150. 196.26276778658985
5600. 205.3451943694485
4480. 199.04831630819447
6360. 188.2216684004245
5600. 192.90164046066158
3780. 205.43787299500187
3440. 193.46934014315062
5400. 195.22100506865507
1760. 209.29048624661274
6120. 201.80111031540704
5220. 200.20013703688323
12040 200.91936523496972
7740. 210.4514674399891
6720. 196.55361645916156
4000. 199.41549554503086
3440. 204.61499775445952
5840. 213.73794273855856
8580. 205.37993649212567
5880. 223.78436821733257
4080. 209.74804031324453
3500. 204.8604478643909
4080. 223.35400459795346
5100. 209.92048543241629
7560. 211.8549364822238
12040 215.4135940313984
8840. 214.5514278279624
6900. 219.6815617327364
6840. 224.81488832612854
6230. 234.8088181105884
460.0 233.55006528720904
2310. 217.5657480032238
7650. 216.08756004760616
8100. 228.7504724656087
2880. 228.462884214872
7290. 232.25239943219506
2040. 240.85406130303588
11180 228.06875372070215
540.0 245.74406280306974
4060. 233.52020857240527
3920. 232.85595540392396
10320 232.14337053007029
9880. 230.51723166452535
7740. 239.92214591940296
4320. 235.6136206211266
1500. 229.72143826075404
7600. 238.6715489733885
8100. 231.3566850452253
8580. 236.10357811316666
6160. 237.8051390114506
1720. 249.54274074934358
10640 239.99247757216287
10640 241.45356572294094
9120. 244.42252010880185
3780. 254.69070568618943
7600. 248.58555489543645
2450. 254.65597527169186
8600. 252.0423119638866
5320. 257.78706241443666
7139. 265.2595071777227
8970. 248.10105466495227
7590. 251.78619388780794
1290. 267.4015154168994
12900 252.23365123414354
9120. 254.73817354425486
7590. 256.11921732404454
600.0 272.91707079266064
3640. 260.3363040033888
4770. 257.2957633591473
6720. 256.4227591504773
12900 260.17783295598446
7260. 262.0668164763806
4200. 274.49740686260293
6080. 270.2411436968279
9880. 265.05600936608306
12040 267.1249616433815
5280. 272.8966123634241
2640. 271.03918781106904
6880. 279.14450390789636
4620. 276.59481487451075
9460. 274.72970009479604
3920. 276.6361786044936
7420. 289.0113848222409
9880. 273.93442409184513
12900 275.1569460470819
8100. 280.8575025632409
4300. 296.12149326118356
9460. 281.91822797959117
4200. 296.38663663593127
5670. 281.8036831947253
6540. 300.26937465729117
9120. 281.88671458743846
4720. 285.38963430574626
6480. 289.9540844198927
5460. 299.8492405785281
4830. 290.8991732607472
7630. 301.4022953728905
9030. 305.9619422288137
8120. 304.05864230177957
3060. 290.96428904854963
6080. 294.2552868684947
1280. 291.57661192866124
7920. 288.976301765943
6720. 303.4839940897455
7139. 304.7505286152904
4450. 311.2693961551238
7300. 294.9275452715834
5300. 293.57353410147203
3300. 305.68135076064516
9120. 297.4586418773887
1240. 299.5565195944441
8910. 300.78687828885893
3000. 317.78711441995364
560.0 311.7061878061082
520.0 310.1629609195602
9460. 304.2605550884781
2520. 315.8604795655521
12900 302.509685476814
8600. 308.45735744363515
1440. 319.1359680281748
4000. 320.09092425740164
4850. 324.47375132538434
600.0 307.73396047235263
320.0 309.3827456347631
4620. 313.6134564809259
6120. 310.8852626382161
5110. 316.7185632874543
6480. 315.7806504243882
5600. 311.25688179140855
10320 315.10559792257675
10320 316.18625735638284
5840. 320.6016941587677
6090. 324.86618582058856
6800. 319.0669434346328
2640. 331.2240429248024
9460. 322.0541639792176
980.0 342.77985812637655
4320. 322.2700936145564
5580. 333.3354100624448
6840. 326.27443455157345
7280. 333.66195760603904
9880. 324.46239382708626
6880. 332.0099746234987
6720. 341.12529872571764
7070. 338.2997781489466
2360. 338.21949027598134
2800. 334.21695858440864
7280. 340.1409314203852
3710. 331.92956594710085
4740. 340.04130683841544
7740. 335.76328782438543
8360. 334.5880826620177
2280. 354.29505982635425
7440. 351.07243479735195
5950. 354.29352855465703
5650. 352.6077386346537
4080. 357.52273356028365
1840. 342.7919692779398
4080. 342.5791025179587
420.0 342.63786347440646
3150. 346.452059704439
5950. 357.51901711759103
6950. 361.4004762774283
4800. 354.71206612094477
7600. 343.3877770093008
1740. 356.51831936748965
4760. 347.30640003394626
4280. 363.2048004157747
3900. 355.0305785818858
840.0 359.7199667275104
7750. 368.74765268931935
3800. 361.37449818362376
2800. 352.5524940423995
6480. 358.31386103906686
4800. 368.5677525640025
1100. 368.7954390731275
5670. 355.1786093566896
4950. 361.99059078217834
1240. 370.91980275443376
8640. 367.8164357113717
5040. 359.0398400025283
3640. 365.3500200117213
1060. 371.73685355880633
5110. 358.5486738931403
2910. 374.92106632032267
5440. 375.97259424693226
5160. 377.1915701085585
1320. 377.360656507999
1420. 378.4942627228008
3330. 376.08815410478024
520.0 362.44750715705413
520.0 361.63074222729466
8040. 370.7633161500112
7250. 374.42647146406597
5150. 369.0618568523134
6840. 385.00248481219137
5200. 371.90862115660786
5160. 378.092436338691
3660. 379.74120034179094
5200. 380.67846184500763
9100. 380.7081086077665
4240. 375.84911947170815
2850. 378.21243458278855
2020. 389.7951348919436
5190. 392.3917695349569
7000. 378.04716840712325
3240. 381.1706272122415
7300. 381.5781755005766
4710. 390.00045784212705
4800. 390.144360204737
3400. 377.34177956016305
1890. 380.9807288872834
2880. 384.07798960951664
2640. 382.5902997705952
4040. 380.8187486726516
6360. 402.09850100864776
7680. 389.6414133244545
3960. 382.59718997449824
1280. 388.92305903773024
1860. 392.9129282292179
7950. 388.0528023753876
6950. 386.76821836044627
5729. 399.0659293351332
6540. 400.2350951757651
5790. 397.58076717717205
4680. 394.1831420561014
1100. 392.9915602734793
3270. 393.6294973465986
4920. 397.2745693582151
1940. 395.08932181760565
6080. 396.381754241168
5580. 397.8127589818397
