2280. 0.8
2040. 1.2
1020. 1.4
1920. 0.4
5130. 2.0
2130. 0.866
1420. 0.533
1620. 0.0
2370. 0.4
4080. 5.466
3060. 5.066
4080. 5.2
3060. 4.666
7040. 7.266
7040. 7.933
5280. 7.466
1110. 0.6
740.0 0.666
1110. 0.4
740.0 0.666
1110. 0.6
2560. 2.533
2560. 2.466
1920. 2.333
1280. 2.666
5160. 5.266
2580. 5.8
3870. 5.066
1620. 1.666
1620. 1.666
1620. 1.333
5760. 9.2
7680. 8.933
5760. 10.26
2820. 5.733
4230. 5.8
4230. 4.866
4230. 5.4
1290. 1.866
1290. 1.8
1720. 1.666
1720. 1.466
1960. 2.466
980.0 2.666
1960. 2.133
1960. 2.333
2600. 4.0
1300. 4.066
2600. 3.733
2600. 3.4
2080. 2.4
2080. 2.266
1040. 3.0
220.0 0.2
220.0 0.066
2640. 3.933
2640. 4.4
2640. 3.8
1980. 4.066
4800. 8.4
3600. 8.733
3600. 8.533
4800. 7.8
2400. 8.8
2140. 5.933
3210. 5.0
2140. 5.933
3210. 5.133
1710. 4.0
1140. 3.933
2280. 3.6
1140. 3.866
1140. 4.133
4040. 13.8
6060. 13.8
6060. 13.0
8080. 12.0
8080. 12.53
3440. 7.6
3440. 7.066
5160. 6.133
5160. 7.2
2280. 6.666
2280. 6.066
1520. 6.466
2280. 6.4
3040. 6.066
940.0 0.266
1880. 0.266
5310. 14.2
5310. 13.73
5310. 14.06
5310. 14.66
7080. 14.4
2160. 7.666
4320. 6.8
4320. 7.466
4320. 6.666
5100. 7.2
5100. 7.666
6800. 7.733
220.0 0.0
