5280. 0.741
440.0 0.999
7290. 0.213
7700. 1.0
12900 0.059
7560. 0.624
11180 0.153
12900 0.028
10350 0.027
3430. 0.305
7290. 0.860
10640 0.107
12150 0.0
6360. 0.250
2160. 1.0
9120. 0.088
3760. 1.0
9460. 0.176
1840. 1.0
4020. 0.225
5840. 0.719
7260. 0.102
1980. 1.0
2120. 1.0
2880. 0.558
5320. 0.976
2850. 0.750
650.0 0.982
1440. 0.993
6720. 0.322
7950. 0.043
5060. 0.617
9240. 0.030
9940. 0.152
7020. 0.190
6160. 0.447
4920. 0.747
4140. 0.656
540.0 1.0
5300. 0.658
4320. 0.707
12900 0.126
4770. 0.878
2870. 1.0
6720. 0.583
8400. 0.028
8580. 0.053
8360. 0.332
5670. 0.391
8360. 0.232
4410. 0.621
6120. 0.482
11400 0.063
5520. 0.398
11400 0.233
5300. 0.264
11180 0.006
8029. 0.262
7300. 0.192
7600. 0.144
7290. 0.227
8600. 0.037
6840. 0.492
7740. 0.167
4410. 1.0
420.0 0.998
7600. 0.083
11400 0.0
10530 0.310
8600. 0.145
12040 0.082
5670. 0.399
6080. 0.707
5280. 0.653
1720. 1.0
7600. 0.132
3800. 1.0
8600. 0.042
4560. 1.0
6020. 0.213
5040. 0.999
5880. 0.280
7600. 0.729
9460. 0.225
2520. 1.0
5040. 0.266
5280. 1.0
6840. 0.169
6120. 1.0
7740. 0.283
5040. 1.0
6390. 0.207
5320. 1.0
8330. 0.208
3480. 1.0
6020. 0.326
3800. 1.0
1080. 1.0
8330. 0.360
6000. 1.0
1260. 1.0
7350. 0.409
2760. 1.0
3120. 1.0
9150. 0.406
4850. 1.0
5950. 1.0
3840. 0.314
7740. 0.693
1640. 1.0
5360. 1.0
7849. 0.502
2580. 1.0
3330. 1.0
2820. 1.0
