780.0 0.0
4760. 0.4
4960. 4.733
4960. 4.133
4500. 5.333
3000. 5.533
3000. 5.866
6000. 4.066
4500. 5.266
5160. 1.2
660.0 1.0
990.0 0.866
660.0 0.866
660.0 0.733
660.0 0.8
2400. 2.333
1600. 2.733
1600. 2.266
260.0 0.0
7480. 9.2
5610. 10.6
5610. 10.6
5610. 10.2
3870. 4.133
3870. 3.8
3870. 3.133
480.0 0.6
640.0 0.533
480.0 0.6
640.0 0.666
1830. 4.133
2440. 3.6
2440. 3.8
2440. 3.866
1520. 4.0
1520. 3.933
2280. 3.533
3040. 3.2
1520. 3.866
800.0 3.2
1200. 2.6
1200. 2.933
800.0 3.066
160.0 0.0
3510. 7.066
3510. 7.333
4680. 7.266
4680. 6.533
1650. 6.133
2200. 5.533
1100. 6.266
1650. 6.133
1650. 5.866
4800. 7.333
4800. 6.6
3600. 7.133
4800. 6.933
3200. 8.0
3200. 7.866
3200. 7.466
4800. 7.0
6400. 5.933
4920. 8.733
4920. 8.4
4920. 8.866
4920. 8.0
4410. 9.666
4410. 9.6
4410. 8.933
5880. 9.0
4410. 8.533
740.0 0.0
6870. 12.26
6870. 12.46
6870. 12.33
6870. 11.33
1920. 2.4
3840. 1.933
4710. 1.4
1640. 3.666
820.0 3.933
1640. 3.6
1230. 3.733
1230. 3.8
1760. 3.2
1320. 3.333
880.0 3.533
1320. 3.266
880.0 3.666
2070. 4.4
2070. 4.533
1380. 4.6
2760. 4.266
2070. 4.466
2280. 4.4
1520. 4.733
3040. 4.133
3040. 4.066
1520. 4.733
3880. 5.6
2910. 6.133
3880. 5.333
2910. 5.933
3840. 7.4
3840. 7.266
2880. 7.666
2880. 7.466
2550. 7.2
2550. 7.066
2550. 7.066
1700. 7.6
2550. 6.866
4880. 6.133
2440. 7.466
2440. 7.333
3660. 6.666
3660. 6.733
3840. 13.0
3840. 12.8
3840. 12.73
3840. 12.33
3840. 12.6
7770. 9.066
7770. 8.866
7770. 7.666
