2050. 9
9380. 33
11340 54
2920. 6
13500 60
9680. 36
6650. 24
10640 54
1760. 0
6840. 24
5880. 15
2960. 21
7670. 30
5440. 3
6080. 12
11400 39
11580 54
480.0 0
12150 63
6930. 24
9050. 36
3650. 15
5320. 15
9120. 30
10640 30
3710. 24
3900. 12
12540 45
2250. 6
10440 42
10710 36
9990. 36
3990. 24
4950. 27
12150 51
4920. 18
2020. 0
4730. 15
8550. 27
12040 60
8680. 24
9240. 36
7700. 36
6930. 27
5940. 30
4240. 39
12900 36
10320 39
9570. 45
9880. 51
5940. 18
11110 33
8000. 33
1060. 0
4480. 12
9730. 48
6360. 21
9440. 36
10440 42
2060. 0
7290. 36
7560. 21
9880. 39
7100. 27
7600. 33
9120. 45
9240. 24
12510 57
10220 18
5940. 18
10890 36
11300 66
6790. 30
3000. 3
6120. 21
12900 60
13080 60
6660. 30
9880. 33
13140 66
9490. 30
10290 39
440.0 0
10640 21
13090 57
4020. 15
640.0 0
8029. 36
8540. 36
2650. 18
4200. 18
10640 60
3840. 9
8400. 39
12040 36
6720. 18
3870. 21
10530 21
8640. 27
10560 48
10220 24
10530 27
2880. 12
4640. 27
1000. 0
3280. 18
12040 24
7650. 21
9460. 33
11400 42
1580. 0
7320. 12
2160. 0
2590. 6
8189. 21
7300. 27
4830. 18
7600. 36
10640 24
12320 48
9240. 39
3540. 15
11400 33
13080 36
4730. 24
10640 39
10900 48
12040 45
12510 54
14000 81
11480 48
5330. 30
150.0 0
8360. 39
740.0 0
9520. 27
4960. 12
6840. 27
8000. 33
4320. 12
2580. 15
5670. 42
10200 48
5000. 15
11160 54
9940. 48
6960. 24
14280 48
2120. 0
2280. 0
12660 48
8400. 27
10400 57
12160 48
8160. 33
8910. 30
5320. 6
5520. 27
6930. 33
9120. 27
1950. 18
8100. 48
4900. 21
7070. 18
9180. 42
9880. 39
9270. 48
8029. 45
3510. 24
4080. 27
10900 60
11120 57
10220 39
10780 45
5950. 27
12900 54
4240. 6
10320 39
10260 36
2670. 21
4640. 12
11160 66
12040 45
6020. 27
4240. 9
8360. 33
9100. 48
9960. 39
8240. 27
9000. 21
8340. 24
8720. 33
9440. 42
6020. 18
10640 42
3220. 0
8550. 33
8280. 24
7680. 33
8120. 30
12240 66
3010. 6
11400 21
5590. 21
4650. 12
6250. 30
8100. 24
6720. 45
5850. 15
8600. 30
13559 51
9360. 39
14400 87
4480. 15
3360. 6
1880. 0
10100 51
7600. 27
3050. 9
5160. 18
8700. 39
6320. 24
3710. 6
13080 54
10320 45
10320 48
2760. 3
11600 54
1920. 6
4060. 15
6120. 27
13920 63
7740. 15
11550 48
4560. 9
10320 30
11660 48
7480. 15
13680 90
10900 42
5940. 33
2250. 3
14280 84
13080 57
9460. 45
10350 45
3880. 15
13090 57
2140. 0
8840. 24
10640 36
13090 51
11660 39
10710 42
15360 75
12780 39
11280 36
2900. 6
7300. 30
9880. 36
11700 54
14160 66
8600. 42
9520. 60
8360. 27
8360. 24
7100. 24
5600. 18
11180 42
10530 42
5280. 15
7740. 39
3840. 12
8580. 21
12720 48
8450. 48
3760. 6
6630. 33
10340 69
11400 42
8640. 33
9180. 30
5910. 27
860.0 0
3760. 12
4860. 39
4410. 12
10120 36
