7860. 2.2
300.0 0.0
13090 8.0
5950. 8.533
4900. 3.733
2940. 4.466
10320 4.533
9030. 3.666
4810. 1.2
10530 7.466
4680. 8.466
3510. 7.8
2520. 3.933
4410. 3.533
1260. 4.066
9880. 2.2
6890. 1.6
2700. 0.0
4300. 0.2
12040 1.6
11400 3.6
9450. 4.4
5900. 1.733
2950. 3.266
5060. 1.6
2300. 2.533
12040 3.4
10640 3.0
2240. 3.733
5600. 2.6
10640 3.0
3360. 2.8
4320. 2.733
5160. 2.733
6020. 2.2
11180 2.0
5320. 4.466
4560. 5.0
9460. 2.0
4380. 2.533
5110. 3.0
9120. 2.4
11400 2.8
5040. 2.8
5880. 2.933
7590. 4.2
2760. 5.733
5300. 3.066
4240. 3.8
1420. 4.333
6390. 2.466
6960. 2.6
7600. 1.6
9230. 4.8
2130. 6.666
7900. 5.6
3950. 6.6
7560. 1.4
9940. 3.0
8360. 2.133
3800. 3.4
12900 1.8
10160 5.333
6350. 4.066
1040. 0.533
1040. 0.2
7140. 6.133
8160. 6.333
1540. 5.133
6160. 4.733
2310. 4.933
1540. 5.4
2730. 6.666
8190. 6.266
3640. 6.4
4200. 6.4
16800 6.133
840.0 0.0
9250. 11.66
5550. 12.6
7400. 11.6
5550. 12.73
1400. 0.2
1820. 1.0
2080. 0.8
6600. 1.2
7950. 2.8
8400. 2.2
3150. 0.933
2100. 1.8
6630. 1.2
4320. 0.8
6960. 1.4
7020. 1.8
10350 3.0
5280. 1.0
11400 1.4
11400 2.0
5590. 0.4
10640 4.0
3410. 1.8
12150 2.8
6380. 2.0
8820. 1.6
7950. 1.8
4320. 0.4
4590. 0.4
8260. 1.6
5800. 1.2
7560. 1.8
7560. 3.4
12900 3.4
12150 3.2
10640 3.2
6380. 1.4
12150 2.8
6960. 1.8
7920. 2.4
8580. 2.2
12040 4.0
10530 1.4
9490. 2.2
11400 3.4
9900. 1.4
6930. 1.2
10200 2.2
5800. 1.133
2320. 2.066
12900 4.0
7260. 3.2
5300. 0.2
9880. 3.0
11400 2.6
11400 2.6
11180 1.8
5800. 0.8
11180 3.6
4320. 4.8
4320. 4.666
4410. 0.6
5400. 1.0
5830. 1.2
7540. 0.6
4240. 1.133
2650. 2.266
4140. 0.466
920.0 1.266
10530 2.0
1260. 0.0
12040 3.2
11180 2.2
10640 2.0
9880. 1.4
200.0 0.4
800.0 0.133
9720. 2.0
9900. 1.6
9880. 2.8
5940. 1.0
5670. 4.666
3780. 5.8
5600. 1.6
9120. 2.6
12150 3.0
11400 2.2
9880. 2.8
12900 3.0
7300. 1.8
10320 2.2
6300. 1.0
12040 1.4
12040 2.2
10320 3.0
6800. 1.4
950.0 0.0
8700. 1.0
12900 3.0
8600. 2.6
8360. 1.8
9900. 1.4
9490. 2.8
2660. 0.4
760.0 1.066
6930. 1.6
9120. 2.6
6840. 3.8
5320. 4.4
12900 3.6
300.0 0.0
7590. 1.8
12900 3.6
5830. 1.0
11180 0.6
7600. 3.466
4560. 4.733
7290. 2.4
6840. 1.8
6840. 0.8
10640 3.2
7290. 1.6
7740. 2.0
9120. 1.4
12900 4.0
9880. 2.4
11340 2.4
12900 3.8
3220. 0.666
1380. 1.133
8360. 1.8
6120. 0.6
10320 3.2
8600. 4.333
5160. 5.4
7590. 3.2
9230. 2.4
11400 3.0
7600. 1.0
9120. 3.2
11400 2.4
4340. 2.666
4340. 2.4
8260. 2.4
160.0 0.0
12900 3.2
7260. 2.6
5320. 3.666
6840. 3.266
5320. 3.733
6080. 3.466
6080. 5.533
6080. 4.8
8600. 2.0
9460. 1.8
6880. 5.2
6880. 5.6
5830. 1.0
6900. 2.8
9120. 4.2
7740. 2.6
11180 1.6
7600. 1.4
9880. 2.6
7740. 5.466
6020. 6.133
5160. 2.2
6840. 1.0
6480. 5.266
6480. 4.533
11400 2.0
6370. 1.6
8360. 3.2
8360. 3.6
8360. 2.4
9880. 2.4
9460. 2.733
4300. 4.133
4720. 1.866
3540. 2.666
7080. 1.8
6860. 0.8
8910. 1.8
10640 1.6
5280. 4.066
5280. 4.066
11180 2.4
2580. 4.533
6800. 1.0
11400 3.4
9120. 1.2
11180 2.2
6800. 2.4
5440. 3.533
4760. 3.933
6210. 2.8
3450. 2.733
9460. 6.6
4300. 8.466
9240. 2.6
9940. 2.2
6390. 4.666
3550. 5.066
7600. 4.6
4560. 5.8
9450. 1.6
9240. 2.0
5670. 3.533
3150. 3.933
5460. 3.933
6370. 3.4
9120. 2.6
3040. 4.6
6360. 2.0
11400 3.8
9720. 1.6
8190. 2.6
8560. 5.8
7490. 5.333
10650 3.4
5320. 3.733
5320. 4.066
10320 4.2
3440. 5.533
4860. 3.933
2430. 4.8
3240. 4.333
12900 2.0
10600 5.133
6360. 5.266
4860. 4.333
8100. 4.4
6120. 2.0
10640 2.0
9460. 2.2
8480. 7.466
7420. 6.866
12040 4.2
5340. 2.8
5340. 3.133
3420. 6.0
3420. 5.8
6020. 3.4
3440. 4.4
9460. 3.133
3440. 5.2
5830. 0.8
9120. 2.0
9450. 1.8
5100. 4.733
6800. 4.6
10320 2.6
9230. 1.4
8010. 5.066
5340. 4.8
10640 3.4
8480. 4.4
5300. 5.066
720.0 2.533
4320. 1.333
5310. 0.4
9120. 2.866
1520. 4.733
10320 3.0
9120. 1.333
1520. 3.333
5160. 0.6
860.0 1.466
6800. 2.0
11040 3.533
3680. 3.6
4620. 4.866
5280. 4.733
6480. 5.533
6480. 5.333
3650. 3.666
5110. 3.533
1460. 4.6
6840. 2.666
2280. 4.0
12200 7.2
7320. 7.066
12040 3.0
12150 5.2
7740. 4.466
5160. 5.0
8080. 3.733
4040. 4.0
7980. 4.6
5700. 4.333
7740. 4.266
5160. 5.533
5280. 5.4
3300. 5.866
1980. 6.333
9660. 2.2
7280. 6.533
5200. 7.066
4160. 7.8
10200 1.8
2280. 5.8
9120. 4.266
6200. 4.866
8680. 5.466
420.0 0.0
6080. 2.0
8360. 1.4
8030. 2.2
8120. 1.733
1160. 3.666
11180 3.8
1720. 5.6
6840. 2.533
2280. 3.0
6080. 1.4
9460. 1.4
8760. 2.0
9120. 0.8
11660 5.2
5300. 4.866
5900. 1.733
1180. 2.933
4970. 3.533
5680. 3.933
9490. 3.733
2190. 6.066
2610. 0.466
580.0 1.2
5800. 4.866
10440 4.866
7250. 4.2
13050 5.066
11340 1.6
7210. 6.266
4120. 7.666
5150. 7.4
7400. 2.333
2220. 3.2
12040 2.8
320.0 0.0
13700 5.466
5480. 6.066
6930. 3.333
2520. 4.733
14040 3.666
4680. 3.666
12900 2.4
9940. 6.2
2840. 6.666
7100. 5.266
9100. 6.266
5200. 6.2
3900. 7.0
2600. 7.333
4860. 2.666
2160. 2.933
5160. 7.066
3870. 7.133
11610 7.066
1880. 4.2
8460. 3.266
2820. 3.4
3360. 5.8
3360. 5.6
4200. 5.0
7000. 9.333
10500 8.066
7000. 7.6
1720. 7.266
10320 5.2
3270. 8.066
9810. 7.4
4360. 7.8
1680. 6.466
6720. 5.533
4200. 5.533
2160. 1.466
2160. 1.133
2160. 0.6
9200. 6.0
5520. 6.0
3680. 7.266
1520. 2.533
2280. 3.0
2280. 2.866
1520. 3.2
5640. 9.266
9400. 9.066
5640. 9.733
2760. 6.6
3680. 6.266
3680. 6.266
4600. 6.066
2140. 7.8
7490. 6.4
3210. 7.066
2140. 7.733
2280. 5.866
2280. 5.466
6840. 4.333
3420. 5.133
8200. 8.6
11480 9.4
4920. 9.6
2070. 1.4
1380. 1.666
1380. 1.466
3000. 0.0
9720. 8.933
4860. 10.0
4860. 9.933
6480. 10.13
11450 10.0
6870. 10.8
4580. 11.26
6870. 10.86
6870. 9.2
7830. 3.6
