8820. 62999
6840. 75999
5320. 75999
7600. 75999
9460. 85999
9880. 75999
2520. 35999
600.0 35999
2400. 19999
9120. 75999
12900 85999
11400 75999
6080. 75999
5110. 75999
7950. 52999
4440. 73999
5900. 73999
10950 72999
6900. 71999
2880. 71999
7290. 98999
3960. 98999
11400 75999
2320. 12399
7440. 12399
5250. 12399
3650. 21299
4680. 21299
4640. 21299
6390. 21299
6840. 11399
6630. 50999
8820. 62999
6480. 53999
10950 72999
10640 75999
9880. 75999
7260. 65999
6960. 57999
3870. 42999
12040 85999
10640 75999
9120. 75999
12150 80999
3280. 40999
3040. 40999
11180 85999
8189. 62999
6600. 65999
9120. 75999
5220. 57999
3010. 57999
7280. 55999
10220 72999
4240. 52999
8029. 72999
6300. 62999
7670. 58999
10640 75999
7600. 75999
12900 85999
10640 75999
5830. 52999
10950 72999
2940. 65999
5280. 65999
10220 72999
10950 72999
6890. 52999
6930. 62999
7600. 75999
3240. 75999
4400. 39999
220.0 39999
6840. 75999
8029. 72999
5520. 68999
3840. 68999
6490. 58999
7600. 75999
11400 75999
10220 72999
7300. 72999
8280. 68999
5280. 80999
5670. 80999
11180 85999
1750. 23999
480.0 23999
7950. 52999
11400 75999
10320 85999
3840. 47999
7740. 85999
3700. 71999
4320. 71999
9880. 75999
1170. 75999
3690. 52999
2120. 52999
1470. 52999
8360. 75999
12040 85999
5820. 96999
4830. 96999
12900 85999
5320. 75999
5040. 75999
540.0 26999
4300. 26999
320.0 26999
1140. 62999
6300. 62999
4770. 80999
3240. 80999
9120. 75999
1920. 75999
8360. 11599
5800. 11599
12040 85999
7480. 60999
2320. 60999
10320 85999
680.0 85999
12040 85999
2400. 47999
2400. 47999
5220. 10599
7420. 10599
1980. 10599
920.0 59999
3600. 59999
6540. 10899
6960. 10899
10320 10099
3030. 10099
12040 85999
1380. 85999
5940. 98999
3200. 98999
2580. 98999
6160. 15699
9420. 15699
7740. 86999
760.0 86999
1740. 86999
940.0 86999
5760. 76999
2310. 76999
5960. 14899
10320 14899
1500. 12899
5160. 12899
6080. 12899
1440. 12899
12900 85999
1220. 60999
5670. 60999
2650. 60999
5040. 95999
2880. 95999
1380. 95999
7740. 15199
3560. 15199
4560. 15199
4300. 90999
3640. 90999
12150 80999
8600. 85999
1180. 85999
10640 75999
6020. 85999
9720. 80999
6720. 22399
750.0 26999
2430. 26999
3960. 28999
520.0 28999
4440. 36999
4400. 39999
7560. 53999
7950. 52999
5880. 48999
4840. 52999
1000. 52999
5880. 48999
4100. 40999
4840. 43999
4000. 39999
4300. 42999
6890. 52999
7840. 55999
9900. 65999
7670. 58999
2100. 29999
7540. 57999
4300. 42999
5060. 45999
8260. 58999
8820. 62999
3040. 37999
8820. 62999
5830. 52999
1000. 52999
9240. 65999
3870. 42999
10200 67999
9240. 65999
8820. 62999
4800. 47999
11400 75999
11400 75999
11400 75999
7670. 58999
7080. 58999
11400 75999
7280. 55999
11400 75999
11400 75999
2880. 35999
4140. 45999
10640 75999
9230. 70999
10950 72999
6480. 53999
9230. 70999
9940. 70999
5830. 52999
12150 80999
6160. 55999
11400 75999
10200 67999
6960. 57999
9240. 65999
9490. 72999
3280. 40999
11400 75999
12150 80999
4590. 50999
12150 80999
6490. 58999
6720. 55999
5800. 57999
12900 85999
220.0 10999
12900 85999
9880. 75999
10950 72999
12900 85999
8840. 67999
9490. 72999
7260. 65999
8840. 67999
9880. 75999
9490. 72999
12900 85999
9880. 75999
12040 85999
8840. 67999
7260. 65999
5400. 53999
11400 75999
4770. 52999
10530 80999
11400 75999
12040 85999
8160. 67999
9880. 75999
9120. 75999
9490. 72999
12900 85999
10640 75999
9120. 75999
9490. 72999
12900 85999
12150 80999
12040 85999
3010. 42999
570.0 42999
9120. 75999
12900 85999
4240. 52999
11180 85999
9120. 75999
9120. 75999
9120. 75999
12040 85999
4320. 47999
9120. 75999
10640 75999
12040 85999
10640 75999
4320. 53999
6930. 62999
8029. 72999
11340 80999
9880. 75999
9120. 75999
9880. 75999
12900 85999
9490. 72999
3430. 48999
9120. 75999
9120. 75999
9880. 75999
12900 85999
12900 85999
12040 85999
5310. 58999
12040 85999
8360. 75999
12040 85999
12040 85999
2460. 40999
9880. 75999
7480. 67999
9120. 75999
12040 85999
6600. 65999
11180 85999
4640. 57999
6900. 68999
9120. 75999
12040 85999
8360. 75999
8910. 80999
7600. 75999
5670. 62999
8360. 75999
12040 85999
5310. 58999
3010. 58999
9720. 80999
8360. 75999
1800. 75999
9120. 75999
8360. 75999
6210. 68999
8360. 75999
7600. 75999
6900. 68999
9720. 80999
10320 85999
8360. 75999
5310. 58999
8100. 80999
9460. 85999
5940. 65999
5280. 65999
4130. 65999
6840. 75999
3360. 75999
8600. 85999
7600. 75999
10320 85999
300.0 14999
10320 85999
3710. 62999
5040. 62999
8910. 80999
8910. 80999
7300. 72999
3060. 72999
8910. 80999
6570. 67999
3360. 67999
9460. 85999
4620. 65999
6570. 65999
3240. 72999
5840. 72999
7600. 75999
7600. 75999
5520. 68999
5280. 68999
4410. 75999
6080. 75999
8100. 75999
1600. 75999
8600. 85999
8600. 85999
8600. 85999
2500. 85999
7740. 85999
6080. 75999
6080. 75999
8600. 85999
2650. 85999
7290. 80999
400.0 19999
6480. 80999
6080. 80999
7740. 85999
3540. 85999
6880. 85999
4760. 85999
5840. 72999
3180. 72999
6080. 75999
3240. 75999
7740. 85999
4970. 85999
7740. 85999
3480. 85999
6880. 85999
5320. 85999
7740. 90999
6370. 90999
1840. 85999
6020. 85999
1290. 85999
4560. 85999
5160. 85999
480.0 23999
6790. 96999
3900. 96999
7280. 10399
5640. 10399
6370. 91999
5520. 91999
5160. 11399
7980. 11399
7630. 10899
4740. 10899
7070. 10099
5160. 10099
680.0 11599
5280. 11599
8120. 11599
2520. 10199
7139. 10199
4250. 10199
5340. 10099
6060. 10099
2920. 10099
7630. 10899
4050. 10899
4950. 98999
4350. 98999
4300. 98999
1920. 10699
5350. 10699
2040. 10699
920.0 10699
2960. 11099
1950. 11099
5550. 11099
3160. 11099
5450. 10899
3440. 10899
5650. 10899
5600. 11199
5300. 11199
1950. 11199
5700. 12799
7320. 12799
6400. 12799
820.0 90999
900.0 90999
2040. 90999
3640. 90999
2280. 90999
6600. 13699
8220. 13699
4280. 13699
980.0 14899
4480. 14899
8940. 14899
8100. 13499
6350. 13499
4200. 13499
1040. 13799
6100. 13799
2790. 13799
6900. 13799
6950. 15899
9540. 15899
4760. 15899
2580. 11099
1300. 11099
2760. 11099
3330. 11099
2970. 11099
1300. 13099
5240. 13099
1360. 13099
3360. 13099
3810. 13099
3210. 18899
5960. 18899
3510. 18899
1760. 18899
7560. 18899
1740. 19099
7640. 19099
4890. 19099
1940. 19099
4650. 19099
8120. 20299
2320. 20299
5580. 20299
