8820. 0.2853714817647208
6840. 0.8122463312198277
5320. 0.8471434725883531
7600. 1.1078957015789141
9460. 1.449854958157644
9880. 1.667869225230727
2520. 1.9985724354023617
600.0 2.072845430629587
2400. 1.3104505650351341
9120. 2.8544640687374128
12900 2.846273344124998
11400 2.9635639929542634
6080. 4.476538599214789
5110. 4.568523267772379
7950. 3.9468292571583987
4440. 5.862765016803458
5900. 4.770498783508678
10950 5.223911993910044
6900. 6.013353094448773
2880. 6.841813488359247
7290. 6.889117395555734
3960. 7.652559125259885
11400 6.836943798099013
2320. 7.933240258264405
7440. 8.090513753949201
5250. 8.068640360516945
3650. 9.24064791245021
4680. 9.37308931102229
4640. 9.316060459450755
6390. 9.31483530733711
6840. 9.505641849695737
6630. 8.790195337183638
8820. 9.658134448870051
6480. 9.827984287751027
10950 10.986889997484226
10640 11.924684496145101
9880. 13.16826955080501
7260. 13.961008757833099
6960. 12.788193694408903
3870. 13.391147424737703
12040 15.875425627208545
10640 15.431987167720967
9120. 17.296217564483836
12150 16.495953169295106
3280. 17.01471460357425
3040. 15.86115701317182
11180 19.462971961002943
8189. 17.76528058180357
6600. 20.379418046556815
9120. 20.48645443983167
5220. 21.60455466166742
3010. 21.07377485896761
7280. 19.593789166351016
10220 21.39615547095114
4240. 23.63776215692857
8029. 24.308124679495474
6300. 24.57292047703083
7670. 23.185353182535337
10640 24.965956899690283
7600. 27.92146359138459
12900 26.459615167590997
10640 26.820718845893136
5830. 26.82557159567708
10950 27.56851478730301
2940. 32.103372110747266
5280. 31.961401822724426
10220 29.44096341211962
10950 29.828326452310314
6890. 29.698828922647166
6930. 32.1088413610463
7600. 35.195915797037166
3240. 36.1126754918423
4400. 32.01258506572566
220.0 33.64885265481148
6840. 37.70464829583091
8029. 36.06234800008315
5520. 38.81877808193682
3840. 36.156686554781146
6490. 36.257872038198876
7600. 39.06112098043918
11400 37.23530706509992
10220 37.95838625629797
7300. 40.36056614363167
8280. 39.53772827648308
5280. 42.524847128956694
5670. 44.4116715687744
11180 41.34770266928245
1750. 42.38038974738623
480.0 46.233963482172115
7950. 40.441970400343536
11400 42.28453384690165
10320 44.171183118153884
3840. 43.96955601818178
7740. 46.77905880103248
3700. 44.01419832824622
4320. 48.97269891066602
9880. 46.59847505648074
1170. 50.306659792333036
3690. 47.08642820461222
2120. 51.87214007839438
1470. 53.21484933416898
8360. 49.22579910919264
12040 49.01242237217961
5820. 55.234826862812014
4830. 51.81084719882182
12900 50.531870292572826
5320. 54.19050126459136
5040. 51.68044202316475
540.0 56.621957697511704
4300. 51.85415368298802
320.0 53.59660751690011
1140. 56.665310309127015
6300. 53.64707485193891
4770. 54.4566396073279
3240. 60.28036047590191
9120. 55.802884510560276
1920. 61.411287202113876
8360. 57.101889120497184
5800. 63.33527051476018
12040 57.51056374972443
7480. 58.295204293520726
2320. 61.49415827649206
10320 59.76105998411322
680.0 62.97020927139124
12040 60.16313708077922
2400. 60.266278003613614
2400. 62.14586523567418
5220. 65.3978773504708
7420. 65.55809497415265
1980. 66.86937183104187
920.0 63.07145282662786
3600. 64.11356507006263
6540. 67.72245804275927
6960. 67.93242563435082
10320 65.57362347102902
3030. 71.22129852678643
12040 66.1873394364405
1380. 72.00840061640871
5940. 70.24942561689541
3200. 70.59128391718038
2580. 72.0472677274732
6160. 69.94125232024096
9420. 72.63091740817582
7740. 71.09021982178882
760.0 72.82680694530065
1740. 76.9785433610385
940.0 73.36612590594888
5760. 71.18529535110008
2310. 74.76669435231527
5960. 78.27322850036168
10320 72.7429968370736
1500. 79.39768329629052
5160. 78.4492060788737
6080. 74.75354780176099
1440. 78.38723820393376
12900 74.92962492751036
1220. 79.67427393409038
5670. 76.37334096795723
2650. 76.83616188504708
5040. 78.00956047038333
2880. 80.55992244833878
1380. 80.71843913879417
7740. 79.90770738562854
3560. 80.97569354862159
4560. 83.63019112694813
4300. 80.37651705387304
3640. 81.81173186728573
12150 81.19836954520056
8600. 82.57794366338702
1180. 83.64499006403152
10640 83.19755224185042
6020. 83.94672839673444
9720. 84.23092425834855
6720. 85.71500288589428
750.0 84.52106187855505
2430. 74.53614734129309
3960. 80.60733286390634
520.0 72.06233783135852
4440. 75.19413488879866
4400. 86.55465255496084
7560. 88.87959142929546
7950. 83.30927347255806
5880. 93.86797938236451
4840. 93.63827409003565
1000. 89.7632003321815
5880. 94.90843279843345
4100. 95.78517862805585
4840. 93.60371295069243
4000. 93.67311667032308
4300. 99.77290717435255
6890. 95.5443607051699
7840. 95.14791737031015
9900. 103.39889551982124
7670. 106.38583207142761
2100. 101.91786903604978
7540. 106.11414194348275
4300. 104.35361758199211
5060. 103.44052037176552
8260. 105.2338425516934
8820. 111.516795627138
3040. 115.5099386586241
8820. 112.7080220626519
5830. 119.3476243438394
1000. 103.41495024861607
9240. 118.0933286817168
3870. 120.19341080399177
10200 113.3290328699557
9240. 117.65232966996626
8820. 115.73656341426926
4800. 121.8779479737356
11400 127.41288527622999
11400 128.53719328166747
11400 129.15150136302555
7670. 121.94752531466216
7080. 129.08830516825222
11400 132.64736819950878
7280. 120.86894434640514
11400 133.87529995091296
11400 134.4989584198076
2880. 126.86091473556024
4140. 136.9434856271208
10640 142.68792333269337
9230. 143.65516830845172
10950 135.70878471368195
6480. 131.71120646521393
9230. 147.43720046961255
9940. 142.65192230282543
5830. 139.1092248995194
12150 148.900870353402
6160. 145.3181032943964
11400 146.14071906868452
10200 139.89361986372043
6960. 145.4818422435702
9240. 145.21740158133485
9490. 159.4428994935295
3280. 153.1241950631284
11400 153.72579832081928
12150 159.38187165287204
4590. 164.11355644994234
12150 161.17120656676127
6490. 161.50685309935676
6720. 152.8627320348379
5800. 170.2078223059652
12900 170.22221336325453
220.0 167.37014081178646
12900 171.7351786530375
9880. 174.01799276539072
10950 161.00264838609692
12900 174.38876418152844
8840. 168.47069627999724
9490. 174.5637907169897
7260. 180.64691759270093
8840. 170.99125461354495
9880. 180.36202230927742
9490. 178.13075036169062
12900 180.8385314561829
9880. 183.2209461857225
12040 187.72609726359943
8840. 176.3119130787474
7260. 187.40905009599248
5400. 180.44887211615588
11400 177.53585279964005
4770. 189.33067703198273
10530 194.87799528658005
11400 180.41676724820732
12040 195.80569483619433
8160. 190.67996118547913
9880. 194.05574877685612
9120. 201.18346887267916
9490. 192.97913540748524
12900 195.8220809003311
10640 193.26726151547936
9120. 206.0338437862408
9490. 197.81168099113376
12900 200.54491799367935
12150 197.75030293084072
12040 207.73754359916288
3010. 208.3177252653537
570.0 210.52932170988277
9120. 211.24025703823622
12900 205.2741696533345
4240. 217.35968025902207
11180 218.08930190651103
9120. 215.41521373817517
9120. 216.15613916560386
9120. 217.05058200639016
12040 215.45844047754082
4320. 206.32284602531033
9120. 219.79386755180315
10640 209.7143089418321
12040 219.7829270535217
10640 212.2960035512658
4320. 229.09032271640308
6930. 216.62105972851882
8029. 228.50213247082056
11340 219.85685754464842
9880. 221.89033904722965
9120. 228.65922902987154
9880. 224.31537983774217
12900 224.26799423783808
9490. 224.2340998021327
3430. 241.26569787456597
9120. 234.5941942006959
9120. 235.6855805600568
9880. 231.30605630348268
12900 231.24476746116957
12900 232.8045504727091
12040 239.00138612889555
5310. 244.68907416041858
12040 240.9161452485742
8360. 250.5459361765598
12040 243.14255892082096
12040 244.2457506408735
2460. 252.97476880365633
9880. 242.9919330292317
7480. 248.00160370645608
9120. 251.00964711005633
12040 250.23952237298923
6600. 256.5046809600285
11180 257.7306771310946
4640. 265.5894830982255
6900. 262.57000301056837
9120. 257.34272696686685
12040 256.4188758760782
8360. 266.03406947535876
8910. 271.9170653807111
7600. 274.4053496437591
5670. 268.33409498914784
8360. 268.0103320576181
12040 260.97639615976414
5310. 267.1060008224982
3010. 261.6783314275558
9720. 270.24297988420744
8360. 273.3298272244257
1800. 275.5638366236499
9120. 267.3949473130003
8360. 274.26579172792253
6210. 281.8191759628688
8360. 275.20287905253537
7600. 283.2545997303981
6900. 276.89417961326154
9720. 275.7065156188084
10320 280.7810113792756
8360. 279.24936043341603
5310. 276.56218125745374
8100. 292.75398358630866
9460. 289.87217145057434
5940. 285.86881019377495
5280. 294.93051115550463
4130. 295.25803780096874
6840. 297.9969485547017
3360. 281.3154211462876
8600. 299.72400259075664
7600. 290.47517633046846
10320 286.34618476654566
300.0 290.04924521065607
10320 288.08233303636825
3710. 293.5103094610796
5040. 294.1055765760095
8910. 291.816150446499
8910. 292.1582625810646
7300. 293.12330460278275
3060. 302.6552329660153
8910. 294.6162669334101
6570. 301.7642610862673
3360. 312.5287144438514
9460. 300.19877991486874
4620. 315.7609981012277
6570. 303.79126251784055
3240. 312.38309599228126
5840. 313.47989693957226
7600. 300.7723779971199
7600. 302.11066891792854
5520. 312.50408170474583
5280. 308.8929522103289
4410. 316.4982189834384
6080. 319.8692236678608
8100. 308.3858930406726
1600. 323.6130172861563
8600. 312.70207504875145
8600. 313.1962566809473
8600. 314.2004735916515
2500. 324.157638998417
7740. 322.0883409870377
6080. 322.92893395017296
6080. 321.7661938536019
8600. 316.9017009135359
2650. 331.98930232979626
7290. 320.9733092016185
400.0 329.00083866090534
6480. 330.9584939503694
6080. 324.82844079181655
7740. 327.87071875887347
3540. 328.45019744407074
6880. 336.83746113196
4760. 328.6192182044034
5840. 325.86132340887235
3180. 323.0878708803644
6080. 329.73584991562785
3240. 325.16683834176376
7740. 328.2141542257274
4970. 330.6140160452058
7740. 330.1031034632002
3480. 328.3342120761072
6880. 338.0922843556882
5320. 332.16383253931286
7740. 331.1665737481696
6370. 346.8783866803182
1840. 336.9988326360188
6020. 340.3450320205261
1290. 348.86805755590285
4560. 343.21057812150394
5160. 347.84206608573743
480.0 338.98797501065417
6790. 346.2904199083256
3900. 352.8073414302813
7280. 347.44831592261
5640. 351.28885118192136
6370. 338.91899996495573
5520. 350.17398388266815
5160. 346.12949107837653
7980. 355.73228771541426
7630. 353.64967707599965
4740. 341.27290084965756
7070. 348.88054646363486
5160. 348.3640955362854
680.0 361.3736616085442
5280. 349.64843827585446
8120. 358.6164722441485
2520. 355.62645739471355
7139. 347.9774587197208
4250. 352.75192632003746
5340. 350.8189790649938
6060. 355.94686144194736
2920. 358.91686180777685
7630. 350.2979869831894
4050. 350.8756689846847
4950. 367.5308911125821
4350. 354.6197907445532
4300. 352.6131449793264
1920. 368.78085039843137
5350. 368.4132000440188
2040. 371.020253070337
920.0 370.90162446261184
2960. 357.378217571706
1950. 367.00348659748454
5550. 367.69959689886065
3160. 358.9847394181139
5450. 367.6434015542973
3440. 365.8002836599488
5650. 369.53241577221735
5600. 370.5607002441157
5300. 366.0848351730244
1950. 367.4950904552824
5700. 373.53082816716824
7320. 364.12751158072075
6400. 381.1727278085746
820.0 367.6184870432757
900.0 373.85047540090267
2040. 374.13193493257995
3640. 372.61380666570204
2280. 380.14078019208193
6600. 382.8702692464716
8220. 371.3058291018553
4280. 382.99037498043805
980.0 378.070519965743
4480. 388.034464224446
8940. 378.13776213674055
8100. 373.3439145564666
6350. 381.5358418995707
4200. 380.3442101166659
1040. 382.6174317510706
6100. 376.6132703944919
2790. 392.326730783645
6900. 380.90085008011636
6950. 389.46919141690915
9540. 379.31241656112235
4760. 382.5957845484689
2580. 383.32987555997533
1300. 389.18690344871493
2760. 381.58278721215106
3330. 394.71273729350406
2970. 385.65611299613425
1300. 385.03266950993253
5240. 385.50463372029816
1360. 385.8128219120043
3360. 391.10436038093854
3810. 399.3556053479942
3210. 388.12108842296334
5960. 389.7068404975736
3510. 390.3295844128053
1760. 397.1962959008183
7560. 400.16984262973347
1740. 395.1461260444852
7640. 393.8555280417685
4890. 402.33454488525854
1940. 394.0185014668812
4650. 397.9355318038206
8120. 394.41114279162906
2320. 403.3137679299338
5580. 404.5125206116594
