3560. 0.663
6890. 0.339
9240. 0.028
7080. 0.229
4140. 1.0
6840. 0.548
3690. 1.0
1680. 0.858
220.0 1.0
4180. 0.303
4860. 0.768
11340 0.030
5940. 0.347
3240. 0.452
12900 0.026
8360. 0.344
9120. 0.158
10320 0.263
8120. 0.118
12040 0.064
11400 0.080
11400 0.007
4860. 0.427
10320 0.382
10640 0.206
4720. 0.348
4270. 1.0
10640 0.0
6300. 0.094
6360. 1.0
5320. 0.351
3360. 1.0
1740. 1.0
3840. 0.268
6080. 1.0
9120. 0.243
4770. 0.252
5680. 0.112
6880. 1.0
9880. 0.251
8760. 0.314
3450. 0.521
6080. 0.951
4200. 1.0
8360. 0.076
7950. 1.0
12900 0.0
5520. 0.341
5280. 1.0
4760. 1.0
10320 0.203
5300. 0.497
5950. 1.0
6720. 0.500
2080. 0.820
5280. 0.680
4000. 0.409
3690. 0.661
6360. 0.333
11400 0.062
9880. 0.226
9880. 0.142
12040 0.059
11180 0.026
6300. 0.108
3920. 0.281
7260. 0.234
8760. 0.191
12040 0.094
9120. 0.295
6900. 0.118
9460. 0.216
10320 0.035
10320 0.080
3710. 0.442
5040. 0.981
10320 0.421
5840. 0.520
4410. 1.0
2450. 0.489
5320. 0.753
2650. 0.577
4020. 0.855
6020. 0.329
6020. 1.0
4920. 0.350
6720. 0.836
5160. 0.230
8330. 0.697
1650. 1.0
660.0 0.892
1590. 0.998
5250. 0.443
5850. 1.0
3800. 1.0
1100. 1.0
6450. 0.426
4640. 1.0
7000. 1.0
5400. 0.544
9150. 0.741
3660. 1.0
1680. 1.0
1540. 0.985
