1160. 0.034976087197108555
1500. 0.03574542520642124
1600. 0.4036809276036989
1470. 0.3862426391188426
1680. 0.40221925967173894
640.0 0.2277937207858775
3720. 0.19422586826755428
940.0 0.1361243169816886
3480. 0.09385430279068585
320.0 0.220528578135182
1050. 0.15847758375464915
4160. 0.36309707748806597
1040. 0.83824216289673
600.0 0.6563684997379535
2800. 0.8505036500274867
1220. 0.8136524530127174
3960. 1.4429830982845464
5280. 1.2682328121878301
3690. 1.2538943018473026
220.0 1.4008963348261192
160.0 1.1464805851632576
320.0 1.4340303555876144
1520. 1.5854658349529038
1320. 1.1431218460862869
420.0 1.2732669950664306
400.0 1.3109606314278226
1920. 1.369643151682657
2130. 2.8968886159825207
1280. 3.053342227641573
760.0 2.514722764238531
3040. 2.5096241563706903
1410. 2.3814857772162696
1980. 3.5059770659720995
2640. 3.233271913719991
1360. 3.6745183692576058
1780. 3.8629788610808826
5130. 3.4707315960632923
1290. 3.7244292774923697
1440. 3.916567047610293
5080. 3.839891906532305
5340. 3.762152364199455
100.0 3.9801553175763593
560.0 3.5544670782620895
840.0 4.106803260707242
1240. 3.4373190132064697
320.0 3.5036508032674973
800.0 2.9935105090576473
500.0 4.772278018657135
480.0 4.562163908729072
420.0 3.5838304769719818
800.0 5.218245115802123
560.0 4.995407067297514
1800. 6.0298402691050015
3360. 6.128808045186188
1440. 5.130129920104825
1470. 5.156450314486145
700.0 5.848818203145961
560.0 5.191276531858656
720.0 5.621966464139988
940.0 6.350299314605378
3640. 7.5487207078273
2960. 6.3592822217847065
2120. 5.3864461005042585
1320. 7.346347320935795
800.0 5.002995165350027
640.0 5.844000569480506
1620. 7.857969607752166
3640. 7.949587802144378
2970. 8.788101151324925
860.0 7.467545828328468
3080. 7.274146628326466
2670. 7.986510316466584
3420. 9.764098848601854
1760. 10.174983625887938
2160. 8.617258690709043
2580. 8.840871954488772
4260. 10.016357079041562
3000. 9.97673354794347
1160. 9.639497146723276
6400. 10.290043252028449
2880. 8.8329453386363
4760. 10.253953485547008
4240. 9.990524497825108
5940. 11.971381869953625
980.0 9.970158263776266
1260. 11.143870032654053
5560. 11.191062278801022
4800. 10.908134585796851
5070. 12.108147014193477
3400. 11.067504396208697
760.0 10.966663664132753
3570. 11.675259261331075
520.0 10.81216718232066
1080. 11.065388859569556
1380. 10.898833601014939
6200. 13.452450831556533
4860. 13.747522983546162
3870. 13.41966901333999
5940. 13.300411649083342
2670. 12.727177039029026
4050. 13.361813601256118
4440. 13.347107717744445
