6420. 0.25288748193950866
12900 0.5930801498877426
9490. 0.856937443809334
10320 1.2775457422970513
8360. 1.8298036216261808
4100. 1.9528999218402996
12040 2.1316647846511803
7420. 1.9420623192877202
6480. 2.490717736262868
1800. 3.2717619684434416
2870. 3.131503280984724
8700. 3.292551471585296
10950 4.10421341918787
9490. 4.41003237737064
780.0 5.590810869718796
6480. 4.069875319450653
4560. 6.235135303207908
5520. 6.085036426041638
8029. 5.627469615702116
9940. 5.822870503609547
8360. 6.538042190609312
2070. 7.592875442262421
6600. 7.153598494807461
2970. 8.754348541674135
4620. 8.429750829047395
4860. 8.357557196485038
2580. 9.091340112266032
6930. 8.693701044009348
1420. 10.121969163227925
7600. 9.611495222043905
9240. 10.326362999539965
6890. 10.177918776243684
2940. 11.27019524752994
3990. 12.90356930224602
4710. 13.03034406798656
4240. 11.591948130942804
10640 12.056592124747471
1140. 12.596767187329364
4800. 13.050926625878347
3990. 12.616948695026085
1520. 12.986944090804542
6860. 12.213011388539783
6600. 10.687665876056013
5720. 12.805540411053782
6160. 12.462422841860349
330.0 14.870591954066068
1000. 15.00981712403862
3280. 17.381744044403327
5520. 15.553735143145106
9900. 16.712946225649993
5300. 19.168467555305416
11400 19.437313054499405
10640 20.217954272859245
5900. 21.89805039466171
12150 21.649548164424985
5300. 22.011268483730582
5800. 23.233876987770394
3440. 23.129861616019763
6800. 25.37147872722913
9120. 25.32055514294384
8970. 24.123155782504043
6600. 27.02930592609946
2580. 27.376840983710814
9880. 26.690148965097574
7600. 30.154517296595113
12900 27.890849950192763
11180 29.866547330667398
9720. 30.80023422765719
5280. 33.691447847274546
8970. 30.031829916774964
10650 30.025729537032078
11180 33.51074995777137
6240. 30.192050399279644
8029. 34.99935336205587
4300. 32.57295334521551
12040 35.86788690487698
6360. 34.337134023482186
7420. 34.39612873790192
8820. 36.20406689199801
5670. 40.26055059909067
7420. 36.88083486396774
6080. 45.4475578183658
4240. 41.37561083033559
7740. 45.730501959686634
7600. 44.03752866980325
4860. 42.78101108681783
12900 42.94763492425511
6080. 48.08147588667297
4060. 46.505470347699514
9460. 46.861538606816985
9460. 47.5969041749337
6210. 47.9340080712466
11400 45.944959307973576
12040 47.943194829956965
12040 48.689905398500805
12900 49.08380240316452
7600. 52.16769671006392
3120. 53.118536587935026
6360. 49.775679953980585
10320 53.229481336152645
3840. 53.294979167860205
3010. 53.17158724444444
5330. 51.47736592017617
7740. 58.37078936453447
6800. 56.44215317555468
10320 57.44638842120477
6120. 58.475596017436764
12040 58.0377580535871
6570. 60.72315691402904
2950. 63.050376212518074
6800. 60.04593111330053
7139. 58.63468181562823
680.0 68.2673811387009
9240. 60.29275673444716
7600. 63.35765749968994
5180. 66.59744994143753
6840. 64.54306170110044
9880. 63.649444893929314
8520. 64.4979284431824
6300. 65.50780071344606
5320. 69.83932765257211
5880. 70.27829407316102
8600. 69.28401415084198
1590. 74.72692812788773
10640 67.98337135792573
12040 69.24860766910516
11180 70.38445903713725
7920. 70.47226337903876
3960. 71.20423424680698
4300. 78.64994094352691
3200. 77.16978485282364
8910. 73.85953257412565
12040 74.07398118604517
10640 74.51860398082084
2650. 78.62889020578321
6880. 78.68239955821173
5670. 80.21146588689298
4720. 77.77728646598419
1680. 80.924602588275
3440. 78.01358692905622
640.0 83.9470350322453
1710. 86.4872654050254
6360. 85.69531569883904
3360. 86.90946458122895
8360. 81.04403291419241
4040. 89.78423258210155
2900. 84.23557260018404
4320. 81.72286880334424
9120. 82.78600641797206
4360. 91.2103188162772
9880. 83.73346563709254
960.0 91.08937982264798
6450. 93.2278139003394
3720. 91.17441993863716
8100. 84.49589511715189
4590. 86.71208711906007
5530. 88.75601358314796
8160. 87.90054272162146
4880. 97.279831825287
10320 89.25442856728455
6540. 94.81475439083493
6450. 97.62385525218754
2670. 98.87183924106354
9880. 90.96278827035466
260.0 91.5769527722519
4350. 97.421169803926
4280. 100.5836880742235
4440. 95.40978152374895
10530 94.57463810938623
660.0 97.998797017356
5320. 97.41197681685546
5280. 96.33066608797539
8840. 96.51523887680861
1460. 106.78782917556853
2280. 104.26095645331175
4640. 105.24353372787667
7420. 100.84304386644884
9880. 98.85491783814766
6080. 101.14526383777668
2400. 101.12593248750713
1900. 101.68007823940059
6840. 101.8125373741756
6720. 104.96373691822413
2120. 104.5742644029399
6560. 111.32537444491427
9240. 103.61661746948663
1700. 112.5312092626684
9460. 106.2024532772308
1440. 112.79472819721414
1470. 108.13504158126021
2900. 108.43908626434278
3640. 110.9530089724675
1860. 115.79257235786491
12040 108.65493209710192
880.0 111.37464806283147
7560. 112.99332466164427
3950. 111.95252731591087
4280. 113.95250578751518
2280. 115.58383682696976
4710. 120.4686506455073
3450. 113.27276991403562
1640. 117.6023740203135
6360. 115.02794915387246
4500. 119.81283031107249
9880. 114.36647762802374
2820. 117.80249438963926
11400 115.13341205971544
6300. 117.20052790898521
1620. 121.89036175861008
4880. 120.37087142966107
5320. 119.58284701996315
5480. 122.66265314582489
2560. 120.16004281718133
3540. 121.73780927110836
2910. 124.38040028547817
920.0 123.21381073469944
6950. 123.2917656264321
680.0 124.47757071796212
3950. 124.23511914732123
4560. 125.4303932890191
3700. 123.99362816621948
4410. 125.91068943214576
2310. 127.1172785096874
2400. 127.11045256217778
2320. 129.29295066532862
6100. 128.79835789469655
5760. 128.13344762086498
5850. 131.3936743051131
2150. 129.55606784744185
2820. 130.90493010723176
5440. 129.4491171529911
1290. 130.89101223635865
5280. 130.49897852211387
5850. 134.4949817853895
5310. 132.47074260439172
300.0 131.9188058992242
2310. 120.1378303491997
5590. 126.37105264732908
2080. 123.05109911694582
7950. 123.70981143848157
5980. 123.88662951727653
4510. 129.12262276337444
5760. 129.4036562091889
8260. 133.4937136326144
5610. 140.43981644870004
9240. 139.80899784855686
9240. 138.0546284017905
3870. 140.67302947425878
800.0 142.57868345615773
8189. 142.75614997098015
5830. 142.37049032847074
10650 138.51406342033295
4800. 140.49327384140858
11400 148.02981128151262
7670. 135.4945162460037
10950 144.35387598362203
10650 140.44036319132348
4800. 142.48290424183432
6160. 150.50566072220104
3960. 146.50074572519011
450.0 146.95536036659794
4900. 147.58242290234463
11400 151.25993163648758
10640 157.18980343164927
6380. 153.6553167582273
11400 149.52071437651782
11400 149.7703200212148
10220 153.19840780056998
8970. 154.63704531738668
10220 152.60442704265935
4410. 157.8569313522705
11340 166.07460706000197
12900 165.51580605985313
220.0 160.3205541970263
12900 165.83958583470698
10640 159.628389912866
4770. 169.29458370330076
9880. 168.81479338097634
3440. 159.3923700341795
9880. 170.54504697531775
12900 168.2976589176273
10640 162.61891371083297
12040 176.51262530145488
12900 168.79023765634773
12040 177.36433779911016
12900 166.52937533467073
3010. 175.6615337305396
12040 176.48731157654709
9120. 180.772184257306
12900 169.46819007995393
12040 177.92157869270937
4860. 175.72393724981563
12040 179.48713238806604
4860. 176.88246056346586
7590. 183.16889836804702
9120. 184.4964607473676
4860. 177.37060754339163
6300. 184.10218811051112
9120. 185.40591572999878
12040 182.2192370255317
12040 183.29735507634575
8760. 182.87416252662746
5310. 192.47701560410047
12040 185.06070886949755
7810. 191.8445094862694
12040 186.63361738178287
9120. 190.75439274251954
6300. 190.63568172473393
260.0 194.6561531982716
8029. 196.97895690589075
11180 197.34733071045824
4320. 200.3076366559813
4320. 199.24856913481864
8360. 203.8817022149987
8029. 199.27490397629632
9120. 194.47774762869278
6900. 205.27008098306433
6600. 200.15586141390597
8360. 206.39601291326585
9120. 195.73857432603904
9120. 196.77401378812812
9120. 197.8106368941606
2280. 199.00280886400836
2460. 205.665693948153
8360. 210.14434731512193
1750. 207.93617398584308
5310. 202.70852074557138
3220. 202.12312414197922
11180 204.05516283232538
8029. 205.62791381457953
1080. 205.36854041400463
11180 205.8147655589643
8360. 210.98837831052336
8360. 211.20621990631582
7600. 221.41984320366834
3780. 223.95998150789256
4720. 215.5712078041236
10320 214.2588283488115
10320 214.21297761651383
4640. 216.11578177263672
2580. 214.05996859578465
7600. 221.43960805815715
7600. 222.1207514373068
7600. 221.2842705060637
8100. 230.31126671447092
2940. 228.1674745558422
8910. 218.7555384802695
7600. 222.38678121880673
4060. 233.60651479468893
3710. 220.60471528625905
6570. 227.88241588548874
3920. 225.02542363619855
6840. 232.78768081748274
3060. 229.1840651650032
8600. 235.32700915839047
3000. 227.87201174747747
8600. 236.0293269940162
2880. 224.00816128137697
6840. 230.11023460268154
2200. 235.15226223179596
5280. 228.15410671715225
6840. 231.64982075302353
6840. 232.33609529748807
8600. 235.86808950731958
3180. 236.3479606842284
8600. 236.2047709455859
5840. 243.86142277191638
5840. 238.4975352601112
6840. 234.76909829029972
4410. 236.92718060720702
810.0 237.89915377954432
380.0 241.5168151894158
6080. 242.97186449188453
6080. 239.88537240123713
6080. 239.76359026918368
4760. 241.75292665282893
400.0 246.51982370407353
420.0 250.747938601145
420.0 243.94280596979698
7740. 239.32639029319046
4830. 239.51068916334427
6880. 248.61321450024656
6480. 240.6814904745911
6480. 240.3022758810228
1840. 254.441762738529
6880. 246.5264749077761
3840. 244.10388033206883
4140. 254.56090544124538
6880. 245.29754587040816
1840. 254.58468493725945
5530. 250.23221729836348
1920. 255.04972446500486
5670. 251.89946978244922
5670. 251.27133279910322
6020. 258.0842492512068
2950. 251.00982827810557
480.0 252.53581339382882
5670. 249.1678265904384
6020. 255.9482780926989
4320. 252.59851826143804
6230. 255.09153512252553
4560. 253.01894168705388
3200. 253.30340878625248
4800. 259.6996762186278
4740. 257.9367485282375
1230. 257.40672417126655
4860. 261.8654676282201
3450. 261.29072140043166
620.0 262.90031904994663
1320. 255.4362350031173
560.0 258.75543490037165
7980. 267.76912060738437
5460. 258.55506293425526
7840. 263.6339224384465
8330. 269.37443144204343
4300. 268.17820741468313
2600. 259.92656160830967
4450. 271.0959408864754
1590. 269.5384979653511
3040. 273.52618761873396
3040. 273.3169009703403
1590. 264.2955509497481
740.0 269.8618859077817
4800. 271.44272386996636
7440. 273.9492071284569
1890. 274.7758063263319
860.0 279.17006339195643
820.0 272.4324598150585
900.0 276.1632284181056
880.0 270.74347177485004
5450. 275.92756821110396
7920. 271.57633149828683
880.0 273.5504972636058
880.0 269.266225282172
960.0 278.49540971478774
940.0 275.3216979630736
2160. 276.4023541813125
5950. 276.677993628843
4000. 279.85433210878944
2250. 277.2478959486547
4440. 273.24136011128724
6500. 283.9824036173401
2730. 281.2224408374038
2880. 282.05965233555133
2910. 278.96037644633594
5560. 281.2985741350443
3720. 287.4857179459649
1580. 278.28001194944477
3840. 283.4052312263502
1800. 288.71436964851677
1700. 279.29626538542004
3840. 279.7189790406929
1780. 284.28877752594144
7800. 291.02968863861554
4260. 286.137884869182
4380. 288.8094099219654
1980. 286.530587697434
4350. 280.2298885591783
4800. 292.02812121670075
2100. 285.50582616036365
4920. 284.6161651934688
5160. 285.8968092781381
7620. 0.2520313072887175
6930. 0.5092805955953345
11400 0.8604539276521496
6360. 1.1868456153120217
7290. 1.9139365611517452
6360. 1.9998088131690286
8600. 2.520643036519308
5950. 2.490603801350877
6840. 3.1915158799923202
5670. 3.1708411847304827
5830. 3.502515340918719
9880. 3.928116120330852
2280. 3.748903704632987
6080. 4.6494743535956236
6120. 4.319450120711721
3920. 4.541214967850801
6880. 5.475616953765276
6380. 4.599845601815277
260.0 5.102588948389315
11400 5.163602486532006
9120. 5.89741610271958
6090. 8.204901354402333
5310. 6.600503906778397
5280. 7.4509939974247406
5110. 7.716571968995194
6600. 7.698899898814042
3040. 9.034965021631525
5280. 8.708395259778277
3300. 8.907870260563309
7300. 8.808373608992262
7600. 8.982513652554237
6300. 9.585729462470232
3320. 10.645845450217973
9460. 10.182337509761837
6080. 11.109243070458135
7070. 11.486317640445598
6840. 11.695497029700794
2550. 11.758562705043763
8600. 12.556280150799221
3400. 13.008873084850318
9460. 13.309907155898319
5350. 13.577547430194903
7420. 14.425118834636663
7630. 14.368748343405576
8840. 14.666339526137481
3480. 15.928789898276431
12900 15.221534446290821
1820. 17.526817108342694
4410. 17.555306932830405
4560. 16.60652670345641
3660. 16.744914276651027
7000. 17.176801085363543
1340. 17.183818776201058
400.0 7.20391394197854
1400. 17.804011506088372
7840. 19.10625235104643
6150. 14.646760622429532
300.0 18.079925614843813
160.0 18.617674721107978
5760. 19.922892960625077
7540. 22.522187482559392
6370. 20.70836908675996
6360. 24.007088356351318
8700. 23.09487274888634
6720. 22.434628454814455
6890. 25.59665154171273
8970. 28.97154765801477
5160. 24.50311042005875
8189. 29.284924131510376
7670. 29.23143303878599
9230. 32.869318455123576
5330. 27.319173978346978
4770. 36.112682560858175
5940. 33.66157827290064
10350 33.92998308121618
3520. 36.981877286763456
7560. 37.33225599104956
9940. 37.841190801976985
8520. 40.90540515498119
5220. 42.99861647539812
8160. 41.81911540346859
10640 42.09876048811623
12040 44.83926930154563
260.0 46.84546765931226
4730. 39.97550653087359
12040 46.59623582307132
10220 45.278643802314384
11400 45.909331822686134
9120. 49.960443731452514
9520. 47.395655308547674
8760. 51.32488167355343
12040 52.45268690151461
9120. 53.390086609693185
10320 55.764282636409305
4730. 49.556227742988945
12900 54.707590060630025
8260. 52.352276230229435
7600. 60.64752331328323
11400 56.097578740306844
6860. 53.78047720638152
9240. 57.50536847982509
330.0 56.16439679690987
4300. 58.958159529053745
2880. 66.67040257535452
9120. 64.2063506915895
12040 64.80965780273492
2580. 68.21335878697151
5040. 66.13964571597508
12900 66.3265741377774
5280. 63.05366275042892
12040 69.26598959088945
5220. 70.6367569862674
9120. 71.35191873063658
9120. 72.20392201929069
8760. 72.36524010802702
900.0 63.77679520637537
10640 73.18468958170014
7200. 70.01411612517273
4480. 78.49189841359427
3920. 76.47959473882871
8580. 75.9399764912652
260.0 79.23141524015938
9880. 79.01020709373367
6080. 86.51233007548272
4830. 86.21711764597762
6930. 80.40508824403913
7600. 84.44726717039775
6080. 88.81017931838434
4060. 86.69418953222487
3220. 85.18158988229939
1820. 80.38018920644221
11180 86.23264234144418
9120. 86.82105668020947
3440. 86.44335259054158
5520. 91.59474439979564
3480. 94.50967305065132
4410. 87.72307655955747
7920. 88.75603519221121
8840. 89.46328564386602
6600. 92.56805077109298
6080. 98.18142413418234
6880. 99.76639705951298
9720. 94.9785447117433
9120. 95.38404176530732
5900. 95.78597068249698
12900 96.65695017749337
6800. 99.19414837517131
10530 99.38233253973681
6480. 106.40414072531043
4240. 101.15201645362995
10320 103.00527471576981
1820. 99.37880097671182
5680. 106.07983901180887
8280. 103.3542916988485
10220 103.63268480934687
5400. 105.29126816195733
1000. 103.13663675939497
11400 106.01150109000528
12040 108.4901881515656
4320. 108.78102482407209
4480. 113.64809097290875
11340 110.59144674418728
10320 113.421593890672
10640 112.21880793218092
6840. 116.9654900328634
3680. 114.78472840215758
930.0 120.45473795623964
10320 117.57662456138682
12040 117.30944750640253
12040 118.41011169474088
4620. 123.91731769024742
5040. 119.81652838590671
3430. 122.02495348647926
6720. 129.93254708117533
5160. 118.82033887591032
10950 121.59866890792655
9120. 124.62570017392783
3500. 134.99750597762863
5280. 128.04965130732322
8360. 127.44362586874514
10640 126.47392813309031
7590. 128.4858315605162
7590. 129.48081507405388
5100. 129.79299942966438
440.0 136.1312739678353
480.0 136.9324860410876
1890. 127.80883789988467
6880. 137.5011024564162
9880. 133.28394123863262
5940. 136.08778487981678
6120. 144.94054971856067
6800. 136.86661291960246
3300. 142.67759602887077
8910. 138.84116176442063
1840. 142.4197159325385
9120. 138.89670818368447
5310. 139.98847531033883
990.0 135.88848788363075
8760. 141.45577701576235
9460. 144.5130284114086
1440. 151.89011456578626
8580. 143.53808581774297
600.0 152.5149735611636
7420. 143.58399401975328
4240. 147.44337949918406
6000. 156.37436488014487
11340 147.72532902689244
10640 148.52762431843686
2950. 155.24991898575763
2560. 158.60356891306662
10320 152.03356021697508
12040 152.3404294646182
5670. 154.59108590725404
2150. 155.88915977530564
11180 155.46809361293276
6600. 166.02102460181808
6370. 161.66324529221197
3780. 161.2794767284321
3800. 164.91740734334635
3900. 165.04403109665225
7300. 160.17672154144083
860.0 171.07564548088095
2040. 171.3629203084026
9460. 161.45460879411928
6080. 163.62992610156718
330.0 159.913739630978
420.0 164.81612549947246
7920. 162.20921277748448
8820. 162.63435993860682
3650. 171.2662770481672
2150. 166.9721501956695
6100. 177.36507947547145
5670. 170.52555513303264
3440. 166.01876075726645
8600. 170.15086942211428
2880. 169.48772781169603
680.0 176.22604858849294
7740. 171.5175424381699
7140. 179.40427743585744
6840. 172.3391659370848
5320. 175.38997033974448
7290. 174.16179520099948
4850. 181.55959196495812
1140. 186.6634440376243
2280. 184.80286755241232
5400. 174.54637812895274
920.0 184.4196696966683
7560. 176.08033590321844
1050. 179.53734424838126
4770. 178.04350148705285
4140. 181.05834608465113
7600. 180.53665756284096
2360. 184.25314786901404
10320 181.59082280152026
1260. 194.42531444911288
6060. 188.6714766400589
2160. 186.74423315868228
5800. 191.7645962077191
10320 184.89294712101002
2910. 197.79701356002255
5760. 184.91079104122707
900.0 187.98961811754293
4770. 187.8359165525166
2580. 199.00854327103238
1640. 189.92093280269228
7740. 191.2550436542568
5160. 202.16894348749872
1360. 202.61030762167542
960.0 200.00159833540243
1040. 200.89347327384684
7300. 191.95843731952817
1320. 203.6496553106056
7140. 199.7181580078279
6720. 196.63243209619776
2850. 203.56887378547896
6480. 194.22962550101414
1080. 202.38092238782318
9120. 195.97871471551048
4560. 199.88956866029474
6720. 200.0462171217177
4100. 202.92086784160475
3120. 203.90843443638394
1350. 202.14078008505982
11400 199.87988514622725
4500. 206.34086306621342
5800. 207.89102842742142
2650. 203.56347146017498
3150. 206.7199429777477
1400. 213.85985207116838
1710. 208.74636650656478
3780. 206.0108374939442
8040. 211.04705307300878
4380. 218.38957659432515
2340. 208.0998611520539
2160. 210.07829295105788
4800. 211.71520175460427
11340 209.79010137483522
1360. 217.86542984880336
5160. 225.27475207913312
3480. 219.85413337708786
580.0 213.38851971224167
2940. 213.25574589718877
4000. 211.96192159158528
9880. 213.67831856103552
7620. 219.36067442008243
4640. 215.53631929797086
7260. 216.97132224098877
7350. 222.44962728022136
5700. 222.9594435478445
4080. 223.48358547178543
4300. 221.64647261216734
1590. 223.57110612584492
3500. 222.74866147302635
3720. 228.1891316495072
5010. 232.55350734638736
3060. 227.27027536162586
5940. 223.56907687727414
3450. 225.27718377792246
320.0 224.5731980369755
4240. 226.20660836381722
6230. 227.26306776897954
6720. 230.29023684765986
4860. 237.20949617987708
5800. 233.77617772311433
1920. 234.98021346711678
5600. 233.67163622603522
3360. 231.04370083327032
3420. 234.6917294712349
7740. 233.759869870696
5800. 235.3898580470722
1740. 237.32541401816056
6060. 236.86786418284842
3800. 236.66436837301876
3120. 238.62625053352627
9120. 237.55382872571448
2880. 240.13329296437269
8520. 241.1332138004404
6080. 239.53320319751893
11400 240.32671521058052
3960. 245.10916327778102
4020. 246.50959789895836
2040. 244.46421436885595
4280. 243.828536214662
1120. 245.76596853410172
10220 244.61902073999983
6630. 248.27165518187417
8330. 246.42708749147138
1260. 247.42677785501837
440.0 240.46227286733333
800.0 241.7732905953839
6160. 247.0463996443344
7200. 242.08961666178197
4180. 241.38219542864053
7139. 245.24754667785868
7560. 246.30322379920716
7840. 252.20999794454178
7840. 251.60931552874086
8850. 247.08198068478805
7840. 250.34588705508773
6890. 249.01539837970427
5280. 247.79684539012942
8820. 248.95014835954268
10200 250.62536958452316
9240. 256.6864323410324
9520. 259.0118713197346
9240. 252.05546692547628
8189. 258.5388143342463
6960. 258.444451255513
7080. 262.4761491733652
10950 259.5576177763782
5830. 256.1168514181448
6960. 257.51746576568235
3280. 264.3802050382532
11400 260.8325403666529
11400 259.7462131702917
8580. 261.08770499444
8840. 266.8341190733778
2590. 269.9217899115962
10640 270.2629693013505
5400. 268.992271099384
5400. 268.2616200352695
10640 267.4684516987968
7920. 270.55768870742133
10640 267.99696951726173
5600. 275.4126212499907
7920. 270.9222792841835
12900 275.72874703529635
2800. 275.1694272938464
12900 275.7766057210392
12900 275.7209496942517
12900 276.4720786708707
8160. 272.78246623294166
12900 275.2164688200213
12900 275.40899664916
5800. 278.32787872840186
2940. 285.2306766113843
4860. 279.3945001912352
5900. 281.7631420172285
8520. 280.740804483242
12040 287.0604567301474
8760. 281.01568725355884
8760. 280.20285229500007
9120. 288.2956832679884
9120. 286.47748750067535
9120. 286.29452028354115
11180 291.40498461251934
4240. 292.3279038047157
4240. 292.2768153760242
5310. 288.6075467380569
11180 291.1040313223406
11180 290.7665101082816
11180 289.8530921210671
11180 288.5521390255335
6900. 296.1797143842227
9720. 288.9923075862215
10320 297.1400748490556
10320 296.30945146511095
8910. 294.319220952044
7600. 299.5788546114738
7600. 296.2105307682412
2760. 293.59762084502546
9460. 301.2193004718369
6120. 293.4284657076247
7600. 293.9726505761776
9460. 300.8093802753418
9460. 301.00991209338383
6210. 295.71304983771546
3180. 304.3786953791174
320.0 304.2853659962794
8600. 304.5462900318964
8600. 304.03328717910847
8600. 299.1863316073859
5840. 304.45971969157245
5840. 303.3415462590942
7290. 301.36319918168715
4410. 300.5829953763865
4410. 301.25957831003234
5840. 302.6255397266127
380.0 308.6425621654024
7740. 310.463008487025
4760. 305.82764575185627
7740. 308.4993845324883
1600. 309.4897474981029
6080. 306.6484828422794
4970. 309.786199463023
5110. 307.9062796613818
2650. 308.5394803353726
1720. 311.8761875392666
6880. 312.45183745149365
990.0 314.67400861330617
1920. 308.79779878135395
5390. 315.10528945435556
4080. 313.2675710434509
4440. 314.083715434135
4560. 316.95485092049563
3150. 311.5576815417347
3400. 311.7486290362592
3800. 318.55772806300246
7420. 320.00988441364103
5460. 316.4587222585086
1440. 316.91366063767833
7630. 314.0140502247224
3900. 314.1306651455755
2560. 314.9609214285186
4100. 320.88905690511433
4050. 315.51659484375864
4200. 315.85342711030574
6420. 321.3785777584521
1770. 317.6623587832866
7620. 322.07929546667765
720.0 320.76042497618374
720.0 317.45159577282465
900.0 326.0585533015711
5300. 318.8604088998071
5450. 324.3120563439192
5600. 326.11504824342774
3680. 328.6482407721318
6050. 323.41086234400444
6400. 329.59516614365606
1080. 325.16915666882505
4160. 323.986962191132
7200. 331.12318477977755
2640. 329.7667057522335
2610. 326.2758279290653
4760. 329.4067819762171
7450. 324.6838195683133
2760. 326.81035902001867
5160. 332.0520365284003
3240. 330.64747599918906
1500. 331.10442014808893
1500. 329.9928379745801
3420. 332.8083786286396
1500. 327.4635314033803
1560. 330.04039481906796
3720. 327.8266084723236
4110. 335.04142205985994
