8280. 0.159
9900. 0.040
9880. 0.111
8820. 0.058
4730. 0.415
2400. 1.0
5300. 0.753
540.0 1.0
6490. 0.191
12900 0.020
10220 0.155
11180 0.132
8029. 0.241
6570. 0.366
4560. 1.0
3920. 0.467
1620. 1.0
6840. 0.082
3480. 1.0
8600. 0.170
980.0 1.0
6120. 0.085
6600. 1.0
11340 0.069
9460. 0.225
990.0 1.0
940.0 1.0
10640 0.174
3010. 0.322
3240. 1.0
6960. 0.728
5590. 0.177
6600. 0.074
4100. 0.603
7840. 0.269
6360. 0.182
6360. 0.161
9520. 0.0
10950 0.131
8580. 0.241
9450. 0.144
6160. 0.421
5830. 0.146
12040 0.0
8820. 0.096
11180 0.107
6600. 0.671
11180 0.087
8760. 0.404
10320 0.026
7480. 0.337
12040 0.0
11180 0.0
5670. 0.240
3360. 1.0
6930. 0.469
12900 0.0
11400 0.113
8029. 0.216
8580. 0.162
9460. 0.169
7920. 0.465
9880. 0.139
9460. 0.093
12040 0.0
6840. 0.332
6840. 0.302
11400 0.047
6840. 0.341
11340 0.250
10530 0.314
8910. 0.275
2300. 1.0
9720. 0.053
4240. 0.503
3360. 1.0
5520. 0.308
2150. 1.0
3540. 0.318
5440. 0.614
5320. 0.248
5320. 1.0
2880. 0.535
4760. 0.989
6840. 0.052
1840. 1.0
6840. 0.140
5670. 1.0
400.0 0.997
6020. 0.140
6020. 1.0
3050. 0.425
5180. 0.579
2760. 1.0
6540. 0.264
2760. 1.0
8400. 1.0
6650. 0.368
2460. 1.0
4800. 1.0
3240. 0.573
5800. 0.866
6000. 1.0
3060. 0.773
