2050. 0.8
9380. 1.8
11340 2.4
2920. 0.2
13500 3.0
9680. 2.4
6650. 2.2
10640 2.6
1760. 0.0
6840. 2.4
5880. 0.6
2960. 1.2
7670. 1.6
5440. 1.0
6080. 1.0
11400 2.6
11580 4.6
480.0 0.0
12150 4.2
6930. 2.2
9050. 2.6
3650. 1.0
5320. 2.6
9120. 1.0
10640 2.6
3710. 0.6
3900. 1.6
12540 3.8
2250. 0.6
10440 5.0
10710 1.8
9990. 1.8
3990. 1.4
4950. 2.8
12150 3.0
4920. 1.6
2020. 0.0
4730. 1.0
8550. 2.4
12040 3.0
8680. 2.8
9240. 2.8
7700. 2.2
6930. 1.4
5940. 1.0
4240. 1.4
12900 2.0
10320 2.6
9570. 2.6
9880. 1.8
5940. 0.8
11110 1.4
8000. 1.8
1060. 0.0
4480. 1.0
9730. 3.0
6360. 1.2
9440. 2.4
10440 4.0
2060. 0.0
7290. 2.6
7560. 2.8
9880. 4.2
7100. 3.6
7600. 2.6
9120. 3.2
9240. 2.0
12510 3.0
10220 2.6
5940. 0.8
10890 1.4
11300 3.2
6790. 2.2
3000. 0.6
6120. 1.0
12900 4.0
13080 4.4
9880. 2.6
6660. 2.0
13140 4.8
9490. 3.0
10290 3.8
440.0 0.0
10640 1.8
13090 1.4
4020. 1.2
640.0 0.0
8030. 2.4
8540. 2.6
2650. 0.8
4200. 1.0
10640 4.6
3840. 1.2
8400. 2.6
12040 2.2
6720. 1.2
3870. 1.0
10530 1.4
8640. 3.6
10560 2.6
10220 1.8
10530 2.0
2880. 1.0
4640. 1.6
1000. 0.0
3280. 1.4
12040 2.4
7650. 3.6
9460. 2.2
11400 5.2
1580. 0.0
7320. 1.2
2160. 0.0
2590. 0.4
8190. 1.2
7300. 1.6
4830. 0.8
7600. 1.8
10640 1.6
12320 3.2
9240. 1.8
3540. 0.8
11400 2.4
13080 2.6
4730. 1.0
10640 1.8
10900 3.0
12040 3.8
12510 3.8
14000 4.2
11480 3.8
5330. 2.4
150.0 0.0
8360. 2.0
740.0 0.0
9520. 2.0
4960. 1.2
6840. 1.2
8000. 2.8
4320. 0.6
2580. 1.0
5670. 2.4
10200 4.6
5000. 1.6
11160 2.8
9940. 3.4
6960. 1.0
14280 4.4
2120. 0.0
2280. 0.0
12660 4.4
8400. 2.6
10400 3.0
12160 2.6
8160. 1.6
8910. 2.2
5320. 0.4
5520. 1.4
6930. 1.8
9120. 2.0
1950. 1.0
8100. 3.0
4900. 2.4
7070. 0.8
9180. 3.2
9880. 2.6
9270. 2.2
8030. 3.2
3510. 1.4
13600 8.466
4080. 9.533
11120 2.4
10220 3.0
10780 3.8
5950. 3.0
12900 4.0
4240. 0.8
10320 3.2
10260 2.8
2670. 0.6
4640. 0.8
11160 4.4
12040 2.4
6020. 1.6
4240. 0.6
8360. 1.4
9100. 4.0
9960. 3.0
8240. 3.2
9000. 3.8
8340. 2.6
8720. 1.8
9440. 2.6
6020. 0.6
10640 2.0
3220. 0.0
8550. 2.8
8280. 2.4
7680. 2.6
8120. 2.0
12240 5.0
3010. 0.4
11400 1.4
5590. 1.4
4650. 2.4
6250. 1.8
8100. 1.6
6720. 1.4
5850. 1.8
8600. 4.2
13560 6.0
9360. 3.0
14400 4.4
4480. 1.0
3360. 1.2
1880. 0.0
10100 3.8
7600. 1.6
3050. 1.6
5160. 2.0
8700. 1.4
6320. 2.4
3710. 0.2
13080 5.0
10320 3.2
10320 2.2
2760. 0.4
11600 4.2
1920. 0.4
4060. 1.0
6120. 1.4
13920 4.0
7740. 1.6
11550 5.0
4560. 1.2
10320 1.8
11660 3.8
7480. 0.6
13680 4.8
10900 3.2
5940. 1.8
2250. 0.4
13080 3.8
14280 4.6
9460. 2.2
10350 3.4
3880. 1.4
13090 3.4
2140. 0.0
8840. 2.4
10640 3.2
13090 2.4
11660 3.2
10710 2.8
15360 5.8
12780 3.0
11280 2.8
2900. 0.8
7300. 2.6
9880. 2.8
11700 4.4
14160 2.0
8600. 2.6
9520. 2.4
8360. 2.8
8360. 1.8
7100. 2.4
5600. 1.4
11180 2.6
10530 3.2
5280. 1.0
7740. 3.8
3840. 1.0
8580. 2.0
12720 3.4
8450. 2.6
3760. 0.6
6630. 3.2
10340 3.0
11400 2.4
8640. 3.6
9180. 2.2
5910. 3.0
860.0 0.0
3760. 1.0
4860. 2.6
4410. 1.2
10120 3.4
