780.0 0.0
4760. 1.6
630.0 0.466
630.0 0.333
630.0 0.4
840.0 0.2
1820. 2.2
2730. 1.733
2000. 5.0
2000. 4.6
3000. 4.733
2000. 4.4
3000. 3.8
5040. 3.333
6720. 4.0
2380. 7.0
3570. 6.666
3570. 6.4
3570. 6.6
4760. 5.866
5520. 9.866
2760. 10.6
4140. 10.46
4140. 9.6
4140. 9.733
3640. 8.333
7280. 7.0
5460. 7.8
5460. 8.266
1920. 1.933
1920. 1.8
1920. 1.333
6600. 2.8
680.0 1.4
680.0 1.4
680.0 1.266
680.0 1.133
1360. 1.066
1960. 4.666
1960. 4.866
1470. 4.866
980.0 5.133
1470. 4.733
1240. 5.066
2480. 4.933
2480. 4.533
1860. 4.866
3200. 4.066
3200. 4.066
3200. 3.666
3200. 4.0
5280. 9.066
5280. 9.4
5280. 8.6
3960. 9.333
800.0 1.333
800.0 1.0
800.0 1.266
4120. 8.266
3090. 8.333
4120. 8.333
2060. 9.133
3090. 8.133
3060. 10.46
4590. 9.6
4590. 9.4
4590. 9.933
3060. 10.0
2920. 10.46
4380. 9.666
5840. 8.8
4380. 9.333
4380. 9.933
7920. 12.86
7920. 12.73
10560 13.06
7920. 11.33
6360. 9.733
4770. 9.2
6360. 10.0
6360. 9.466
990.0 0.8
1320. 0.8
5880. 16.53
5880. 16.26
5880. 17.13
5880. 16.4
5880. 16.46
330.0 0.6
330.0 0.6
330.0 0.466
440.0 0.4
220.0 0.6
1680. 8.2
2520. 7.8
3360. 7.266
3360. 7.0
1680. 8.0
2780. 9.933
2780. 9.666
5560. 8.933
5560. 8.533
5560. 8.6
4320. 5.466
2880. 6.066
4320. 5.2
2880. 5.866
