780.0 25999
4760. 11899
3000. 12399
4960. 12399
2100. 14999
1040. 14999
480.0 14999
6000. 14999
2430. 14999
5160. 17199
160.0 32999
450.0 32999
660.0 32999
680.0 32999
640.0 32999
2400. 79999
1400. 79999
1680. 79999
260.0 12999
7480. 18699
2880. 18699
3060. 18699
4050. 18699
1590. 12899
2190. 12899
3870. 12899
450.0 15999
640.0 15999
630.0 15999
640.0 15999
1260. 60999
2440. 60999
2320. 60999
1480. 60999
380.0 75999
660.0 75999
1530. 75999
3040. 75999
640.0 75999
800.0 39999
2190. 39999
1530. 39999
820.0 39999
160.0 79999
2370. 11699
1950. 11699
2320. 11699
4680. 11699
1650. 54999
3360. 54999
940.0 54999
1710. 54999
2220. 54999
2240. 11999
4800. 11999
2850. 11999
3160. 11999
340.0 15999
600.0 15999
1260. 15999
2520. 15999
6400. 15999
3040. 12299
3800. 12299
2520. 12299
4920. 12299
1770. 14699
1740. 14699
3540. 14699
4280. 14699
4410. 14699
740.0 36999
4710. 22899
3750. 22899
4620. 22899
6870. 22899
1220. 95999
3840. 95999
4710. 15699
1640. 40999
420.0 40999
1840. 40999
1080. 40999
1110. 40999
1920. 43999
1320. 43999
520.0 43999
1230. 43999
620.0 43999
1590. 68999
1560. 68999
760.0 68999
2760. 68999
1530. 68999
1770. 75999
740.0 75999
3040. 75999
3040. 75999
860.0 75999
3400. 96999
1890. 96999
3880. 96999
1890. 96999
3640. 95999
3840. 95999
2160. 95999
2670. 95999
2550. 84999
2730. 84999
2760. 84999
1380. 84999
3210. 84999
5160. 12199
1180. 12199
1380. 12199
3300. 12199
3240. 12199
3480. 12799
3600. 12799
3840. 12799
4620. 12799
4200. 12799
4440. 25899
4980. 25899
7770. 25899
