3400. 0.23038453638302253
8910. 0.8141336473516921
1590. 0.8117552269111343
12040 0.8743269451686476
9460. 1.3296859603464837
3840. 1.8551161351446845
5320. 1.4580061778740854
10950 1.7760710051916233
8280. 2.436365560131109
700.0 2.549716294128578
9120. 3.546333609341752
8350. 3.1460997532912165
6860. 2.654608046096242
3420. 3.497566394613859
10950 3.7023000835161604
9240. 3.9868381930442016
4600. 4.249202369570838
9940. 4.855948365040666
8029. 5.987727211658683
10640 5.860984156307422
5610. 5.830473607677671
4720. 7.322849435317833
4240. 6.399010888805044
10320 7.548686095036478
260.0 7.53841966545688
2800. 6.809507878914316
3060. 7.749194565823155
5840. 8.903242285375176
3180. 8.504534093454497
6840. 8.956948271356879
4410. 8.999629636398176
6840. 9.558826029514051
4560. 10.0255611135848
10320 9.65562557599509
8100. 10.215487116859732
7260. 10.46774762259693
460.0 11.116086936711287
3440. 11.226495526033219
6020. 12.021739885008643
3150. 12.753539125082614
8360. 12.057272221985038
9900. 12.176990613351478
840.0 14.681957734991236
4160. 14.601682564636324
7600. 12.971277854417332
1440. 15.774961216953105
4680. 14.984853310717547
3150. 14.130075126966393
3880. 14.019119204319578
6370. 14.188171975544574
6000. 11.109325561099116
4920. 14.16659551143744
9900. 16.489209946997075
6890. 15.869429846361257
8820. 16.781995378997415
9660. 18.69312427027274
3420. 17.43472138130209
6160. 20.292352225057044
240.0 14.915820271483987
10640 22.117593239327924
10220 22.09449988124954
6360. 21.033439835853954
9900. 21.40701209919775
220.0 24.289428189369815
8100. 21.216707418685246
3520. 25.96439140052191
8760. 28.01212881522188
8580. 26.72442291743308
7920. 28.432587483263056
12900 29.808684782924832
3220. 32.17427054670006
9120. 32.489379482235094
12040 32.97537403736593
12150 32.337308969250444
11180 35.305446012393176
9230. 33.867474671910735
8580. 33.754350236676025
12150 35.27111261351302
4860. 37.51843431173481
800.0 35.31325790881501
9490. 37.536458249073185
7920. 38.14230272535411
7650. 35.32797830493405
9940. 39.17341319815716
5040. 35.85664603585336
300.0 43.930050874878425
7480. 42.980645436102265
10640 42.49369778586294
6570. 47.445688978507704
5280. 41.00322450617205
200.0 43.353543292025805
5610. 43.854483511877675
10640 46.032464059974615
9880. 47.55470671978737
5610. 46.426129809565396
5440. 52.96652217682222
9230. 49.17036483915016
9520. 49.258209130615896
4400. 49.444367387883226
5940. 54.47038168169001
6800. 54.871353124293705
2940. 55.88932775051283
9240. 52.67138823673642
7600. 57.26690950748909
11400 54.67774526422555
8189. 55.20275911139438
5940. 59.32660396815143
5040. 61.22190154305477
1100. 56.565539488134235
12900 59.39938471825449
5940. 62.49158702042692
3060. 63.89103308605817
5840. 65.48768097008742
2800. 67.65011698112556
10320 63.92436300321343
10320 64.76636487376955
7600. 66.07810386336682
9520. 63.48877685172899
6600. 66.4310916139789
4080. 67.2249181685268
5320. 72.07226647995871
12040 67.78627368536557
8820. 66.85213556142313
6570. 71.6746484363034
7590. 70.43822163508605
6300. 71.30037480975788
5160. 69.11675261589458
10320 73.87531420132231
6160. 72.48488100016309
3870. 72.98280104314978
8910. 76.64488754427154
9460. 78.08085225951716
8600. 79.88028715944206
4560. 84.1630481264118
8360. 78.9930549414322
6600. 79.77094011653429
2120. 86.32139595391892
8600. 82.49148796782201
6880. 85.81311301674752
5520. 83.34338823545599
4320. 81.0451189474387
5670. 83.58118923407231
6840. 85.62376630032998
3050. 88.2662640271235
10320 84.96921876252951
6840. 87.25953457898552
3180. 87.3428645559175
11180 86.49096006305145
11340 87.00411541489888
620.0 94.83580597846351
7600. 89.21331071358004
9120. 89.01108430459747
12900 89.48203403827232
6840. 92.58449482568531
5670. 92.56454462480619
990.0 95.48426991400619
2250. 90.45841409344801
1840. 97.00139549524215
12900 93.76961483987162
4320. 95.8266613038562
2760. 96.41415825766367
9660. 95.45587015998956
10320 98.02686422307207
6840. 100.20139689485099
2800. 101.78399374983441
7740. 101.8039828551707
2800. 102.31062378885453
5840. 102.66032336409695
4450. 107.55190869160346
9120. 101.52351286003159
8580. 101.6069903498796
12900 102.93225747009232
9120. 104.3823217558057
11400 104.65781489868748
4130. 107.64983891975574
5550. 115.67566654683516
330.0 105.45663572126496
4770. 108.03377333785343
7440. 116.37650436851055
4300. 108.32478425882917
1590. 115.64379616123773
9460. 111.50344678082821
3840. 119.8677803235576
12040 111.48722943303176
4560. 116.11489812492897
5840. 114.00623197389716
12040 113.67319441272717
8029. 114.80542385926705
9460. 116.16648985633266
5280. 115.00337336522294
9460. 118.63358050918808
4300. 122.04521840631487
8330. 123.68684176320257
5040. 118.82941714279704
12900 119.69602082470021
1120. 120.74704393456344
7770. 126.02723563257669
2970. 132.4720194514699
4700. 126.90833704167244
10220 122.63864955954953
11180 124.5317941811866
2670. 132.4376438422663
2360. 129.01086257566686
3960. 132.78874311257348
4880. 134.3148760909082
6080. 128.48328974320282
1650. 127.27810173921233
2910. 135.16150175387932
12150 128.00007164112384
7740. 131.18300795021142
2610. 136.88213949633428
2480. 132.61685677087405
5400. 130.74168883782258
10220 131.59124446314516
4970. 134.26933890868574
8100. 137.54760110580037
7600. 135.1003345915177
3300. 136.5543025565036
4720. 136.8299224359975
5700. 138.9284728391253
1800. 145.63862003783368
3720. 147.11397189897738
2720. 140.88179931062498
6840. 138.6119928919048
4240. 139.88183949789743
1660. 147.8851622506384
2430. 144.45634816274676
9750. 148.9190282000096
1860. 149.99675235161328
3440. 144.46621192894395
6630. 141.72345940530045
12900 143.32969110743608
4680. 149.93733323043227
4720. 145.42516827949967
2880. 149.88544544082532
5460. 148.32034602503052
3800. 148.14917323670562
5830. 147.63189034259526
3060. 152.54865912420186
6370. 150.57096181515095
6080. 149.92910982621814
4600. 155.5830282535593
7230. 163.1276924707839
7900. 155.60587160757436
5680. 155.42266071587807
5160. 155.11898376249152
6920. 158.52734938870674
5400. 157.3204663741979
7849. 159.2171356679496
4850. 157.69855590021513
4500. 156.71968325211907
5320. 158.5334301066073
3800. 158.82809375427337
4350. 161.4797732168091
8840. 159.40339547916503
2600. 164.28974288270155
4640. 163.53260215736162
5280. 165.39175527477087
7290. 161.6720999109591
9490. 162.46690825700526
8280. 163.35486981907144
8200. 168.5113378091318
7320. 166.29605893183884
5280. 167.98753054392012
4760. 168.0380855968017
1920. 168.83565014148223
6720. 167.74459620359912
400.0 168.30012727370885
7300. 168.97231335204384
11180 169.809065642053
6020. 160.74263097317623
7350. 164.96451633945998
5590. 166.39333825962234
4180. 173.03007643343983
5720. 166.9992270053804
4180. 167.11727270486944
7420. 176.2484971107853
5160. 166.15727365628123
6370. 169.8157885680554
2640. 177.6427773595395
1000. 171.1396590008238
160.0 170.06291329170256
7020. 172.9986986205328
3600. 181.38218858279856
9900. 180.29893719114614
9900. 181.07363749628908
6360. 181.2191474701666
10200 184.9830217381111
6360. 180.40142658706108
2880. 182.58297695535003
420.0 186.7729515415977
9240. 188.55707479310348
8189. 189.7790865587092
5610. 183.349967298913
8189. 191.35486014384276
4900. 189.31687206838401
5830. 186.97979093133716
7080. 190.92818496455632
11400 196.55913444980357
11400 196.35012402622078
3870. 186.99309055726465
7080. 191.8597906799216
11400 197.17318293767792
10220 199.1260254352084
4320. 201.49465112292336
5300. 200.13169529651827
8970. 201.06245670497043
3440. 203.4960582311495
5400. 203.12066417899575
7560. 198.65753470354974
8840. 199.04922850862718
12150 205.02799756847958
12150 205.87980838533247
10220 200.5673264611116
2590. 203.60056723145826
5300. 203.90166673911742
10220 202.45322215302457
9490. 212.7357095942818
5400. 206.97161671129055
5300. 204.71070042514964
10640 209.34676265726358
10640 209.85443809231856
3440. 208.78574998008924
12900 219.7313407251322
8280. 218.9398182884999
11340 219.89921595012282
9880. 221.50393109300663
8280. 219.50269653294941
9490. 214.8753105375899
9880. 220.95772129042138
8760. 226.5805594145777
9880. 220.71633625358126
7260. 225.23084792196178
4770. 222.9359517549834
9880. 222.42994063545632
12040 231.18747889242601
12040 231.85427655394966
12040 231.85638723043704
2100. 223.88137368572583
2940. 227.27868308369972
12040 232.77948975864967
3840. 228.71320160431486
12040 233.3597663623185
12040 233.84458232741088
12040 234.52593784540488
10530 237.5550038199263
12040 235.78884138597505
4770. 229.9476597010104
4770. 230.61962421844933
9120. 241.32716056968388
12040 236.36625503424168
9120. 240.50168453812762
7480. 235.5604176679427
9120. 238.98614385306922
7590. 237.31330114119325
11180 245.8241371292427
11180 246.47620367404684
9120. 239.63415084298117
11180 245.47833203834992
11180 246.06051576815173
4240. 246.8040810787217
4240. 246.16661658949658
11180 246.22698098312733
6600. 246.1041820352695
4320. 250.98413040964786
3430. 251.89644286112843
8029. 249.03738517139183
11180 248.52043465676076
9720. 248.07907586602408
10320 257.01915608429977
10320 256.8474241287934
7300. 258.6767438988781
10320 255.87722606333398
8910. 260.8973926179605
8910. 261.5751910142784
4720. 262.92709662652555
4720. 259.9078659869466
7600. 264.6095639299525
7300. 257.8476147486024
1240. 264.6396294267461
6210. 266.1845736803947
3710. 263.6513952754882
7600. 265.4619329081112
7600. 264.0393727047236
7600. 262.9235490419423
9460. 268.0459198455927
9460. 266.06265620722354
3780. 264.7708516390666
5280. 274.22471313969373
8100. 273.46287981399075
2880. 268.8568097515622
9460. 267.03061437080095
9460. 267.5313877173425
9460. 268.12651399806583
9460. 268.5132742946791
3000. 277.93003321283913
6390. 268.62819636167046
6840. 278.3258658824806
2150. 279.5391760458609
8600. 281.17783792963223
3180. 281.7376536585416
5280. 275.49383654879836
5520. 280.4346510224592
6570. 273.80888014043444
2150. 276.72869047966253
8600. 276.52869325077353
2250. 275.5017241793092
5520. 277.538713110292
840.0 285.89718408117955
1440. 277.0863268796042
6080. 288.2751003200149
4480. 279.6513847539889
7740. 288.1587047180372
4620. 283.90470539867545
6080. 287.716725371207
4830. 291.7943031320597
7740. 287.9777338094607
3480. 288.08041921086146
6080. 286.9149100847909
4760. 288.2325407638758
7740. 285.4243418759487
3540. 284.97724045010034
2650. 294.9333143923646
6880. 295.3766721364253
930.0 288.4853817028549
3780. 287.99056879116296
4080. 295.74698536469805
6880. 289.592434753265
2900. 298.81108800948635
5810. 292.63857089949835
6020. 290.58458516304165
480.0 293.3284156644746
1200. 300.427980269554
4740. 296.8669266197935
6370. 295.3432775783158
6370. 293.7741927371054
6720. 302.3771285985714
1290. 299.669021149979
4980. 293.65810058308097
580.0 298.20877983105095
600.0 298.16970956681894
2520. 299.5124177260567
5460. 305.2867818330354
5820. 306.57180731065216
2520. 295.7761748159939
7770. 302.0528850234566
5700. 298.40836340885966
1440. 297.68962071812416
640.0 305.0051861635331
660.0 300.1117914699886
2760. 307.2848914057567
6540. 306.6634009668905
8120. 306.60749238008094
9030. 303.255747067369
3120. 311.5205306531783
6840. 305.37013747420525
3480. 312.5691529821287
800.0 312.47391289099136
3440. 303.2006384375803
8040. 309.2661476984004
5700. 316.2195244615579
5700. 309.4299153928645
6300. 315.6843085675459
6200. 314.39515815062464
6200. 311.725072379513
6450. 317.11591056615265
4240. 314.58225435332275
6450. 308.582267099591
1160. 319.43466367090326
4720. 319.6432918476857
1060. 310.7814748616011
2520. 311.17438264904456
1220. 315.9454979358386
1240. 316.0716448830506
5080. 316.35150105939067
5040. 316.705804605776
3270. 320.2553561733461
3360. 318.73556407654934
1620. 317.14851946606444
3690. 319.0411180899687
1600. 315.1663608847323
4710. 321.45618521971505
5190. 324.5501885132747
7600. 315.2342575078003
