1020. 50999
7800. 19499
580.0 52999
2120. 52999
1200. 44999
1800. 44999
4880. 12199
2360. 11899
2960. 11899
1120. 11899
3570. 11899
3440. 21599
1320. 21599
1920. 21599
4500. 21599
6480. 21599
720.0 42999
160.0 42999
1720. 42999
1720. 42999
200.0 99999
420.0 47999
840.0 47999
1920. 47999
680.0 47999
2800. 98999
3960. 98999
4200. 98999
2940. 98999
780.0 87999
1830. 87999
3520. 87999
5360. 13399
3480. 13399
1890. 13399
2280. 13399
3560. 14199
4480. 14199
4260. 14199
2720. 14199
1520. 17499
3300. 17499
4040. 17499
5250. 17499
1760. 92999
1860. 92999
1500. 92999
2430. 92999
680.0 33999
1100. 12199
800.0 12199
4880. 12199
6160. 15399
300.0 17999
760.0 17999
1240. 17999
540.0 17999
930.0 30999
320.0 30999
300.0 30999
600.0 30999
1600. 30999
480.0 23999
1240. 34999
420.0 34999
520.0 34999
990.0 34999
700.0 34999
2560. 63999
1350. 63999
1410. 63999
700.0 63999
820.0 63999
760.0 10999
3280. 10999
3840. 10999
960.0 10999
4400. 10999
1980. 13599
4320. 13599
5440. 13599
2010. 13599
1260. 13599
5280. 14999
6000. 14999
1380. 14999
2880. 14999
3420. 14999
6600. 16499
2820. 16499
4650. 16499
5460. 16499
1260. 62999
4590. 23999
4890. 23999
7200. 23999
