1400. 34999
540.0 67999
2040. 67999
4360. 10899
420.0 73999
940.0 73999
2760. 73999
2220. 73999
2640. 73999
4980. 16599
520.0 33999
630.0 33999
660.0 33999
680.0 33999
1290. 33999
1740. 10199
4080. 10199
3600. 10199
1620. 10199
760.0 31999
640.0 31999
4290. 18999
3480. 18999
4360. 18999
3510. 18999
5700. 18999
3510. 11699
560.0 20999
160.0 20999
630.0 20999
1080. 20999
1640. 58999
1290. 58999
2360. 58999
1770. 58999
760.0 58999
2560. 11099
900.0 11099
1380. 11099
4440. 11099
1320. 85999
1840. 85999
880.0 85999
2580. 85999
2400. 85999
1160. 14199
4240. 14199
1140. 14199
5680. 14199
400.0 19999
1280. 14499
5760. 14499
2610. 14499
3180. 14499
1520. 14499
1260. 17399
3360. 17399
6960. 17399
6280. 15699
1260. 62999
990.0 23999
740.0 23999
480.0 23999
360.0 23999
1840. 18899
7560. 18899
2730. 18899
500.0 24999
1980. 85999
1360. 85999
1640. 85999
2580. 85999
5310. 17699
4350. 17699
1080. 53999
840.0 71999
1440. 71999
740.0 71999
100.0 27999
220.0 27999
1000. 27999
1160. 27999
1120. 27999
360.0 57999
1480. 57999
990.0 57999
1880. 57999
500.0 57999
2000. 49999
2320. 49999
680.0 49999
1650. 49999
3120. 77999
2960. 77999
840.0 77999
1770. 77999
860.0 77999
4200. 10199
1040. 10199
2460. 10199
2610. 10199
3630. 10199
3600. 14099
2020. 14099
4230. 14099
