1160. 57999
1500. 74999
1600. 83999
1470. 83999
1680. 83999
640.0 31999
3720. 12399
940.0 46999
3480. 11599
320.0 15999
1050. 15999
4160. 10399
1040. 69999
600.0 69999
2800. 69999
1220. 69999
3960. 13199
5280. 13199
3690. 13199
220.0 37999
160.0 37999
320.0 37999
1520. 37999
1320. 37999
420.0 47999
400.0 47999
1920. 47999
2130. 70999
1280. 70999
760.0 70999
3040. 70999
1410. 70999
1980. 17099
2640. 17099
1360. 17099
1780. 17099
5130. 17099
1290. 17799
1440. 17799
5080. 17799
5340. 17799
100.0 27999
560.0 27999
840.0 27999
1240. 27999
320.0 27999
800.0 24999
500.0 24999
480.0 24999
420.0 24999
800.0 24999
560.0 83999
1800. 83999
3360. 83999
1440. 83999
1470. 83999
700.0 46999
560.0 46999
720.0 46999
940.0 46999
3640. 73999
2960. 73999
2120. 73999
1320. 73999
800.0 80999
640.0 80999
1620. 80999
3640. 98999
2970. 98999
860.0 98999
3080. 98999
2670. 98999
3420. 14199
1760. 14199
2160. 14199
2580. 14199
4260. 14199
3000. 15999
1160. 15999
6400. 15999
2880. 15999
4760. 19799
4240. 19799
5940. 19799
980.0 48999
1260. 16899
5560. 16899
4800. 16899
5070. 16899
3400. 11899
760.0 11899
3570. 11899
520.0 25999
1080. 45999
1380. 45999
6200. 19799
4860. 19799
3870. 19799
5940. 19799
2670. 19799
4050. 14799
4440. 14799
