3400. 0.8
8910. 3.866
2430. 6.066
12040 2.2
9460. 2.0
4560. 3.466
5320. 3.133
10950 2.4
8280. 2.266
1380. 3.533
10020 6.733
8350. 6.8
6860. 1.4
3420. 0.8
10950 1.8
9240. 2.6
4600. 1.8
9940. 3.8
8030. 1.8
10640 3.2
5610. 0.2
4720. 3.0
4720. 3.2
10320 2.6
1020. 4.333
4080. 3.6
3060. 3.4
5840. 4.733
4380. 5.333
6840. 5.866
5320. 6.6
6840. 4.733
4560. 5.533
10320 2.2
8100. 1.6
6490. 2.866
1180. 4.466
6880. 5.0
6020. 4.133
3800. 3.066
8360. 2.933
9900. 0.6
2080. 8.066
4160. 7.133
10400 6.533
2340. 7.4
4680. 6.6
5850. 7.2
4680. 6.8
6370. 0.8
6000. 1.4
4920. 1.6
9900. 1.8
6890. 2.2
8820. 2.8
9660. 2.8
3420. 0.4
6160. 1.2
240.0 0.0
10640 2.8
10220 4.8
6360. 0.6
9900. 2.8
220.0 0.0
8100. 2.6
3520. 0.6
8760. 2.2
8580. 2.0
7920. 1.8
12900 3.2
3220. 0.4
9120. 2.2
12040 3.2
12150 1.8
11180 3.0
9230. 1.8
8580. 2.2
12150 4.0
3870. 1.066
1720. 2.2
9490. 1.6
7920. 2.4
7650. 2.4
9940. 2.8
5040. 1.2
720.0 2.266
7480. 1.2
10640 2.8
6570. 2.6
5280. 0.6
200.0 0.0
5610. 1.0
10640 2.6
9880. 1.4
5610. 1.8
5440. 0.8
9230. 1.4
9520. 3.6
4400. 1.4
5940. 1.4
6800. 4.133
4080. 4.866
9240. 0.4
7600. 1.2
11400 4.2
8190. 1.6
5940. 2.6
5040. 2.333
3150. 3.533
12900 2.2
5940. 4.466
3960. 4.333
5840. 3.266
3650. 4.066
10320 2.4
10320 1.4
7600. 1.4
9520. 1.8
6600. 2.6
6080. 3.066
5320. 2.466
12040 3.2
8820. 1.8
6570. 1.0
7590. 1.4
6300. 0.6
5160. 1.6
10320 1.4
6160. 2.0
3870. 0.2
8910. 2.4
9460. 2.0
8600. 4.0
5160. 4.666
8360. 4.4
6600. 2.466
2640. 3.133
8600. 1.8
6880. 3.6
6880. 3.6
4320. 0.8
5670. 2.2
6840. 2.533
3800. 2.8
10320 2.4
6840. 3.133
4560. 3.266
11180 1.2
11340 4.133
1620. 7.0
7600. 1.0
9120. 2.4
12900 2.4
6840. 1.8
5670. 1.4
1890. 2.533
4140. 1.2
1840. 1.4
12900 2.4
4320. 2.866
3240. 3.066
9660. 4.2
10320 2.2
6840. 3.466
3800. 4.333
7290. 3.666
4050. 4.533
7120. 3.666
4450. 4.0
9120. 2.2
8580. 1.6
12900 3.2
9120. 2.6
11400 3.0
7770. 4.666
5550. 4.6
330.0 0.0
11160 6.8
7440. 5.266
5300. 2.466
1590. 3.133
10560 3.6
3840. 4.4
12040 2.0
4560. 3.333
6080. 3.133
12040 2.4
8030. 1.4
9460. 2.2
5280. 0.8
9460. 5.533
4300. 6.933
8330. 4.466
10710 4.933
12900 3.8
1120. 0.0
7770. 7.266
3330. 8.0
5550. 7.733
10220 3.2
11570 3.866
2670. 5.533
4880. 5.933
4880. 5.4
4880. 5.266
7760. 4.466
4850. 5.533
2910. 4.933
12150 1.8
7830. 5.466
2610. 6.666
3480. 7.0
5400. 0.2
10220 2.4
9450. 7.266
8100. 5.666
7600. 3.666
3800. 4.666
7200. 4.466
5400. 3.933
1800. 4.6
3720. 5.866
4960. 6.466
11160 5.666
6640. 3.266
1660. 3.933
2490. 3.8
9750. 6.0
3900. 7.4
7800. 7.2
6630. 0.8
12900 2.2
4680. 7.866
9360. 8.066
3510. 8.333
5460. 3.2
4550. 3.666
11220 3.2
3060. 3.466
6370. 3.8
7280. 4.333
9640. 15.93
7230. 14.73
12050 15.53
9640. 15.8
10380 9.933
6920. 9.4
6920. 9.866
7850. 8.4
7850. 9.066
9420. 9.2
10150 7.2
7250. 7.0
4350. 6.4
16900 4.533
2600. 5.6
7040. 10.53
5280. 10.06
15840 9.866
9490. 2.2
8280. 1.8
8200. 9.133
12300 9.8
6150. 9.6
6720. 5.466
1920. 5.866
6720. 5.2
400.0 0.0
7300. 0.8
11180 1.4
6020. 1.8
7350. 1.6
5590. 0.6
4180. 0.8
5720. 1.0
4180. 1.6
7420. 0.6
5160. 1.6
6370. 1.2
2080. 1.133
1300. 1.466
520.0 1.866
7020. 2.2
3600. 0.2
9900. 2.2
9900. 2.4
6360. 1.0
10200 2.2
6360. 1.0
2880. 0.866
1080. 1.533
9240. 1.8
8190. 2.0
5610. 2.0
8190. 1.2
4900. 1.4
5830. 0.8
7080. 0.6
11400 1.8
11400 4.2
3870. 0.2
7080. 1.4
11400 3.6
10220 3.8
4320. 1.4
5300. 0.6
8970. 1.2
3440. 0.6
5400. 1.2
7560. 2.4
8840. 1.8
12150 2.2
12150 2.8
10220 3.2
2590. 0.8
5300. 0.8
10220 2.4
9490. 3.0
5400. 1.0
5300. 1.6
10640 2.0
10640 3.0
3440. 1.2
12900 3.2
8280. 0.6
11340 3.0
9880. 1.2
8280. 1.4
9490. 2.6
9880. 2.2
8760. 1.4
9880. 2.0
7260. 1.0
4770. 0.8
9880. 2.2
12040 2.8
12040 4.0
12040 2.8
2520. 1.533
2940. 1.2
12040 2.0
3840. 1.6
12040 2.0
12040 2.4
12040 3.0
10530 4.8
12040 1.2
4770. 1.4
4770. 0.8
9120. 2.4
12040 3.0
9120. 1.4
7480. 1.0
9120. 2.0
7590. 2.8
11180 2.6
11180 3.0
9120. 1.4
11180 2.4
11180 3.0
4240. 2.4
4240. 2.266
11180 2.8
6600. 1.2
4320. 4.0
3780. 4.2
8030. 1.4
11180 2.4
9720. 3.0
10320 2.4
10320 1.8
7300. 2.0
10320 2.2
8910. 3.4
8910. 2.8
4720. 3.533
4720. 3.6
7600. 2.4
7300. 2.2
2920. 3.2
6210. 3.666
4830. 4.466
7600. 2.8
7600. 4.0
7600. 1.8
9460. 2.4
9460. 2.6
4620. 5.0
5280. 4.866
8100. 3.133
4860. 3.733
9460. 2.4
9460. 1.6
9460. 0.8
9460. 2.2
4260. 4.0
6390. 3.6
6390. 3.666
3550. 4.733
8600. 3.733
5160. 5.333
5520. 5.266
5520. 5.133
5940. 2.066
3300. 3.0
8600. 3.933
4300. 5.133
5520. 2.933
2070. 3.733
2760. 3.266
6080. 3.8
5320. 3.4
7740. 5.0
6020. 5.266
6080. 4.4
5320. 5.333
7740. 2.933
5160. 3.533
6080. 5.133
5320. 5.133
7740. 4.0
5160. 4.4
4300. 2.933
6880. 2.466
1890. 4.2
3780. 3.6
3780. 3.266
6480. 2.466
4050. 3.333
5810. 4.333
5810. 4.4
1580. 3.6
2370. 3.466
4740. 2.133
6370. 6.133
6370. 5.533
6720. 5.4
2880. 6.4
5760. 5.466
1260. 2.2
1260. 2.066
2520. 1.666
5820. 4.8
5820. 5.333
3880. 5.6
6650. 6.933
5700. 7.733
2850. 8.666
2180. 4.8
2180. 4.866
4360. 4.266
6540. 3.466
9030. 7.733
9030. 7.6
4560. 5.866
6840. 5.133
4560. 6.0
2680. 7.133
5360. 6.266
8040. 5.333
6300. 9.066
6300. 9.133
6300. 8.666
6200. 9.866
6200. 9.666
6200. 9.866
5080. 7.466
6350. 6.8
2540. 8.266
5080. 7.266
2540. 6.666
3810. 6.133
2540. 6.6
2540. 6.466
5080. 5.266
5040. 11.13
3780. 11.4
3780. 11.4
2520. 11.93
3780. 11.26
3460. 6.8
5190. 5.533
5190. 5.4
7600. 1.4
