1160. 0.0
1500. 0.0
3360. 2.333
2520. 2.333
1680. 2.066
640.0 0.0
3720. 1.0
940.0 0.0
3480. 1.8
320.0 0.466
480.0 0.133
4160. 1.8
2800. 2.666
2800. 2.533
2800. 2.0
1400. 2.4
3960. 6.666
5280. 6.466
3960. 6.8
760.0 1.733
760.0 1.733
760.0 1.666
1520. 1.333
1520. 1.333
1440. 1.666
960.0 1.8
1920. 1.066
2130. 4.0
1420. 4.333
1420. 4.6
2840. 3.866
2130. 4.266
5130. 8.533
6840. 8.533
3420. 8.666
3420. 8.466
5130. 7.333
5340. 8.8
3560. 8.533
7120. 7.666
5340. 7.2
560.0 2.0
1120. 1.866
840.0 1.733
1120. 1.533
560.0 1.933
1000. 1.066
500.0 1.0
500.0 1.133
500.0 1.133
500.0 1.0
1680. 6.533
2520. 6.266
3360. 5.666
2520. 6.266
2520. 6.333
940.0 1.4
940.0 1.533
940.0 1.266
940.0 1.2
2960. 6.2
2960. 6.2
2960. 6.666
1480. 6.733
3240. 1.066
1620. 1.2
1620. 0.666
3960. 7.466
2970. 7.533
1980. 8.2
3960. 7.866
2970. 7.666
4260. 10.93
2840. 11.4
4260. 11.53
4260. 11.26
4260. 10.6
4800. 7.0
3200. 7.6
6400. 6.2
6400. 7.0
7920. 8.866
7920. 9.066
5940. 8.133
980.0 0.0
3380. 11.0
6760. 9.866
6760. 10.06
5070. 9.466
4760. 2.933
2380. 3.666
3570. 2.666
520.0 0.0
1380. 0.933
1380. 0.8
7920. 13.66
5940. 13.66
5940. 14.06
5940. 13.26
5940. 14.6
4440. 3.533
4440. 3.4
