6350. 12699
8760. 51999
1040. 51999
6840. 11399
7600. 75999
3569. 50999
2800. 50999
12040 85999
8600. 80999
3800. 80999
4180. 71999
1440. 71999
8160. 12499
3750. 12499
10320 85999
1080. 85999
3840. 47999
7420. 52999
3360. 41999
420.0 41999
10640 75999
5390. 48999
6930. 62999
2880. 35999
8760. 72999
8360. 75999
9880. 75999
10640 75999
11340 80999
2520. 62999
5670. 62999
9120. 75999
9880. 75999
5940. 48999
1320. 48999
4320. 53999
4060. 53999
9490. 72999
4920. 40999
840.0 40999
4410. 68999
4140. 68999
1170. 68999
7260. 65999
220.0 10999
7740. 88999
6230. 88999
4730. 42999
11400 75999
5280. 58999
1770. 58999
5670. 74999
4500. 74999
11400 75999
9520. 67999
6080. 75999
10320 85999
10950 72999
5600. 10299
4120. 10299
280.0 26999
540.0 26999
9230. 70999
6930. 98999
6570. 98999
3650. 75999
8360. 75999
1500. 74999
4140. 74999
1520. 74999
4360. 13099
4140. 13099
3930. 13099
3010. 75999
3040. 75999
8360. 12599
5040. 12599
4640. 85999
6020. 85999
9720. 80999
2340. 80999
6360. 10599
4770. 10599
4760. 14099
8460. 14099
4760. 14099
940.0 72999
1460. 72999
7080. 17699
1350. 20999
1470. 20999
4940. 37999
2860. 17999
720.0 17999
6630. 50999
1260. 17999
1500. 17999
7020. 53999
10650 70999
10350 68999
11400 75999
10350 68999
500.0 19999
1200. 19999
300.0 19999
5100. 50999
9490. 72999
6860. 48999
6600. 43999
7080. 58999
11340 80999
9450. 62999
8760. 72999
1680. 20999
1470. 20999
11400 75999
11400 75999
9120. 75999
7260. 65999
10220 72999
9240. 65999
9880. 75999
12900 85999
12040 85999
11180 85999
4600. 45999
3040. 45999
3680. 45999
10640 75999
7590. 68999
9720. 80999
840.0 20999
10640 75999
12040 85999
7950. 52999
9450. 62999
11400 75999
160.0 79999
3360. 47999
3010. 47999
5830. 52999
3840. 47999
8760. 72999
6930. 62999
10320 85999
4770. 52999
7260. 65999
9880. 75999
6600. 65999
4640. 57999
1240. 57999
5220. 57999
4770. 52999
5720. 43999
8029. 72999
7080. 58999
8360. 75999
1800. 75999
9230. 70999
2170. 30999
7920. 65999
10320 85999
10320 85999
10640 75999
10640 75999
6570. 72999
6570. 72999
3700. 36999
6300. 62999
5280. 65999
8360. 75999
12040 85999
6600. 65999
5610. 50999
7600. 75999
8600. 85999
7300. 72999
7560. 53999
7590. 68999
4640. 58999
4130. 58999
12040 85999
5280. 65999
3710. 65999
8029. 72999
8600. 85999
9880. 75999
5940. 65999
2640. 65999
600.0 14999
8600. 85999
9900. 65999
4320. 53999
9520. 67999
6600. 43999
7600. 75999
11400 75999
6840. 75999
9880. 75999
10320 85999
200.0 99999
4640. 57999
3240. 57999
9880. 75999
4830. 85999
7740. 85999
9880. 75999
6300. 62999
2280. 62999
6840. 70999
3360. 70999
8600. 80999
2150. 80999
4970. 85999
7740. 85999
320.0 15999
6300. 62999
8910. 80999
8850. 58999
7600. 75999
7740. 85999
9720. 80999
11400 75999
4720. 75999
6080. 75999
10220 72999
4270. 80999
7290. 80999
9460. 85999
8760. 72999
8600. 85999
1020. 85999
9450. 62999
12040 85999
6300. 62999
5840. 85999
6880. 85999
8100. 80999
3520. 85999
6880. 85999
8100. 80999
2150. 80999
5600. 79999
4480. 79999
6360. 52999
5600. 62999
3780. 62999
3440. 42999
5400. 53999
1760. 53999
6120. 67999
5220. 57999
12040 85999
7740. 85999
6720. 47999
4000. 39999
3440. 72999
5840. 72999
8580. 65999
5880. 83999
4080. 83999
3500. 67999
4080. 67999
5100. 50999
7560. 62999
12040 85999
8840. 67999
6900. 68999
6840. 88999
6230. 88999
460.0 32999
2310. 32999
7650. 50999
8100. 80999
2880. 80999
7290. 80999
2040. 80999
11180 85999
540.0 55999
4060. 55999
3920. 55999
10320 85999
9880. 75999
7740. 85999
4320. 62999
1500. 62999
7600. 75999
8100. 53999
8580. 65999
6160. 48999
1720. 48999
10640 75999
10640 75999
9120. 75999
3780. 75999
7600. 75999
2450. 85999
8600. 85999
5320. 10199
7139. 10199
8970. 68999
7590. 68999
1290. 68999
12900 85999
9120. 75999
7590. 68999
600.0 68999
3640. 51999
4770. 51999
6720. 55999
12900 85999
7260. 65999
4200. 69999
6080. 69999
9880. 75999
12040 85999
5280. 65999
2640. 65999
6880. 85999
4620. 85999
9460. 85999
3920. 10599
7420. 10599
9880. 75999
12900 85999
8100. 85999
4300. 85999
9460. 85999
4200. 85999
5670. 10899
6540. 10899
9120. 75999
4720. 80999
6480. 80999
5460. 90999
4830. 90999
7630. 12899
9030. 12899
8120. 11599
3060. 11599
6080. 75999
1280. 75999
7920. 65999
6720. 10199
7139. 10199
4450. 88999
7300. 88999
5300. 65999
3300. 65999
9120. 75999
1240. 75999
8910. 74999
3000. 74999
560.0 25999
520.0 25999
9460. 85999
2520. 85999
12900 85999
8600. 80999
1440. 80999
4000. 79999
4850. 79999
600.0 15999
320.0 15999
4620. 65999
6120. 65999
5110. 72999
6480. 72999
5600. 55999
10320 85999
10320 85999
5840. 86999
6090. 86999
6800. 65999
2640. 65999
9460. 85999
980.0 85999
4320. 92999
5580. 92999
6840. 10399
7280. 10399
9880. 75999
6880. 11199
6720. 11199
7070. 10099
2360. 10099
2800. 10099
7280. 10399
3710. 10399
4740. 78999
7740. 78999
8360. 75999
2280. 75999
7440. 12399
5950. 12399
5650. 12399
4080. 10199
1840. 10199
4080. 10199
420.0 20999
3150. 13899
5950. 13899
6950. 13899
4800. 95999
7600. 95999
1740. 10699
4760. 10699
4280. 10699
3900. 15499
840.0 15499
7750. 15499
3800. 15499
2800. 11999
6480. 11999
4800. 11999
1100. 98999
5670. 98999
4950. 98999
1240. 98999
8640. 14399
5040. 14399
3640. 14399
1060. 13599
5110. 13599
2910. 13599
5440. 13599
5160. 12399
1320. 12399
1420. 12399
3330. 12399
520.0 25999
520.0 25999
8040. 14499
7250. 14499
5150. 14499
6840. 17099
5200. 17099
5160. 17099
3660. 17099
5200. 18199
9100. 18199
4240. 18199
2850. 18199
2020. 17299
5190. 17299
7000. 17299
3240. 17299
7300. 15699
4710. 15699
4800. 15699
3400. 15699
1890. 95999
2880. 95999
2640. 95999
4040. 95999
6360. 21199
7680. 21199
3960. 21199
1280. 15899
1860. 15899
7950. 15899
6950. 15899
5729. 21799
6540. 21799
5790. 21799
4680. 21799
1100. 16399
3270. 16399
4920. 16399
1940. 16399
6080. 18599
5580. 18599
