1560. 51999
3360. 15699
1440. 15699
4710. 15699
360.0 58999
990.0 58999
1770. 58999
3640. 13399
5560. 13399
2520. 13399
1960. 13399
1500. 13399
920.0 17899
3240. 17899
2520. 17899
2430. 17899
5370. 17899
7360. 18399
300.0 99999
520.0 99999
400.0 99999
400.0 99999
960.0 47999
630.0 47999
1920. 47999
1240. 47999
480.0 55999
1050. 55999
220.0 55999
1680. 55999
1860. 55999
340.0 16999
620.0 51999
800.0 51999
1040. 51999
1080. 51999
3360. 80999
1600. 80999
1460. 80999
1300. 80999
1120. 80999
1840. 85999
380.0 85999
3440. 85999
2070. 85999
3720. 12399
3040. 12399
4200. 12399
1420. 12399
780.0 12799
1660. 12799
3440. 12799
3840. 12799
3270. 12799
5400. 13499
3450. 13499
3120. 13499
3680. 13499
4960. 15099
4530. 15099
3210. 15099
3760. 15099
3280. 13399
4020. 13399
1770. 13399
1140. 13399
720.0 10199
1040. 10199
820.0 10199
3060. 10199
820.0 10199
3880. 15799
1860. 15799
1840. 15799
1590. 15799
6320. 15799
4260. 14199
3810. 14199
5760. 14199
680.0 16999
840.0 16999
800.0 16999
1040. 16999
440.0 55999
480.0 55999
1080. 55999
2240. 55999
1350. 55999
2440. 56999
2520. 56999
660.0 56999
700.0 56999
700.0 56999
2440. 80999
1590. 80999
3240. 80999
680.0 80999
2800. 88999
3560. 88999
3360. 88999
800.0 88999
880.0 88999
2070. 99999
3640. 99999
4000. 99999
1040. 99999
1220. 99999
2790. 14699
2820. 14699
1220. 14699
3420. 14699
5880. 14699
5200. 12699
3030. 12699
3000. 12699
3180. 12699
1740. 12699
3930. 17399
3870. 17399
5220. 17399
4500. 17399
4620. 17399
5790. 19299
