1400. 0.08995796669722411
540.0 0.17683747097010802
2040. 0.18789415748303734
4360. 0.3770647212798527
420.0 0.9854562044308945
940.0 1.061413701515794
2760. 0.9417677307402076
2220. 1.0007839127337566
2640. 0.841992296530242
4980. 1.1923101113187327
520.0 1.1343189675142344
630.0 1.6719259503442165
660.0 1.1436987114924813
680.0 1.5863053696369134
1290. 1.4133014104072021
1740. 2.458084097105843
4080. 2.441222370929649
3600. 2.1349665279701098
1620. 1.7717083252354298
760.0 2.026912091354081
640.0 1.8868953427235637
4290. 3.665970263690192
3480. 3.5193366973510765
4360. 3.1851331691105287
3510. 3.2728544513225155
5700. 3.3642882507201253
3510. 3.1898662722231776
560.0 3.619262030542739
160.0 3.582352055223275
630.0 3.402520687120065
1080. 2.3125704854969387
1640. 3.9318299027108723
1290. 4.00663872284319
2360. 3.9253553319776224
1770. 4.7027558441857416
760.0 4.506020750141227
2560. 4.60015326681634
900.0 5.270107973833635
1380. 4.142712083958822
4440. 5.4587331514473085
1320. 4.235282398861569
1840. 4.605996384196336
880.0 5.678642280863601
2580. 6.400754457042513
2400. 6.110155077261563
1160. 7.048042639705488
4240. 6.655591774266208
1140. 6.642722901805428
5680. 7.176546955808843
400.0 4.994113125514195
1280. 7.733654692203002
5760. 8.009599336674034
2610. 7.244255248263846
3180. 7.526882335976325
1520. 7.667545232256799
1260. 7.745154482926839
3360. 6.997049226336246
6960. 8.283502557951032
6280. 8.397779514206869
1260. 7.845448902669839
990.0 7.417371886066914
740.0 7.673267077498096
480.0 7.315354338476148
360.0 7.197580365856613
1840. 9.004747751381041
7560. 8.952251976492011
2730. 8.312023990247159
500.0 7.971553884260044
1980. 9.035463437053407
1360. 9.207555825144137
1640. 9.181478474428971
2580. 8.84474856202866
5310. 10.055307181181904
4350. 9.433322279921605
1080. 9.303663473556359
840.0 9.645291125583672
1440. 9.710106273703838
740.0 9.542964938685543
100.0 9.573476764370243
220.0 9.014433348932421
1000. 9.198532753339926
1160. 9.554214807563934
1120. 9.143528969498188
360.0 10.393531251887854
1480. 10.05815461501938
990.0 10.969877597506136
1880. 10.83616641132043
500.0 9.847991131632469
2000. 10.51727932667172
2320. 10.480551128541254
680.0 11.053667321984591
1650. 11.496479806595334
3120. 12.192660935373215
2960. 11.402980835697154
840.0 12.310218454891976
1770. 11.568186847835854
860.0 11.358403405081841
4200. 13.58815417642538
1040. 13.120776646533283
2460. 13.325735987624181
2610. 13.426474521736168
3630. 13.637463252446057
3600. 12.771738958565047
2020. 14.230321278419538
4230. 13.4104088750737
