2050. 15
9380. 63
11340 90
2920. 15
13500 87
9680. 39
6650. 63
10640 63
1760. 0
6840. 48
5880. 15
2960. 39
7670. 24
5440. 9
6080. 21
11400 60
11580 84
480.0 0
12150 48
6930. 33
9050. 36
3650. 18
5320. 36
9120. 42
10640 63
3710. 24
3900. 21
12540 96
2250. 9
10440 75
10710 33
9990. 66
3990. 21
4950. 45
12150 60
4920. 30
2020. 0
4730. 27
8550. 39
12040 54
8680. 66
9240. 51
7700. 33
6930. 48
5940. 33
4240. 21
12900 33
10320 72
9570. 78
9880. 30
5940. 18
11110 66
8000. 30
1060. 0
4480. 27
9730. 69
6360. 33
9440. 48
10440 60
2060. 0
7290. 39
7560. 69
9880. 84
7100. 45
7600. 57
9120. 30
9240. 54
12510 84
10220 30
5940. 30
10890 57
11300 84
6790. 36
3000. 24
6120. 27
12900 69
13080 69
9880. 51
6660. 27
13140 96
9490. 36
10290 57
440.0 0
10640 48
13090 84
4020. 18
640.0 0
8029. 72
8540. 45
2650. 15
4200. 15
10640 63
3840. 12
8400. 45
12040 48
6720. 30
3870. 15
10530 30
8640. 75
10560 87
10220 24
10530 57
2880. 12
4640. 30
1000. 0
3280. 15
12040 30
7650. 33
9460. 57
11400 78
1580. 0
7320. 24
2160. 0
2590. 6
8189. 24
7300. 39
4830. 15
7600. 39
10640 30
12320 75
9240. 21
3540. 12
11400 27
13080 69
4730. 18
10640 57
10900 66
12040 51
12510 78
14000 87
11480 63
5330. 48
150.0 0
8360. 39
740.0 0
9520. 27
4960. 18
6840. 45
8000. 54
4320. 12
2580. 21
5670. 24
10200 117
5000. 24
11160 75
9940. 87
6960. 33
14280 123
2120. 0
2280. 0
12660 63
8400. 45
10400 78
12160 93
8160. 27
8910. 78
5320. 6
5520. 33
6930. 42
9120. 57
1950. 15
8100. 51
4900. 27
7070. 21
9180. 69
9880. 27
9270. 81
8029. 72
3510. 21
4080. 27
10900 135
11120 93
10220 84
10780 81
5950. 48
12900 66
4240. 18
10320 45
10260 78
2670. 9
4640. 27
11160 108
12040 33
6020. 48
4240. 12
8360. 51
9100. 57
9960. 78
8240. 48
9000. 60
8340. 42
8720. 60
9440. 33
6020. 18
10640 42
3220. 0
8550. 45
8280. 63
7680. 48
8120. 42
12240 117
3010. 9
11400 9
5590. 27
4650. 30
6250. 42
8100. 27
6720. 78
5850. 24
8600. 60
13559 96
9360. 51
14400 102
4480. 18
3360. 18
1880. 0
10100 87
7600. 39
3050. 21
5160. 24
8700. 33
6320. 42
3710. 21
13080 108
10320 54
10320 66
2760. 12
11600 66
1920. 6
4060. 27
6120. 33
13920 117
7740. 30
11550 90
4560. 15
10320 30
11660 63
7480. 36
13680 135
10900 51
5940. 30
2250. 9
13080 87
14280 114
9460. 24
10350 57
3880. 27
13090 102
2140. 0
8840. 54
10640 51
13090 51
11660 84
10710 63
15360 114
12780 75
11280 78
2900. 15
7300. 39
9880. 63
11700 87
14160 72
8600. 72
9520. 60
8360. 36
8360. 45
7100. 30
5600. 21
11180 69
10530 42
5280. 24
7740. 93
3840. 15
8580. 39
12720 69
8450. 42
3760. 9
6630. 48
10340 78
11400 60
8640. 96
9180. 33
5910. 33
860.0 0
3760. 15
4860. 39
4410. 15
10120 81
