540.0 0.08245018890441984
320.0 0.031044535180804606
2520. 0.13376199361855534
3320. 0.34269594392333247
3640. 0.3410328326228695
3560. 1.063950727316604
840.0 0.9229589971739711
3180. 1.0320398651672915
1300. 0.9453196320902317
1440. 0.9156947771989105
1410. 1.3649771515000337
2760. 1.2874672467731463
3040. 1.1930196134085578
580.0 0.9948515560509328
260.0 0.852213724784955
2360. 1.6789622478623316
1500. 1.6391704253709891
1540. 2.0219715095939086
4760. 1.8400477990727817
5880. 2.7535285023172866
2670. 2.2655143888500375
4650. 2.5407252602765222
1180. 2.766118166545061
1920. 2.4342658840040077
1000. 2.481236358264531
6200. 3.13120089851045
6040. 3.101278470610306
330.0 3.0272557355629512
420.0 3.185015463093352
1240. 3.0169359696008673
540.0 1.883607891153698
690.0 1.9889385413821334
800.0 4.307868091244758
720.0 3.830251656717621
1440. 3.393043519603728
2040. 4.163117805625684
980.0 4.15388217397308
2120. 3.7587054963190623
4160. 5.053863052850557
3720. 4.340785799613855
1890. 4.124643965127126
1600. 3.9911490365252895
740.0 4.357640884258275
2670. 5.05355106714754
780.0 4.33226415738165
3090. 6.9581862027608485
2610. 6.090609783954132
5680. 6.503493117786747
3180. 6.405147457930075
1580. 5.957280349843611
4520. 6.0743919044674275
3870. 6.539003216749192
7160. 6.338827454174396
800.0 5.781704346747439
700.0 6.58740827019575
1600. 7.276278729621984
1640. 6.316739422228588
5250. 7.618580624021388
3900. 7.176526952524595
930.0 6.58629207458458
1680. 6.43275111407788
6000. 8.327313413978931
5790. 8.672288819929786
5160. 8.148190837122227
6270. 7.789492570788746
100.0 8.054916844292082
160.0 6.777830200906837
600.0 6.742234755130746
720.0 6.667389564795876
2160. 7.686106714943156
1230. 8.601314832518021
540.0 8.099505551115232
2160. 7.564209471644407
1530. 8.60940647802305
1590. 8.342922280654735
680.0 8.886493066577113
2960. 9.280457643772355
1620. 8.848382739711107
800.0 9.44243643138065
760.0 8.421668021029898
940.0 10.758345620877341
3600. 10.021092561225519
2220. 10.428027095493235
2220. 9.676264299353143
4920. 10.88462872185156
5280. 11.697125453612372
1440. 11.88102909608693
6400. 11.906146169452976
1400. 10.759761375578577
1380. 11.885276902908494
3990. 12.948535108164574
1560. 12.026950069480836
6480. 11.598655728972949
4380. 12.722305074944119
4290. 13.737262158654222
1940. 13.713999138738117
4200. 12.687483466004839
4830. 13.466332378634181
2240. 13.514542311124407
6990. 13.280044136199244
