7740. 0.27559342726427516
4900. 0.8816392965671139
3510. 0.8258146891096034
12040 1.2008505648340855
7840. 1.0916285284973268
4320. 1.9314351464709336
4380. 1.8854089027584129
8760. 2.116451264468078
8600. 2.9359160765917967
3240. 2.6056906963199924
11400 2.8794072417600898
4410. 3.586082276154886
5220. 3.291142214281079
550.0 3.3740801240658547
2300. 4.281478678059421
4480. 4.1865693164117275
7020. 4.430111595567051
4400. 4.070103501104233
7560. 4.798417512276929
7670. 5.813542603961796
11400 6.645535435999012
6160. 6.676218222642326
12900 7.607531113943678
7260. 8.269627537177826
3440. 8.213671152690969
12040 8.677821609014174
7920. 8.854982450833397
7560. 8.498014736296701
5310. 10.768248031446479
3430. 10.452360446648672
4240. 11.369624928068324
4240. 10.969220778882368
9240. 10.653734626728454
8360. 12.035447327591022
12900 11.963336280443592
3010. 12.899131292470406
4620. 13.869770423516437
6930. 13.232706123898602
6490. 13.833073996658523
2550. 14.691151885986919
3010. 14.480207855398902
9880. 14.941281254318795
11400 15.071899529513992
7600. 16.115584623948784
8600. 16.81425005764904
3680. 16.542664690168294
12040 17.199155034766942
9720. 17.87458156352771
11400 17.982149083585142
8029. 18.80997002362993
3710. 19.810472486169346
5460. 21.30769094116036
6370. 19.565563955647555
6880. 21.69771972303296
6060. 22.59030551210028
8600. 21.8192419974289
7740. 22.251405409273055
8100. 22.604091067774977
6840. 23.47936441077406
6230. 23.92537520059949
9660. 23.61272201873012
7260. 24.656923746441617
3880. 26.616497517447797
4680. 26.69356098389734
4050. 26.89263209545144
3120. 27.128538895431422
4300. 28.338543271056267
1400. 30.164336588717283
2300. 27.483469296863596
3660. 30.467121400013905
6400. 31.10786075649728
10320 28.003607611864112
1320. 29.620394469429726
3600. 30.154530412004767
6200. 31.683881021442623
5130. 32.83738208849035
1360. 32.672760210411035
3000. 32.508851126469565
3240. 30.882555366247644
6160. 32.54970089129912
2640. 32.80502235475131
3780. 33.91585380645103
4650. 34.17123941577479
6450. 33.043932984455786
2970. 34.11381300826812
4970. 33.505271298881965
8340. 33.659552014063486
2310. 33.7390024770675
1800. 28.887855903214763
400.0 30.185331123696976
520.0 35.327282104714236
5160. 35.27646703350091
8100. 37.25329313681141
4620. 37.37365008066064
3960. 33.03659590224887
6120. 40.51543978321992
2640. 40.08970779590044
7560. 39.072613066002006
4300. 43.58828188735259
4920. 37.364762308985874
4400. 45.53284766893609
9240. 47.88709974281227
8820. 46.83596544190188
10950 49.9728673941091
3600. 48.91273886919653
600.0 44.186375773128766
9900. 49.49141871548858
7560. 47.54131504001895
8580. 55.91476525908379
7560. 57.785286080662395
7670. 54.71093311226442
550.0 42.31436427976172
3040. 56.38027936291471
6960. 59.68241165177794
4770. 65.17399043635648
9900. 57.89832647034187
12900 66.63209845251633
10950 63.11792236644478
6450. 53.63002738013846
7670. 64.55395224837424
2160. 74.22418081182605
4770. 71.76332128072448
12040 75.41284008852473
9660. 70.14640006801899
8280. 75.45269568405345
9120. 79.05100419762039
9880. 77.39172729709406
10350 72.2206000254722
12040 81.31985822408352
11400 77.16401203917636
11180 85.8721569227591
10350 77.07101472694374
9120. 86.80711390943964
9120. 87.70407886211184
6600. 90.00723714258936
4730. 78.17625034230547
12900 88.38867905887426
7590. 92.20324545104083
5280. 84.28653221607007
8580. 89.31045714309262
8970. 91.83991855767867
8360. 100.74528726293282
11180 100.51563436457342
3440. 96.0716057268273
3220. 101.76566496300734
11180 103.04668727741013
6860. 89.69643060333229
8360. 107.11784150460943
10530 104.86679161518909
10640 102.43975721461324
9720. 109.70924499595887
10530 108.44684061518167
3440. 105.66015698672692
12900 108.62223511021412
11400 106.83704420997668
9880. 111.7358843114504
7260. 113.7743193046853
3010. 116.02284369136058
480.0 112.0787133691379
12040 117.01293920626215
10320 122.4037557696836
8970. 115.17690451590187
4770. 119.31603193098927
920.0 118.59519442887346
5940. 126.78557046575061
6360. 115.38063695611972
260.0 125.2069243637197
9460. 131.5440411268475
9900. 118.42964318651546
10220 123.37558096857391
4900. 123.54437694747173
7810. 130.98005284299828
7600. 136.79591997164758
7600. 137.816638947244
8910. 137.898606378401
12040 134.34059402460642
7560. 126.60565409420187
8029. 139.12996287222478
7670. 132.10594488175408
9460. 146.292210766266
7600. 146.54990073117654
7600. 147.61599231996854
11180 144.59121128368017
6840. 152.79563207004742
5940. 149.51796688050746
12040 146.13106230986838
10220 143.8096493441367
10950 144.06246021050097
4510. 141.4877770767371
320.0 157.67344229215644
8280. 150.81509557100554
9120. 154.10676325190298
11180 156.23034818347412
5840. 165.83934332890362
5280. 162.53248540463628
10200 150.8952485136037
12900 156.71100002867286
5840. 170.19306016626226
4480. 170.2416654287367
920.0 159.9459413285832
7260. 160.61162084869
5940. 158.19405490174051
9460. 169.66537257082794
10350 159.88494725493462
11180 168.311735384477
4410. 177.4447919344375
5600. 167.01225385966126
9490. 168.64218261116073
9450. 165.3574772401788
11400 169.97513736663456
12900 174.01889481682912
7600. 181.5693612361109
9460. 183.38307393005567
10640 176.63723508810452
9900. 174.93109972468739
9120. 182.73448199764604
7740. 195.0291266345098
3780. 188.4042172359737
7600. 189.47191481289656
5940. 182.1667193869068
380.0 197.45081022194427
10530 188.0246213920613
12900 187.7760727239336
4860. 190.4077147254585
1120. 193.60026861814111
8600. 199.9566478391018
5040. 198.4408454889608
8760. 193.8413482742242
840.0 193.0268973349666
3600. 190.24062951616347
11180 198.79654898661403
7670. 193.9032837578869
9120. 200.95700185821735
4640. 204.9312158229786
6840. 209.7492879626552
6900. 206.00279760070867
5940. 201.76292669838406
600.0 206.99137490893375
8760. 206.8394175197207
4400. 203.10967925659446
5440. 217.1632427428373
3710. 214.30500717189747
7600. 215.6395186015062
2880. 207.50444117334007
5310. 215.00141980809389
8600. 222.211284004841
8910. 219.85440768460967
7600. 221.76954656462541
11340 217.89045849633413
11180 221.7688114301562
8360. 223.88042329267483
9240. 218.772471816167
5530. 239.74597856520313
6840. 230.5619675537902
7810. 226.5472962851888
10320 229.91643324030588
8600. 235.03047227718326
6930. 227.94049337313416
9880. 229.93720148129265
630.0 234.93964095796727
5300. 230.0471025712821
4640. 237.15621338305732
5320. 247.36997867837917
4260. 251.0701639745919
2400. 244.28213578293156
9880. 235.7946057092247
560.0 230.32760365794383
8600. 246.06761405131627
2550. 250.04009984815212
9120. 241.09925216916963
6240. 235.42976744000185
6360. 238.97374344421937
8100. 250.01689482141754
5160. 239.28561700580164
10220 245.42782002690154
4130. 255.5674483191422
6480. 259.8815346531835
10530 251.10923445505753
5840. 260.23004093465886
1680. 263.87324928857714
7560. 251.76811164944186
1720. 265.93402850119486
11340 254.73345054782087
8760. 256.8223662656659
6840. 264.2394880536264
4140. 272.03302685339764
11340 258.86397182981034
5320. 272.9778138395971
4060. 266.4388599633668
260.0 262.96347527090325
6080. 272.3784043777669
4480. 271.04763331291076
12040 265.4950264837005
11400 264.4482054822938
6880. 279.72509144664053
3240. 275.4296894678689
5440. 275.873030335623
6080. 278.0710040349209
8260. 266.9041080894108
4320. 286.99085931197186
6120. 276.3676345022839
6840. 279.8815789154562
2880. 278.53285545858563
8600. 281.60249364534167
1880. 288.6072936029414
9230. 276.0955174511974
5530. 290.8948104073974
6840. 284.5081452404604
12040 280.65541942250616
7810. 283.2093717542516
1840. 293.9178674362006
7600. 286.82317997169514
9460. 288.5509842899155
4080. 287.4348589381943
540.0 302.46052427207064
3700. 304.9465144783409
4970. 297.5424060002553
1600. 289.5107141583302
2160. 304.3173597659195
10640 289.2751973915783
9240. 289.65757982561007
11400 292.14366565247343
4770. 295.11521886368286
8520. 296.6780629675431
9880. 298.02216777355017
3440. 298.90076864631817
6880. 309.8301220526481
7590. 302.086887387805
9880. 302.8140932228142
460.0 315.3224187849233
6600. 305.51926110570736
2160. 306.05467357578544
5460. 323.4269484023224
12900 307.25816616161205
9880. 308.90538581369594
8100. 314.8861618906039
5460. 328.4214465217408
6580. 326.21762493373524
3700. 328.5753222366117
4480. 315.5973115592466
1050. 324.05745454582063
9120. 315.80562336359833
6160. 314.8471238277007
6580. 331.6678150961473
6090. 329.7564671151915
5670. 321.68641094439556
6020. 331.3659408969378
1720. 330.2469864290275
6880. 330.0739841323098
6180. 342.38691308402775
10640 322.8744981075745
9880. 325.3686094285408
8360. 328.9277009978777
4550. 348.82944532731807
9880. 328.7866601001471
1680. 350.7391869601951
4830. 337.77600032062537
1350. 346.3482360892396
2360. 345.6043356821509
6880. 340.56349297738143
1920. 342.2101715547295
8600. 338.5519757262148
2120. 345.3473061563985
6080. 341.47573762546625
5300. 359.4191659611226
7300. 339.1442861800485
7600. 340.736714121697
9120. 340.27631472191445
6900. 342.5510280836936
6570. 345.65434910789946
5440. 348.49590305216583
4640. 346.3267587540793
5520. 350.24298989590113
5220. 358.7664897183169
6840. 351.9206916544927
8330. 364.0263641397953
10320 351.93877323816196
3680. 374.25043560198867
8360. 353.10425273642335
880.0 374.26006888012495
4020. 360.98897221144455
7740. 358.4545697425258
4440. 364.76333135553807
660.0 370.0875572515999
2640. 357.36477720704704
2680. 372.4648164092698
2880. 360.2884505802107
3180. 361.19134101117453
5520. 362.6210165756345
5300. 378.48345644917856
4060. 364.5902268188768
680.0 375.60656261302285
1900. 363.4078782571921
6840. 367.5217328160771
1590. 378.558640311831
980.0 386.68354749624257
660.0 376.592408919548
8600. 369.42497769015324
3040. 380.5193488010955
7770. 379.4629210610073
5820. 379.1383857939967
3240. 385.63859966420495
6100. 390.20858614550286
4860. 377.92143735028947
9420. 393.7459507361138
6020. 378.6363793821442
2430. 393.97625225737374
1060. 395.88927372288396
1180. 399.0938310831191
820.0 388.9067759978072
4830. 377.73021353244417
7440. 390.5946082375543
8120. 386.35876048401616
4080. 397.79965827307154
3040. 390.9645511108972
840.0 392.3856737029268
3560. 393.5535612975291
7139. 388.1369493675041
6600. 391.7403715306969
600.0 390.446411021448
680.0 392.30838633368586
1230. 388.8432041952441
9720. 404.4790992866632
6850. 404.25259696586085
4800. 396.1158116661251
5320. 391.433614984828
5040. 394.20181110084997
2100. 402.66180160856254
6060. 399.0664332764118
3560. 404.0202782081453
7500. 410.7251041948458
3680. 406.66097089177424
4520. 411.27637311816545
3680. 405.7031430564797
1440. 416.6547576759764
680.0 401.07353614098423
3630. 421.809181147007
8100. 415.3006724668869
7260. 404.51766420317404
4000. 410.02611037564367
7650. 414.16270481187496
7550. 413.31854816466955
2440. 405.84928238890353
2760. 406.87485845527783
3660. 423.51148326752497
6550. 413.0536490060827
5650. 412.85173775040664
5400. 420.06957115768364
6360. 409.1819120664685
6930. 409.9709872911034
3300. 424.99150238880696
3240. 424.5345736337368
2820. 420.9241974401733
6750. 421.4337078670991
4400. 421.32550441570964
2550. 421.68402628296263
2520. 420.94313653404924
3760. 421.3068069557919
820.0 419.46247311776256
2010. 420.361318717584
4530. 436.0405777177717
1640. 429.2872582497539
4640. 426.51268340546
4620. 438.4059325988907
3660. 432.05334911655194
9420. 424.4949096916958
4290. 438.67702569049027
7950. 430.43950445536916
3630. 434.6065045269302
1980. 425.03389052259683
3660. 436.1275297625413
1420. 433.4938843725361
3030. 432.5735612359201
8300. 432.1190839290553
860.0 431.26234772312796
1680. 439.7314084932362
1440. 437.0654299301041
5960. 437.37326114774766
2340. 432.6068120296769
5400. 439.7127797333018
3880. 435.73375801576697
1940. 445.13101196768326
6450. 435.83581188816777
2970. 442.3374449749118
3960. 446.55280116076824
8100. 441.8239386013316
5190. 450.9984935857568
5760. 447.15853290855756
3570. 448.13238743746916
5280. 452.8151272304067
2060. 450.45912232483914
4110. 447.46063302593427
4530. 450.7617150352033
8370. 454.5571624856106
6660. 450.92716552625444
