12040 0.058
320.0 0.996
6860. 0.065
3710. 0.363
6360. 1.0
8029. 0.419
10640 0.233
12040 0.093
3680. 0.596
6020. 1.0
6580. 0.290
5800. 1.0
8360. 0.024
1080. 1.0
10320 0.029
7020. 0.276
3950. 1.0
5700. 1.0
4860. 0.208
2190. 1.0
5600. 0.346
4940. 0.353
9490. 0.202
12900 0.030
4300. 0.412
1800. 1.0
7920. 0.378
7280. 0.080
4240. 0.784
2660. 1.0
8360. 0.175
8360. 0.134
9460. 0.126
12040 0.221
12900 0.004
8580. 0.464
5310. 0.679
8760. 0.166
12900 0.0
2480. 0.365
5680. 1.0
5740. 0.358
5040. 0.871
9880. 0.0
9660. 0.526
12900 0.030
9720. 0.201
10640 0.106
5530. 0.547
3180. 1.0
630.0 0.643
5100. 0.408
9460. 0.186
1960. 1.0
4640. 0.269
2120. 1.0
5220. 0.402
5530. 1.0
7300. 0.438
2160. 1.0
10320 0.014
1590. 1.0
4620. 0.354
6210. 0.660
3710. 0.518
6570. 0.997
7600. 0.213
2050. 1.0
10320 0.081
940.0 1.0
6720. 0.281
9030. 1.0
6080. 0.294
1740. 1.0
2360. 1.0
4560. 0.639
1500. 1.0
980.0 1.0
3150. 1.0
3040. 0.582
1900. 1.0
4170. 1.0
