780.0 38999
4760. 11899
390.0 20999
630.0 20999
630.0 20999
1040. 20999
1460. 90999
2730. 90999
860.0 99999
1160. 99999
1320. 99999
2000. 99999
3810. 99999
5040. 16799
4480. 16799
560.0 11899
1590. 11899
2460. 11899
2010. 11899
4760. 11899
4440. 13799
1600. 13799
1980. 13799
4140. 13799
3630. 13799
1880. 18199
7280. 18199
3570. 18199
2700. 18199
1020. 95999
1160. 95999
1920. 95999
6600. 21999
160.0 33999
280.0 33999
420.0 33999
680.0 33999
1320. 33999
1960. 48999
2160. 48999
1440. 48999
560.0 48999
1740. 48999
880.0 61999
2040. 61999
2480. 61999
1650. 61999
1680. 79999
2200. 79999
3200. 79999
2120. 79999
4400. 13199
3680. 13199
5280. 13199
2880. 13199
640.0 39999
1080. 39999
800.0 39999
4240. 10299
3090. 10299
3960. 10299
940.0 10299
3480. 10299
1340. 15299
3720. 15299
4680. 15299
3120. 15299
2160. 15299
860.0 14599
2820. 14599
5840. 14599
3480. 14599
2130. 14599
4200. 26399
4410. 26399
4040. 26399
7920. 26399
4040. 15899
4770. 15899
3160. 15899
4880. 15899
900.0 32999
1320. 32999
5100. 19599
5880. 19599
3450. 19599
5580. 19599
5430. 19599
330.0 10999
420.0 10999
450.0 10999
800.0 10999
220.0 10999
520.0 83999
1680. 83999
3120. 83999
3360. 83999
820.0 83999
860.0 13899
900.0 13899
3640. 13899
5560. 13899
5600. 13899
3450. 14399
1700. 14399
4320. 14399
2120. 14399
