8360. 4.4
9120. 2.0
8030. 1.6
12900 4.4
6080. 2.866
6080. 2.266
10950 3.4
7670. 0.8
4320. 2.333
3780. 1.866
7920. 2.6
7920. 1.8
12900 4.4
4720. 3.666
4720. 3.6
8600. 6.133
5160. 7.933
6230. 2.933
6230. 3.866
1780. 3.866
17490 6.4
4770. 6.6
8480. 5.466
6360. 5.533
8760. 3.0
5840. 3.0
4380. 3.466
11150 6.133
6690. 5.333
1890. 0.0
8260. 2.0
10200 2.8
7650. 1.8
2600. 0.133
780.0 0.866
10350 2.6
4600. 2.2
5330. 1.6
9490. 2.4
220.0 0.066
220.0 0.133
10220 2.4
3840. 3.2
3840. 3.533
5300. 0.4
8840. 2.0
7560. 1.6
8700. 1.0
5300. 0.2
5670. 1.4
6900. 2.0
5100. 1.2
7600. 1.8
9460. 3.8
9880. 1.0
12900 3.2
10640 2.2
8970. 1.0
8260. 1.6
9120. 1.8
5830. 1.2
12900 3.0
6080. 3.466
5320. 3.266
6880. 5.066
6880. 4.8
9460. 2.8
3690. 1.2
1640. 1.933
11400 2.0
6840. 1.4
9120. 2.2
12040 3.2
5280. 3.333
3300. 4.0
11180 1.8
7810. 3.933
2840. 5.0
6390. 1.8
9660. 2.6
9120. 1.8
6880. 1.8
8580. 2.8
5300. 0.8
5160. 1.733
1290. 3.2
8600. 1.2
9880. 3.0
7140. 6.333
7140. 6.066
10200 5.933
6120. 5.866
7420. 4.466
7420. 5.466
11400 2.8
8480. 5.533
7420. 4.6
8720. 5.2
6540. 4.4
12150 2.8
7670. 3.0
360.0 0.0
9630. 6.533
6420. 5.733
3160. 5.8
7110. 5.066
1580. 6.666
8190. 1.6
6840. 2.133
3800. 2.666
3960. 1.0
8760. 1.8
1460. 2.733
9460. 2.6
960.0 1.4
5280. 0.266
11400 1.2
8320. 7.466
5200. 7.133
3120. 8.2
6710. 1.533
1830. 1.733
9520. 1.6
3960. 3.333
9900. 3.666
4360. 5.0
4360. 4.933
4360. 5.533
9270. 5.333
5150. 5.333
3240. 2.4
4860. 2.0
7280. 6.733
5200. 6.8
4160. 6.266
10640 2.6
5300. 4.6
5300. 4.733
3180. 5.4
5820. 4.8
8730. 5.066
7800. 7.2
7800. 7.933
980.0 4.2
980.0 4.333
5390. 2.533
7650. 7.866
6120. 8.266
4590. 7.8
10640 2.6
7740. 3.266
2580. 3.133
1720. 3.8
9240. 2.8
7680. 4.733
6720. 4.666
8080. 2.2
260.0 0.0
14000 3.066
2800. 3.8
8760. 4.0
2920. 6.066
10400 6.0
6240. 6.266
10440 6.533
6960. 6.666
6960. 1.2
4400. 1.8
2000. 0.733
1200. 1.133
2730. 0.066
420.0 0.866
1520. 0.066
570.0 0.466
7650. 0.2
6450. 1.4
6900. 1.2
7140. 2.0
6900. 1.6
6630. 2.4
8850. 2.0
8850. 1.6
8400. 1.8
1260. 0.2
9450. 1.8
7950. 1.4
4840. 0.8
5160. 0.6
7540. 1.2
3150. 0.6
3600. 0.4
3600. 0.6
8820. 1.2
4730. 1.0
6120. 1.8
5830. 1.4
8820. 1.8
5940. 1.4
10220 3.2
11400 3.4
8820. 2.4
7560. 1.6
390.0 0.0
8190. 1.2
8970. 0.6
7020. 2.0
6380. 1.0
9900. 2.0
10220 2.8
3440. 0.4
10950 3.2
11400 4.2
7920. 2.6
200.0 0.0
9490. 2.8
10650 2.2
6360. 1.2
9230. 2.0
10640 1.6
2660. 1.0
8970. 2.0
8580. 3.4
9490. 3.4
9880. 3.0
4590. 1.2
11400 2.8
10220 3.0
9880. 3.2
11340 3.8
12900 2.6
9880. 0.8
7260. 2.4
6930. 1.4
3840. 0.8
11400 1.4
12900 1.2
6930. 1.6
6160. 1.466
2240. 2.933
2800. 2.6
2800. 2.466
7260. 1.8
12900 3.0
4320. 1.0
12150 2.2
6930. 2.0
12040 2.6
11340 3.0
7920. 1.4
12040 2.2
9880. 2.6
12900 1.8
10640 1.6
10640 2.4
10530 2.4
8280. 1.0
12900 2.6
10640 3.2
9120. 1.4
4240. 0.8
5300. 0.8
12040 3.2
9880. 1.0
5300. 1.4
11180 3.2
7920. 2.6
3520. 1.2
6800. 2.0
6930. 1.2
4770. 1.2
1590. 2.466
8360. 1.8
8360. 3.2
8030. 1.6
3180. 3.4
4770. 2.6
9720. 3.0
8360. 2.4
8520. 1.6
8360. 2.0
12040 3.8
7590. 1.8
3480. 4.466
4640. 3.733
9120. 3.4
9880. 2.8
10320 4.0
11340 1.8
8910. 1.2
5940. 3.6
4620. 4.466
11180 4.0
5800. 1.333
3480. 2.066
11340 3.0
6800. 0.6
10320 1.8
8360. 1.8
11340 4.0
9880. 2.6
8360. 3.6
7590. 2.6
4770. 2.6
3710. 3.133
7480. 2.0
5900. 2.4
7600. 1.2
9120. 3.0
5670. 0.6
8360. 1.2
5940. 1.2
12040 1.8
7600. 1.2
8360. 2.8
4320. 3.666
4320. 3.8
8760. 1.8
9120. 1.6
10320 2.2
10320 2.8
9120. 2.0
2720. 2.333
6800. 1.2
9120. 1.4
8360. 2.8
5130. 2.666
3990. 3.133
6600. 2.8
9460. 1.0
7300. 2.6
4380. 3.933
9460. 1.6
11180 2.6
6120. 3.4
4760. 4.266
8030. 2.6
11180 4.0
6840. 1.2
11180 1.6
7590. 2.266
3450. 3.0
8600. 2.2
8910. 2.0
9460. 1.2
6840. 1.2
6570. 5.0
4380. 5.733
6840. 2.0
7600. 2.0
7290. 4.2
5670. 4.933
7290. 4.466
5670. 5.066
10320 2.0
1260. 3.666
3780. 2.933
4410. 2.733
6210. 3.866
4140. 4.533
7290. 3.8
5670. 4.866
6080. 2.6
6080. 2.4
9460. 1.2
5840. 3.8
5840. 3.933
1260. 4.266
1260. 4.2
3150. 3.6
4410. 3.333
7740. 5.133
5160. 5.666
6080. 2.666
3800. 2.933
8600. 4.133
5160. 5.266
7290. 4.933
4050. 6.0
3350. 2.933
4690. 2.4
6880. 4.066
6880. 4.2
7290. 3.866
4860. 4.4
4860. 4.933
7290. 4.6
6080. 4.133
6080. 4.466
6480. 4.866
6480. 5.2
6080. 3.733
5320. 3.666
7740. 2.933
3440. 4.466
5320. 4.866
5320. 4.6
3800. 3.666
5320. 3.066
6880. 3.2
4300. 4.0
6370. 3.933
5460. 4.666
4560. 4.266
4560. 4.133
1420. 5.0
3550. 4.333
3550. 4.2
2840. 4.666
3560. 4.866
5340. 3.933
2670. 4.933
6440. 4.8
6440. 4.266
1920. 5.266
3840. 4.866
5760. 4.066
5450. 6.466
7630. 5.133
3800. 6.0
4560. 5.066
3040. 6.0
5220. 5.333
5220. 5.4
6660. 6.266
6660. 6.066
6240. 5.933
7280. 5.8
3120. 6.933
6240. 5.066
6240. 5.133
7140. 4.266
7140. 5.066
4850. 7.866
5820. 7.866
4850. 8.133
5000. 7.0
5000. 7.2
4000. 7.333
2080. 7.8
5200. 6.933
5200. 6.666
4160. 7.0
6780. 7.4
4520. 8.533
5650. 8.0
7800. 6.466
7800. 6.8
8040. 5.933
8040. 5.933
2160. 5.133
2160. 5.066
2160. 5.266
4320. 4.533
4320. 4.2
2200. 5.2
2200. 5.266
5500. 4.066
2200. 5.2
2200. 5.2
6100. 6.866
3660. 7.6
4880. 7.133
2440. 8.2
6700. 8.866
2680. 10.46
2680. 10.53
6700. 8.933
2680. 10.46
2080. 6.666
3120. 6.266
3120. 6.133
3120. 5.933
8100. 11.73
6480. 12.33
4860. 12.53
4860. 12.4
2940. 5.6
2940. 5.6
5880. 4.333
2940. 5.533
2940. 5.333
3020. 11.2
3020. 11.06
6040. 10.0
4530. 10.4
4530. 10.66
4100. 10.73
4100. 10.6
8200. 9.0
6150. 9.466
4100. 10.53
6300. 6.066
6300. 5.8
