2240. 0.4
6820. 5.066
1240. 6.866
7600. 2.066
1520. 3.2
10640 2.6
7300. 3.0
8120. 1.6
11400 1.6
12900 4.8
11180 1.4
12900 2.8
220.0 0.0
8360. 2.6
10530 3.8
3840. 2.266
3840. 2.133
5670. 0.8
12900 2.4
4240. 0.4
8360. 1.4
4180. 0.8
8280. 1.8
7740. 2.533
5160. 3.133
7740. 4.933
5160. 6.333
11400 1.6
7260. 5.0
2640. 6.266
5320. 3.2
6080. 3.666
9700. 6.533
5820. 5.6
9660. 3.2
8190. 3.733
5460. 3.066
6390. 2.4
2130. 2.533
6930. 2.0
3850. 1.8
11340 1.8
6880. 4.733
3440. 6.133
3440. 5.666
12200 4.8
6100. 4.733
8600. 1.4
5530. 1.2
160.0 0.066
160.0 0.066
8260. 1.8
7280. 1.0
5320. 0.8
3870. 0.2
3420. 0.4
11400 2.0
5940. 0.8
4770. 0.8
2120. 2.0
8820. 1.0
8820. 0.6
10200 3.6
9880. 1.8
9880. 2.2
12150 2.0
3040. 0.4
11400 2.4
8030. 1.8
7080. 1.6
7480. 1.8
10530 3.6
6360. 2.0
6380. 0.8
9490. 1.2
5830. 1.2
10200 2.8
4770. 0.2
11400 1.8
9880. 1.4
10640 3.8
10640 2.6
4240. 1.2
5590. 0.2
7670. 0.4
8030. 1.2
7590. 1.0
10220 3.6
5600. 3.0
2800. 3.733
3240. 0.8
4480. 1.0
10640 1.8
4180. 0.8
7260. 1.0
11400 2.8
4410. 0.6
8360. 1.2
6890. 1.4
11340 3.2
8360. 2.6
12900 2.6
10640 2.2
5900. 3.133
2950. 4.6
4410. 5.266
5040. 4.733
8360. 1.4
6800. 1.0
11340 3.4
220.0 0.0
7080. 2.0
5670. 1.0
7080. 1.6
8360. 1.6
9490. 3.2
12040 2.2
5800. 2.133
3480. 2.866
9720. 1.0
6840. 4.733
5320. 5.466
8760. 0.8
8970. 2.6
7600. 1.8
5680. 1.933
2840. 2.933
8360. 2.6
9720. 1.4
9880. 3.2
7100. 2.266
2840. 3.266
10320 2.8
8580. 2.2
9660. 2.2
10640 2.4
10530 2.0
5900. 2.266
2950. 3.333
11400 1.2
8760. 2.933
2190. 5.333
3960. 2.066
2640. 3.066
10350 2.4
12150 4.2
9450. 2.8
8360. 2.4
12900 3.8
5400. 3.6
2700. 4.266
3220. 2.2
2760. 2.6
8760. 1.8
12900 2.2
6370. 2.2
980.0 4.0
8360. 2.333
3800. 2.266
5460. 4.866
7280. 4.6
7740. 3.133
4300. 3.8
9120. 2.6
8640. 5.2
6720. 4.266
12900 2.6
5680. 1.6
9120. 2.4
11400 3.6
6840. 3.4
3800. 3.266
6300. 1.2
5940. 2.6
1980. 4.266
9880. 1.4
1580. 4.933
7110. 3.866
3160. 4.2
6480. 5.0
4860. 4.6
7920. 4.333
4950. 4.333
8000. 4.8
3200. 5.466
4480. 1.866
1680. 2.0
6490. 1.2
4680. 2.666
1080. 4.066
10320 2.8
4300. 0.8
6080. 6.466
6080. 6.133
6570. 4.733
5110. 5.0
11180 2.0
11400 2.0
7480. 2.0
7140. 5.8
9520. 6.8
7560. 5.666
10080 6.533
3780. 3.666
5670. 2.733
9120. 2.6
1520. 4.466
12040 3.0
6000. 6.133
6000. 6.0
4000. 5.866
8370. 5.2
3720. 5.466
2790. 5.8
10320 4.533
2580. 6.733
12040 3.4
6880. 4.533
6880. 3.866
7260. 2.666
3300. 3.933
6930. 4.666
6930. 5.533
6600. 3.533
3960. 4.0
11340 2.066
1620. 4.266
12510 5.066
6950. 5.0
5950. 4.733
11900 5.2
1720. 5.866
6020. 4.733
4300. 5.0
6350. 6.733
11430 6.866
1890. 4.866
1890. 4.933
5040. 4.133
9420. 5.466
14130 5.6
7480. 3.333
2040. 4.6
9120. 1.0
9120. 2.2
6930. 2.0
5830. 1.0
1060. 2.066
5220. 1.066
1160. 2.066
9880. 2.8
8280. 3.4
2070. 4.466
6950. 5.866
13900 5.933
5670. 4.133
4410. 4.133
9240. 2.0
9540. 4.133
6360. 3.666
7150. 1.8
1300. 3.2
1300. 3.066
6020. 4.8
6880. 5.733
9170. 5.733
2620. 6.6
5240. 5.8
5040. 6.733
5040. 6.466
8820. 6.333
9270. 5.533
6180. 5.866
10600 3.533
2120. 4.466
3180. 3.533
10800 5.2
7200. 5.133
9000. 7.866
5400. 8.533
12600 9.333
7100. 5.133
7100. 5.066
12040 1.6
4760. 7.133
2380. 7.8
4760. 6.533
7140. 6.533
5600. 7.0
7000. 6.466
1320. 4.6
2640. 4.266
5280. 3.533
6680. 6.333
5010. 7.066
5010. 6.533
2850. 7.066
5700. 6.533
1900. 6.866
2850. 6.733
3990. 6.133
17290 5.533
10950 1.4
21970 5.933
5070. 6.066
5820. 5.666
9700. 6.266
8960. 1.933
1280. 3.466
9200. 5.266
2300. 5.866
4600. 5.333
6630. 1.6
3560. 5.266
7120. 4.866
1780. 5.733
3720. 3.333
2480. 3.466
1240. 3.666
12040 4.2
8220. 11.66
8220. 10.6
10960 12.0
9600. 2.666
1600. 4.066
3800. 5.133
7600. 4.0
3360. 0.6
10350 2.2
6240. 2.2
5680. 6.733
11360 7.4
5680. 7.2
6710. 1.133
1220. 2.133
8850. 2.4
3800. 5.266
8360. 5.066
6480. 2.2
1080. 4.133
11160 5.2
2790. 6.066
6080. 3.4
5320. 4.066
1150. 0.4
8800. 7.933
5280. 8.133
8800. 8.733
6400. 1.6
960.0 0.2
640.0 0.4
640.0 0.333
6020. 1.4
4730. 0.8
8850. 1.8
9450. 0.8
9450. 2.2
4300. 0.2
7540. 1.4
5390. 1.6
2880. 1.2
9240. 2.2
8190. 1.8
10650 3.2
10950 2.4
6960. 1.2
4900. 0.6
5940. 0.4
7080. 2.0
7080. 3.933
2360. 5.8
8190. 1.0
11400 2.0
7560. 2.0
1920. 2.4
4320. 1.266
8970. 2.8
10640 1.2
5300. 0.6
10640 1.6
10640 4.2
10640 1.8
10640 2.0
7920. 1.2
10640 3.6
7920. 1.0
3520. 0.2
8160. 1.8
12900 2.8
8280. 1.0
12900 2.8
12900 3.4
9880. 2.4
8280. 1.0
5800. 0.8
5900. 2.0
10530 5.8
3010. 1.933
3010. 1.8
12040 1.6
12040 4.8
12040 3.2
6300. 2.2
570.0 0.2
10530 2.6
10530 2.6
9120. 2.2
9120. 1.4
5310. 0.2
5220. 1.0
11180 2.0
11180 1.6
9720. 1.4
11180 2.2
11180 3.4
11180 3.8
8360. 2.2
3360. 0.6
8360. 2.2
8360. 2.4
10320 3.0
10320 2.6
5670. 1.6
10320 2.2
5940. 2.6
10320 2.2
10320 2.4
7600. 2.933
3800. 4.333
7600. 0.8
7600. 6.133
4560. 7.533
9460. 1.6
9460. 2.8
9460. 2.4
9460. 3.8
3480. 4.0
4060. 3.866
6840. 0.6
8600. 1.6
6840. 2.8
8600. 0.6
6840. 1.6
8600. 2.2
6840. 3.266
5320. 3.466
5520. 4.6
5520. 5.2
3240. 2.133
3780. 1.933
7290. 1.733
4860. 2.333
6020. 6.466
7740. 5.666
3040. 4.733
6080. 3.333
6080. 3.4
4560. 4.066
4300. 2.066
1720. 2.6
6880. 1.533
6880. 4.133
5160. 5.2
6880. 3.866
6020. 4.133
6090. 5.666
6090. 5.733
3180. 8.066
4240. 7.933
7420. 6.4
4950. 6.866
5940. 6.2
3960. 7.2
4300. 6.333
4300. 6.4
4300. 6.466
6540. 7.0
6540. 7.866
5100. 6.666
5100. 6.6
2040. 7.666
3060. 7.266
4600. 7.533
5750. 7.2
4600. 7.4
3450. 7.666
7700. 6.6
3080. 8.133
9240. 6.266
7850. 8.266
9420. 7.333
4710. 9.133
1060. 1.466
1060. 1.533
1060. 1.466
1060. 1.533
7500. 5.466
4500. 6.2
3000. 6.8
3000. 6.933
3900. 12.06
5850. 11.0
3900. 11.6
5850. 10.86
7800. 10.06
5250. 2.2
