5900. 11799
23590 33699
36470 52099
6480. 16199
37400 37399
21120 26399
22400 31999
31080 22199
1760. 87999
25200 27999
13080 10899
12800 15999
15730 12099
8560. 10699
13760 17199
38400 25599
33960 56599
480.0 23999
29100 19399
15820 22599
17700 35399
8300. 16599
14770 21099
18480 15399
55580 39699
10220 14599
9300. 18599
46860 42599
3780. 12599
23760 59399
19890 22099
37980 42199
7410. 24699
15500 30999
27300 18199
11440 28599
2020. 10099
17380 15799
18200 36399
32060 22899
24640 35199
23640 39399
18000 17999
21560 19599
15840 14399
8680. 21699
29550 19699
29440 36799
33330 30299
21060 16199
10260 11399
37510 34099
16000 31999
1060. 52999
10720 13399
26180 37399
14760 24599
25760 32199
22160 55399
2060. 10299
13650 45499
28890 32099
40430 31099
18800 37599
21400 21399
17040 14199
22260 31799
43650 48499
24640 17599
18630 20699
28800 31999
35800 35799
14140 20199
8920. 22299
14760 16399
23250 15499
42120 35099
29380 22599
11070 36899
35280 58799
27040 20799
26110 37299
440.0 21999
29260 20899
37950 34499
6900. 22999
640.0 31999
32560 29599
17430 24899
6400. 12799
7050. 23499
37800 26999
6480. 16199
24000 23999
48440 34599
15190 21699
6390. 21299
22750 17499
27450 30499
38830 35299
20860 14899
29250 22499
6480. 10799
12480 15599
940.0 46999
5600. 13999
20860 14899
15900 31799
25630 23299
31620 52699
1580. 78999
14880 24799
2160. 10799
5390. 76999
15730 12099
19700 19699
9240. 13199
19100 19099
19180 13699
41360 37599
21980 15699
5520. 18399
24000 15999
39720 33099
13860 12599
31080 22199
35300 35299
31080 22199
35010 38899
43600 43599
24360 60899
27300 20999
150.0 49999
20240 18399
740.0 36999
20440 14599
8240. 20599
19260 21399
20000 39999
6960. 86999
5820. 19399
11340 12599
43500 43499
9920. 24799
29700 32999
31990 45699
14480 18099
51720 43099
2120. 10599
2280. 11399
29700 49499
16740 27899
29520 36899
47600 59499
19680 16399
58850 53499
8050. 11499
21120 17599
19360 17599
23040 38399
4380. 14599
33500 33499
10800 21599
13440 19199
26370 29299
16510 12699
33480 37199
31460 28599
7020. 23399
8520. 28399
54200 54199
36240 45299
59780 42699
34160 48799
17650 35299
44100 29399
10320 12899
22800 18999
40950 45499
4290. 14299
13040 16299
41220 45799
22960 16399
22050 31499
8320. 10399
24310 22099
23550 47099
43200 35999
17440 43599
23760 39599
21960 36599
25840 32299
16360 40899
11340 16199
30800 21999
3220. 16099
18350 36699
32400 26999
16800 41999
30660 21899
46080 51199
6370. 90999
15600 10399
18200 13999
10750 21499
16650 33299
19200 12799
40800 33999
11200 22399
22200 44399
42720 71199
19240 48099
45900 45899
10720 13399
6960. 17399
1820. 90999
52400 52399
26500 26499
8850. 17699
11200 27999
26100 26099
14400 35999
7070. 10099
45960 38299
23040 19199
41760 34799
5400. 13499
26500 52999
2910. 96999
10780 15399
14490 16099
65640 54699
17190 19099
32700 65399
8520. 14199
19440 16199
31350 28499
18590 16899
55440 46199
22900 45799
18810 20899
4350. 86999
36960 30799
63960 53299
17050 15499
41100 27399
8880. 22199
48620 44199
2140. 10699
20440 51099
28280 20199
25520 23199
44220 40199
30690 34099
40560 67599
37530 41699
33540 55899
6950. 13899
23300 23299
38610 29699
53600 53599
31680 39599
29400 29399
22560 28199
14600 36499
36520 33199
14800 29599
10900 21799
35360 27199
31330 24099
13280 16599
38790 43099
6270. 20899
25610 19699
36720 45899
18650 37299
5800. 14499
14070 46899
38060 34599
40800 27199
28020 46699
14670 48899
11130 37099
860.0 42999
7120. 17799
10710 35699
7260. 24199
43670 39699
