760.0 0.989
6250. 0.765
5940. 0.685
11400 0.041
2800. 0.587
4760. 1.0
5310. 0.411
2360. 1.0
6880. 0.367
6720. 0.696
11180 0.080
5280. 0.494
11340 0.063
10640 0.039
10950 0.097
3440. 0.649
3240. 1.0
9880. 0.152
4860. 0.186
6020. 1.0
9240. 0.085
12900 0.014
8700. 0.057
2700. 0.756
3100. 1.0
12150 0.014
7560. 0.065
5670. 0.144
3650. 1.0
3160. 1.0
8100. 0.196
3480. 1.0
940.0 0.584
2720. 0.435
8600. 0.331
7250. 0.454
2190. 1.0
1520. 1.0
5940. 0.263
2400. 1.0
6400. 0.661
5250. 1.0
5010. 1.0
2910. 1.0
880.0 0.943
3700. 0.655
860.0 1.0
1400. 1.0
4440. 0.182
4070. 0.326
7840. 0.189
5390. 0.205
4300. 0.624
4510. 0.683
3960. 0.681
5390. 0.444
5300. 0.681
12900 0.118
12900 0.110
12040 0.111
9880. 0.023
7260. 0.250
11400 0.029
9880. 0.298
12900 0.0
9880. 0.062
9120. 0.379
11180 0.038
2640. 0.498
7600. 0.511
8360. 0.507
7590. 0.325
4240. 0.791
8360. 0.045
11180 0.377
10320 0.452
6840. 0.251
2400. 1.0
5440. 0.371
5670. 1.0
6840. 0.151
4740. 1.0
7740. 0.140
5320. 1.0
3350. 0.627
5160. 0.849
1840. 1.0
6720. 0.166
6720. 1.0
3650. 0.433
7420. 0.619
1290. 1.0
4550. 0.381
5640. 0.841
4950. 1.0
1710. 0.775
4300. 0.871
760.0 1.0
4040. 1.0
2010. 0.742
1890. 0.583
6750. 1.0
8100. 1.0
4480. 0.567
3120. 1.0
1300. 1.0
7600. 0.461
1230. 0.788
300.0 1.0
1680. 1.0
5850. 0.517
4730. 0.612
1800. 1.0
4320. 0.875
9450. 0.147
10200 0.320
4770. 0.379
9460. 0.048
9460. 0.194
5040. 0.317
4620. 1.0
6480. 0.425
12900 0.043
11180 0.025
2910. 1.0
5940. 0.331
3700. 1.0
6930. 0.185
6600. 0.489
4180. 0.374
4300. 0.452
7020. 0.208
5300. 0.123
7950. 0.082
7420. 0.203
6160. 0.124
12900 0.105
12040 0.0
5600. 0.648
1650. 1.0
7920. 0.414
9120. 0.130
800.0 0.684
3220. 0.714
12150 0.074
9490. 0.630
6890. 0.052
5670. 0.366
3440. 0.306
3840. 1.0
8360. 0.150
7260. 0.388
8360. 0.564
12040 0.029
5680. 0.339
6080. 1.0
6490. 0.358
1000. 1.0
9120. 0.266
540.0 0.705
5830. 0.468
3480. 0.260
8600. 0.455
11340 0.319
9120. 0.220
390.0 0.988
9460. 0.217
1840. 1.0
12040 0.066
5040. 0.465
2880. 1.0
4770. 0.159
5740. 1.0
5880. 0.338
4680. 1.0
12150 0.125
6080. 0.244
5280. 1.0
9120. 0.145
9720. 0.178
11180 0.491
6570. 0.265
2520. 1.0
3440. 0.184
7139. 1.0
12900 0.0
7920. 0.153
11180 0.155
5670. 0.637
2240. 1.0
9880. 0.307
11180 0.188
7100. 0.357
3040. 1.0
960.0 1.0
9720. 0.303
5840. 0.692
4280. 0.802
6880. 0.820
1470. 1.0
5320. 0.230
3360. 1.0
4300. 1.0
460.0 0.796
1140. 0.851
900.0 1.0
2970. 1.0
4770. 1.0
3750. 0.513
3720. 1.0
