0.02987407391467256
0.047293629129491754
0.07087562794935331
0.0991225045169265
0.0037849604171744655
0.004449112845680059
0.005334240715794802
0.007873554403535987
0.008340877139068281
0.010592435331974848
0.014612147040264367
0.020324836691403725
0.02768943933516521
0.03658099950108118
0.018865499174580136
0.020978115124953955
0.023116755217426732
0.025248055360243882
0.02737645920207754
0.029478522610164593
0.0315604107666736
0.03360713650623737
0.03562531707043448
0.037607279812001626
0.039558676548503424
0.04147861396603447
0.043371243739705134
0.0452392521647752
0.04708674819621095
0.0489187530745423
0.050738296075514056
0.05255257794469159
0.05436343963863621
0.05617885381859822
0.058000068487862655
0.05983505901561603
0.06168454529500411
0.06355622833239405
0.06545056963955598
0.35222503232052726
0.3397054540739023
0.3276438456812225
0.31609052991591746
0.30508662873636694
0.20473965912284142
0.20440464939147085
0.2046300084677085
0.18933485009650264
0.18167352625132638
0.17448188706591927
0.046455709829725134
0.02693535375269729
0.021775068978405754
0.03087508786248916
0.05182709844119748
0.0813490347751813
0.11557837989332831
0.1511308248833957
0.18492054063997787
0.21469374626295956
0.218233967253732
0.20976803735413063
0.19691309313417338
0.17579047238362122
0.15473703662396843
0.1356159072825045
0.11872287733004949
0.1042516919858133
0.09235020341834332
0.0780123498330022
0.06599322075677705
0.05650194298681577
0.049660502620972435
0.045542139989473096
0.044107446522235305
0.04527311588401017
0.048881319924573785
0.05473684189664407
0.06260349603085524
0.07221985456627023
0.08330653133530119
0.09557270745990998
0.10872846043052087
0.12248136830890777
0.13655222700123304
0.15066430175175727
0.16456944237942284
0.17802382686854923
0.19080991991439156
0.20322271428495542
0.20812446180003363
0.21195068234572811
0.21471005425038225
0.21644218790809688
0.21719793452347025
0.21705674742169956
0.21610502678195176
0.21444474738489172
0.21218248686519625
0.2150510361226563
0.012287122320120414
0.011560191070514758
0.014076567261110284
0.02006546154882327
0.029724212886278245
0.04322795348651487
0.06043606528474499
0.08099389331707874
0.10411079592970596
0.07621962370161484
0.06750434916840042
0.05925040925724345
0.05143801846815954
0.044064461627349116
0.037210144125777944
0.031006959475885942
0.02563058835060117
0.02126811306105547
0.018091560099842474
0.01625533561083292
0.01587239741498092
0.017031994822854668
0.019773719671065115
0.02411006377220981
0.03000889224074965
0.03741719842126989
0.046246028110411896
0.05639247674465997
0.06771878192487502
0.08009516151401208
0.09336194130843078
0.10737456588636907
0.12196762234720682
0.13699801799226807
0.1523100534556896
0.16777186672110966
0.22621553240193304
0.22778515890633722
0.22956546540458156
0.23154736461510939
0.23371222805800795
0.23605167654857584
0.27052253718586483
0.283393742577123
0.29563084470244005
0.30720428292877344
0.2498422368178499
0.25292806184656824
0.2560890482911592
0.25931755916262167
0.10581746631397271
0.11342828395505966
0.0941656675624688
0.07262619426413108
0.050634157988722284
0.03079228076500984
0.01598430305530052
0.008563991538874993
0.010007006481814962
0.02054137342508444
0.03936846424687701
0.0647236944202344
0.09427801802939384
0.125346057656889
0.15521935521262042
0.18139615201934456
0.20181981675303418
0.21510804990997112
0.21263282188706978
0.19246602335076668
0.17226552209758217
0.15284565510441828
0.13489595510784824
0.11890784067985571
0.10527758630072659
0.09423592973678963
0.08593899668635985
0.0804093392293499
0.0764408677473769
0.07743098609305088
0.07969926672063121
0.08419693337082101
0.09068871003830958
0.09890828737194501
0.1085892348136489
0.1194498903751251
0.13122381279871842
0.14364237204973396
0.15645509407621683
0.1694179071706312
0.18230823817839048
0.14143355275293457
0.20704877254117104
0.21852797852715056
0.22919724201709835
0.23891459574662166
0.24756320420414202
0.25504470009859936
0.26129008153953237
0.26625599156485347
0.2260053471253589
0.2738679028928819
0.3250715631554405
0.3515064919104276
0.32923417741603245
0.3078424738681178
0.032401262654086826
0.039873529862631596
0.047888817126968686
0.05635603495392727
0.06566521467307362
0.07681478739060732
0.11039212917069852
0.10843924471508304
0.10645581994388031
0.10448936845111567
0.1025366586338925
0.21087566836834348
0.23996329479113276
0.09598556987467621
0.0928480567408243
0.0886190343807719
0.08301546529564263
0.07615874178734083
0.06853466763445792
0.06072818038108485
0.053271929999063494
0.04661057096340426
0.04110343832022867
0.037039875307271264
0.03463063022362889
0.03402784685208038
0.03531535485419146
0.03853096004177148
0.04365043345015773
0.05061872963931113
0.05933038912291355
0.06966031010803964
0.08144893627037653
0.09452941311315877
0.09730343892209181
0.09822485316911678
0.1014988706223302
0.10692375119674324
0.11428472870690098
0.12334028839706823
0.13386186302916925
0.14559888987948044
0.15831811192077438
0.17177743745575347
