3.315556025396127e-06
3.619969185852945e-06
1.1759496804208958e-05
4.062503156343489e-05
0.00010043703443607388
0.00024780152116077314
0.0005764093520180813
0.0012479805211472739
0.0024939160149735073
4.3797920808663626e-05
6.548021062835474e-05
0.00011137874458899688
0.00018813534225858852
0.00030317170584404085
0.00046034730603006224
0.0006523387364150146
0.0008882994663241828
0.0011521767615011447
0.0003477302630393586
0.00036530594387895743
0.0003715043533710771
0.0003704148868637347
0.003063383276404541
0.003608717091141078
0.0042397763050142645
0.004990363733993419
0.005881361973226418
0.00696041310451001
0.008258170369350615
0.009827749495175175
0.011709402137335623
0.01395850202027793
0.0166195904336518
0.019742958846071357
0.023370923376991426
0.02754488209367445
0.032298112507714305
0.03765788651281521
0.04364293236639649
0.0502650240958088
0.057522152365649504
0.06540701143902095
0.006576117611267085
0.007069149456577661
0.007537766072348795
0.00798042323983017
0.008389736568664707
0.008765119156020518
0.009100872867012666
0.009397987324312629
-6.106315342258029e-08
1.7583573308499467e-07
3.547318680019451e-06
2.681215748068233e-05
8.414040759363584e-05
0.00019471737098331054
0.00043655024341493487
4.296484380694743e-05
6.309042804364395e-05
8.483210900012139e-05
0.00012540640865665864
0.00017822851400361994
0.0002582121646547142
0.0003580821162509906
0.0004681420739434117
0.0005938298116713314
0.0007128682637617123
0.00033680536675717576
0.00045852244136057596
0.0011159923866459476
0.0013052096161373372
0.001561298579809245
0.001915070146210729
0.002402515808228256
0.003055752745339202
0.003913365889482101
0.005004737007745397
0.006363041765980348
0.00801303972440437
0.009972676254420332
0.012259558541572457
0.014872099470785383
0.017813794605285982
0.021063539355322125
0.0246157415301137
0.02843934482648114
0.032532378790431804
0.03687832358467624
0.04149462086222555
0.04639352327093316
0.051614785419047404
0.0033165344862149393
0.003766247334784145
0.004254219767974909
0.004780061399708102
0.005337970878346532
0.005927803626881056
0.006543492694991326
0.00718514999910802
0.007846036072556406
9.690688971275563e-07
3.8016004768604006e-06
8.602036834060023e-06
1.2069432252292955e-05
3.762790947636763e-05
0.00010530797168961659
2.672565857642084e-05
5.1063150234398336e-05
7.772013609841366e-05
0.00010881307510068883
0.00011524302025123223
0.00011067734973224663
0.00010871213384555656
0.00012770952667151558
0.00019241601534636388
7.715712328226765e-05
0.000549091491841569
0.0008466405026523738
0.00122262337328638
0.0016399972000251672
0.0020958847595060615
0.0025486053387747676
0.002998698631571428
0.0034298949716770055
0.0038526284363225027
0.004292606503471963
0.004778223628438827
0.0053666563334476836
0.006108319949269081
0.00707320303553205
0.008322654941753327
0.009926297884111923
0.011946785099190449
0.014441529216407067
0.017462767242774624
0.021050216335573357
0.025236254829267946
0.030037659570411157
0.03545452904850521
0.003521988512212415
0.0036518963646358094
0.0037905434445807407
0.003939651386768217
0.004103161123638732
0.004282178994707286
0.0044801662037101675
0.004698303347158483
0.004939505813239653
0.005203768188493552
0.0054948315663311265
1.7304556784170089e-06
8.424658600736379e-07
3.879490675484654e-06
1.4203184975469796e-05
4.784536130064687e-06
1.2151813507776943e-05
1.0247163641285972e-05
1.3163021372886163e-05
2.755018243594254e-05
6.722603517017589e-05
0.00012678123375287065
0.00019909712958765535
0.00028921134285331274
0.00035694940290742494
0.00041498807358131273
0.000453990662445114
0.0004770888051767175
0.0005161522726294665
0.0005817471585678469
0.0007124889325864636
0.0009305643166175326
0.0012651456122361182
0.0017292607754963996
0.002346102617873602
0.0031119230385129315
0.0040443914749932475
0.0051289030518535395
0.00637424031567857
0.007766054673113976
0.009301194141781655
0.010972679327652113
0.012768168100737332
0.014694285669951013
0.01674789397647769
0.018961175221918203
0.021357625783981815
0.0034007505311753894
0.003711529177438
0.004048086070789103
0.004404869066589545
0.0047852214683842265
0.005182479662846906
0.005597638002396321
0.006022854134356326
0.006457349909253729
0.006892733516919547
0.007327046522085379
0.007751945091232781
0.008165206242466194
0.008559855250291681
7.81509230796118e-06
3.116905714084517e-06
1.2104830711123782e-06
2.729442994064968e-06
1.7869799968650568e-06
6.703636855176498e-06
1.231283762126445e-05
2.1037521051758823e-05
4.184619536784506e-05
6.145197869777963e-05
9.767172230290555e-05
0.00014646119572170324
0.00018744400316439425
0.00023671332718122606
0.0002842794386106462
0.00035035828534790703
0.0004445899585092672
0.0005924747242799233
0.000795313541501419
0.0010593110440169085
0.0013852417069983858
0.0017449352696938814
0.0021477265593918826
0.002562872175557507
0.0030098822004797077
0.003487741903585251
0.004029925089853781
0.004671022295288485
0.005458089125228938
0.006442968222965639
0.002461767737990894
0.0026853411601794885
0.0028783589539777
0.003044460101583879
0.003183258743260642
0.003302682871663798
0.0034080700363747773
0.003509639805665654
0.003615190400584778
0.00373626764667756
0.0038798714995175176
0.004055147833176065
0.004267981327776393
0.004526549080342335
0.004832136983860202
0.0051908031760899975
0.005601638693822242
0.006068054103266496
0.006585651656473401
0.007157340747893315
