0.013283778739213492
0.0068706537623759445
0.0052097935504725745
0.04741504102826766
0.018419347919618412
0.018420332954108498
0.020055894157239407
0.023511628660449424
0.02888703673579851
0.03638997643037034
0.0459299510043536
0.057671211070128514
0.07115165734200146
0.08578230915015028
0.10003677374047681
0.11359793608478164
0.12537684729509546
0.1366108790355588
0.1469737937373925
0.15690403231099448
0.07916479029602685
0.0836319485668332
0.09052351598292685
0.002466954604279037
0.0029621041530087933
0.00346489407816708
0.003938748445659446
0.004450557354194196
0.1462313249475512
0.0055353001049675
0.00602511101341574
0.006572561205845484
0.0071328772916405825
0.05375803281555103
0.08929893511705467
0.08982221797523027
0.09858787275869374
0.21806334837199048
0.21536150276834365
0.05000963905358524
0.04990991042771831
0.05051599121462513
0.20278114115238888
0.01461548088592124
0.015487971097908004
0.016270760446417287
0.01714262875083805
0.18471903403533718
0.18102353546486982
0.17732793113322498
0.004824853403018636
0.0053786414073804245
0.00976819681251262
0.01759677459296638
0.027392517125417237
0.019885573051167227
0.015213294836590618
0.011117039478849011
0.008144060074966375
0.006520600738237015
0.006598632948442318
0.008454895178980015
0.011863199170557448
0.01665725467311796
0.023872202204421766
0.06142824046557993
0.06366428132619184
0.052009794781007423
0.06418190343608099
0.07645889434775166
0.08924304710523756
0.10185507168923758
0.11517474401776184
0.12799453561872254
0.061277294832435936
0.0624463593897826
0.06518959833120241
0.06981634641434564
0.07382484854466154
0.07985934448454557
0.08504589499035753
0.09186835939150373
0.09764924434434752
0.10476780016433729
0.11092698730656181
0.11785680208893101
0.12436804962424586
0.01794073267539531
0.01567391811860186
0.013636706058413939
0.01209119066224551
0.010363471958442005
0.009125930959841932
0.008347190461175935
0.007402774497036857
0.006906961807382039
0.0070061122798139586
0.006762915630844191
0.007396654455908314
0.007948607551320097
0.01684327498398508
0.02962423271123782
0.019731439972684006
0.020309823563690155
0.01980223530842773
0.020438519027002444
0.022768265555656697
0.031929191921254985
0.027532243984839333
0.024322246354318455
0.022956386386544292
0.02348087257038356
0.026154829289401382
0.08124097887403592
0.09314410918714422
0.04441327342831247
0.05347544125144066
0.0635541154769852
0.07437237269328034
0.08561611293771176
0.09713393733649311
0.11050168465398846
0.1253967229700117
0.14389667175541654
0.0039885305320933595
0.04216566344287942
0.029900628587114397
0.03385544072320168
0.17575490557360307
0.17826529816767245
0.1799117962311262
0.18031325518043773
0.1802152676558435
0.17924080873101034
0.17780936871668596
0.17584732086007604
0.17354151030647758
0.1707987602813229
0.16787337478303177
0.16466702818405965
0.16151667036440243
0.15821728510826782
0.15464921093081008
0.1518136573577148
0.1336243631752243
0.1449848231467631
0.14182211723121907
0.13841332778117788
0.13587438111058525
0.1332546509677619
0.027534029957642314
0.03352838360715671
0.05074569007785712
0.055138065400700875
0.0597924405490583
0.06475869432277426
0.06988241582313393
0.07484357972272049
0.05698187938421084
0.0424214902208655
0.04019703146371356
0.03737901973619051
0.005610102652938931
0.006186554910950992
0.15862510222791637
0.12758482560440398
0.13908672999163418
0.17668367702797105
0.14482730433023128
0.010319936346546155
0.010973633960781104
0.011803198772627699
0.04188844227841104
0.035649809645121655
0.029941889527012266
0.024571093449715864
0.019714667665905905
0.015437789369694976
0.011602766197312375
0.008819022903095664
0.006592776595532701
0.005070047991630133
0.004302423658240517
0.004247797198969283
0.004808737697657994
0.00626928602877308
0.10413554634645128
0.09606608873302003
0.08829675391915282
0.08091532980685101
0.0737322101246154
0.0665660830293433
0.059982970196703955
0.053719609475722185
0.048009775750399664
0.04249417592781679
0.03733298443861233
0.03288860329379539
0.015733167423491068
0.0739457112354609
0.09711663330007314
0.11344472508293646
0.127385347270364
0.12229052415783948
0.12341309297141434
0.12363422978884941
0.07623948610901599
0.07447684762842621
0.07155760004148237
0.06753407377790066
0.06237269506357257
0.05639372674843224
0.049976714881390105
0.04359694778298395
0.03764341184671438
0.03255072339221976
0.02862933068182849
0.02616206274694377
0.02524347897510515
0.02596683105966746
0.029099727199328962
0.03856591920371866
0.09809810892101611
0.10669052153068437
0.11514850694851819
0.03734417609386953
0.03889178522563097
0.04047375956333632
0.04201701564277416
0.04373574268280411
0.04515637701293407
0.04689127624587908
0.048348214585016924
0.05010770707329615
0.051542042525159704
0.053165506133923346
0.08035849409963625
0.08103923921803735
0.08166469482886685
0.08223560451966772
0.08275614191250191
0.08324236028412924
0.08369320578981876
0.08411346322367064
0.08451599656340814
0.08488526148127473
0.08526159692461455
0.0856470956331461
0.0860007397957897
0.08637673751585806
