0.004372689852172096
0.005195154036204963
0.006481998098581632
0.00815444263110876
0.010105369905878958
0.012314274536058822
0.014709639177504341
0.017059378245942503
0.019347884821905303
0.02117566541611038
0.022321878035614695
0.02253883797589884
0.022049922330469318
0.02154403221909451
0.021017409178478497
0.021107218531808414
0.021591107556611755
0.022588403541394242
0.024028198160029546
0.025887745322833222
0.01887003184945446
0.01888843402501794
0.019288238660801538
0.019650264280563157
0.020311302935923203
0.021212817226461178
0.022213953208753856
0.023404043842711997
0.024643697650661323
0.026036872612150486
0.02749714402568837
0.029091856029521246
0.03081653454244737
0.03253599078412661
0.0342940631695996
0.03597497788701354
0.03775638940739756
0.03963646269276744
0.04127148512416767
0.04316827825822889
0.04477365374931619
0.017162122213588482
0.0179548714278307
0.018784002719206216
0.01965800215771163
0.02046074959632027
0.021302067001562897
0.022145507323550806
0.022983129061901586
0.02386501045031264
0.0024543905130911536
0.006837999929720562
0.00793264780528935
0.008879618999305117
0.009683142481062945
0.010430163642367818
0.01126931398585651
0.012179431838806098
0.01319427736188361
0.01440137771308303
0.01576709226837303
0.01727991036525167
0.018890034698511915
0.02058255157212263
0.022437896337659913
0.024311249979195204
0.026357687754070547
0.02848213030963087
0.030765873866954507
0.033143360067001026
0.035523786187808826
0.03759165589461533
0.03867371449866219
0.038262364955992556
0.036715731663558904
0.03571759086331172
0.024140524673093244
0.025516745430856247
0.027170520002989362
0.028660776589557124
0.03027897143695346
0.03180825394571629
0.03368483703796554
0.0354995311784001
0.037361554873172054
0.03925747511657751
0.0412241790269563
0.04329224934947029
0.04538534157009666
0.047072420079192656
0.04742225542399214
0.045963906488621475
0.044642747181052767
0.04357197245750888
0.04285530854493258
0.042462569521870774
0.0424678273410265
0.02207357987819314
0.02289168789034568
0.02369316872044891
0.0038580411015562976
0.0050382223478491195
0.0025659513741354
0.003250679289032443
0.00403352624990394
0.0048922992165969514
0.013115152665254204
0.014646918332084646
0.015976285685353364
0.01705752197362731
0.017753097812421292
0.01801638839170394
0.0177966091736963
0.0173608340718574
0.016883518635844474
0.01641875909749657
0.01654755263103247
0.016994462439819502
0.01764717721163067
0.01865658735857323
0.02021168195375389
0.02241660230584608
0.024468385958985372
0.027527689323426197
0.030029662212983643
0.033957188639693214
0.03766396266967553
0.04176800032350636
0.02399980092130871
0.024590018281947623
0.0253216064479288
0.025916872688410808
0.026844385905506973
0.0275068744792204
0.028456860340567824
0.029420138356893055
0.030394011801740284
0.03134534073121076
0.032578824069684265
0.033718379342936755
0.0349387558799672
0.03617557140693439
0.03739535526155113
0.038590721768836156
0.039862900481583585
0.04118760816070277
0.04194617111747889
0.04373421585048165
0.04451032758483564
0.045761644207831687
0.0055489545120585015
0.0065789577660247955
0.007412746711931484
0.007925560492141881
0.0081866656248748
0.005552634318191418
0.006200399009850033
0.006751180924775557
0.007161150486213352
0.007481510662838309
0.007699896060569977
0.010394239598473964
0.01155118892330953
0.012951386322509584
0.014572584213842
0.01646352255977024
0.018584836649770953
0.020868005213055874
0.023351459816241205
0.026091389457046588
0.02911063817173909
0.03221114877262998
0.03556243909915113
0.039136748983905956
0.04261839906743936
0.045792076510771884
0.04794672084975249
0.04824476799835875
0.021801666568457834
0.023269905174498118
0.024670367049013597
0.026190780639663847
0.027575066667309134
0.029105173117528138
0.03042755255190721
0.03192150018988704
0.0333436408983917
0.034543068331339466
0.036003895826797194
0.037320987042314235
0.03861042723832919
0.039948537802623973
0.040885085008686484
0.04208397743754988
0.04360804799105378
0.044435000498788235
0.045943824163950486
0.04721500610835194
0.048284614804806836
0.04954622635572303
0.0037275234946868574
0.004439373369510502
0.0051613994846185784
0.0059201563262814005
0.0067300282906447295
0.007588869835384648
0.008514949200449262
0.009558514831572884
0.0037118737351733433
0.003867387711196546
0.004096934265625518
0.004461774570216348
0.004960126331699399
0.005599105880943256
0.006372115977373527
0.007273649003713856
0.00832686828721163
0.009451688246763124
0.019648300693719256
0.02005413094172681
0.020519371804413433
0.02143805904145757
0.022390309845943812
0.023423369928998183
0.02500010178707912
0.02658509962421496
0.028324223843759433
0.031092193618739494
0.03328980009025506
0.03691460140266556
0.03978878321145718
0.043535437222171236
0.04835512657074048
0.05310440047051879
0.05818143067279857
0.03542372996113852
0.03644285030892913
0.03738451177945834
0.03791896288917895
0.03806789317705661
0.03781624524773075
0.037062254585863985
0.036472046403502656
0.03548850546156024
0.03490138831927847
0.033995797114871884
0.03337863607185754
0.0332270750374003
0.032784689627587627
0.032370017287747466
