0.010173203224123184
0.011563984279759465
0.00021357188986315112
0.0005531386350660084
0.001307156024874967
0.0027388785601569765
0.005201204806480675
0.009060333075979643
0.00020152599017064787
0.021708795308398865
0.030658660218379152
0.04114348215538477
0.024156790454714416
0.009286891762120275
0.004288363113847837
0.0038154000565078228
0.005879821918226558
0.0035475390359234193
0.004317582793438857
0.005119003005117473
0.006082946450395421
0.00726437897423271
0.008561888119240524
0.010043088575457437
0.011652343287252509
0.013709492725043071
0.015825343289199045
0.018578743463113168
0.0008162878051826139
0.0007601931425447184
0.000720059689752861
0.0006758575241270215
0.0006398516414616306
0.0006281110505244047
0.0006016184687791526
0.053204772475363704
0.059764803485699236
0.06644034844885871
0.03400083726626679
0.033297894582952514
0.03247105642147197
0.0316557515532101
0.030634717651714327
0.02936553213930093
0.02077723731442216
0.016347775556154298
0.013217756646987211
0.011406306884241935
0.010925640524335423
0.011884466607552158
0.007635495914623425
0.013276140678596615
0.00015603518356410717
0.0003686663072849372
0.000832710813366222
0.0017161346833456381
0.0033000614105617165
0.0059010273612549735
0.009800108373093197
0.015292773981455787
0.02244809519758606
0.031359165793299226
0.042009167612841236
0.024006229397790624
0.010660983813651548
0.005086470618225647
0.0012743703257301897
0.001814027702086718
0.002505436022206764
0.0033724615657886314
0.004428708088714539
0.005736030523970537
0.0072631902877827725
0.009049701265702037
0.011118040856170297
0.013483218630276683
0.001738104212857805
0.0019067477168673852
0.0020648918785167725
0.0022265170544297774
0.002384170797206542
0.002547495163667146
0.0026907028088665186
0.0028504645006922624
0.04420590655763812
0.048202265737264716
0.052654770779078985
0.056551176265317915
0.061241790924355
0.03192921886781297
0.0257598487509193
0.021009261358092446
0.016551482512029536
0.013144585835337064
0.011282449804567829
0.010521743611611845
0.01076221184739845
0.01221550654123138
0.014474754938538004
0.016707915240957272
0.005208489587028575
1.7164670954139538e-05
5.3999238480706424e-05
0.00016711383649969935
0.0004318912596894542
0.0010080524786769685
0.0021045681365154945
0.003962525731751265
0.007016062140266732
0.011356665217137296
0.017352199539317326
0.02517433547411918
0.034463146920432286
0.0456214105457875
0.000643803742729876
0.0008366387342685355
0.001089650845254031
0.0013921510499417256
0.0017653019143204496
0.0022113480061998203
0.002775418985382916
0.0034910388249453916
0.004346453024956953
0.005350117810463129
0.000847302583441456
0.0009749416100289787
0.0011103822031973687
0.0012514038295219354
0.0014011951818911905
0.0015598443495364878
0.0017281115748706277
0.0019014041429052941
0.0020920637321398816
0.032847571783247376
0.03758186870022007
0.04286223189625504
0.048539473263729094
0.0544727848905604
0.060853612428838244
0.06720888776883105
0.07362139823043035
0.04217955462317402
0.039355721221486006
0.03614874526625511
0.03250401219219057
0.027991142657128543
0.023004386595081416
0.01837676208446659
0.013796972294781717
0.009701469725785339
3.2930305799983017e-06
7.059576843770898e-06
2.5743556128832168e-05
9.097788624534697e-05
0.00026511102485682336
0.0006470118897017318
0.0014223870227809687
0.002775032287415158
0.005024987312040818
0.008302057585508615
0.012935252127236785
0.019209697701335404
0.026975853017524698
0.0001820038006807856
0.0002409329073747024
0.0003544529457288892
0.0005436297022621828
0.0008300631428810323
0.00123934882129495
0.001780710461116719
0.0024809005272753426
0.003350038191849203
0.000672205270400239
0.0007996624332350377
0.0009297728880455214
0.0010622108993421087
0.00118791399059881
0.001320740194171166
0.001433587013891402
0.0015526916193657758
0.018630758677758097
0.021150082978586005
0.023483136039819108
0.026183167614453273
0.029269171338285105
0.032191591201180536
0.03586837636079321
0.03964327950990554
0.043490209809584957
0.04832366582285841
0.05324452758318998
0.05858829698408152
0.06435389543594472
0.07028759791384187
0.024102848416104994
0.08385800635955887
0.024640272696176857
0.025863064254371015
0.029235474008044937
0.004423522816270342
3.6164071047783963e-06
1.0022788268004845e-05
3.244191495022086e-05
6.60700081318577e-05
0.0001459206259240009
0.0003492798630381211
0.000794124224378967
0.0016927293269555221
0.003295091961761587
0.005955068086405557
0.009806104497035895
0.00036045108087900957
0.0004619534749156218
0.0005589018307381455
0.0006229407408476773
0.0006696795246050602
0.0006882752688466276
0.0007108569699307843
0.0007347277530462826
0.0008118568389376968
0.00029578050414147405
0.00037462676309907295
0.0004790017636484567
0.0006152834317653122
0.0007828244657666072
0.0009775608916310352
0.005941852832582417
0.007779494189463776
0.010023655300495316
0.012711749490573965
0.015699591497783105
0.019156797986654817
0.022903820566469446
0.027057712205912354
0.031219696596808788
0.03561809601293242
0.040173952775342414
0.04425659742615973
0.048518206528664454
0.05228099622277038
0.055733228460041695
0.0585413045236467
0.061806078873602344
0.004358402607653966
0.0042987718712471645
0.0042905752764118565
0.004251037668435376
0.004172514487583934
0.004170806776511715
0.004105469798057815
