0.05423622153328167
0.06142956490167095
0.09458485345103251
0.08233003421487539
0.06935680931987731
0.05765533991745131
0.048576982778212985
0.043198630252829995
0.042134639350112524
0.045653358409991296
0.053475632646539095
0.06503117157988281
0.07954242041666015
0.09580931669999693
0.17814485032073446
0.010852275337022599
0.006921599707179538
0.003860739157035775
0.0017201792290910678
0.0008216463379897565
0.0011814291211189598
0.002960126291932985
0.09559091516660911
0.08357524819978013
0.07246646803914447
0.06238536548978335
0.053715693822453225
0.04657683954040592
0.04112719640784179
0.03723824220347682
0.0357392327637871
0.03581033912681697
0.03733813222708238
0.04115390655769491
0.04627581526125735
0.05259775974795644
0.06020542774712523
0.059976500207086336
0.06176271431342073
0.06530870705983705
0.06986276950523762
0.07319403789946033
0.08279552274427893
0.08756543951204265
0.09913753885936394
0.10811094883285821
0.11739644703244756
0.12679624092990782
0.136372566894154
0.14195542022160434
0.03468903560360714
0.010591153476190662
0.0021179249143710166
0.009597117608521777
0.030073975167818734
0.009242910925086445
0.03914013559290541
0.008620486214132694
0.008320599910176085
0.008020910922525104
0.007886656712374984
0.007567425251008952
0.17948533457618143
0.15970637923148978
0.14621513280974485
0.14198830787569672
0.11665431160329032
0.10309430813249243
0.09177261949391968
0.08319900533958391
0.1669941514585811
0.15134536434078127
0.1523120852018668
0.15308696558710488
0.15360191614098184
0.15443160799312283
0.15523531661274004
0.15619589458177485
0.15770593078989703
0.15949436977703058
0.16172619849645287
0.16438026291928975
0.1674508613602086
0.17090879506501933
0.17468578899798304
0.17869709784459875
0.18296121464020376
0.1872814470581442
0.19152660115693754
0.19589365451710883
0.1999981961674524
0.20390771737623725
0.20752654270274618
0.2108151152757377
0.21313167112070774
0.21610587487594501
0.2180564573104713
0.21950637711583298
0.220412834266831
0.21925300772477363
0.0650722884493743
0.06543829512871024
0.07511172723277759
0.08485660245011628
0.09474106440456587
0.10487714837000295
0.007299637104461354
0.017633276280768495
0.01026818062647794
0.012766434873796362
0.016026616452536446
0.020142133351753966
0.025286212958601784
0.03133415047706489
0.03829448687711556
0.04609409877486226
0.05453317969983906
0.06351150476173262
0.07286632158109263
0.08244465717553362
0.0920770230861041
0.10160726272397702
0.11088842598606241
0.11982223338981535
0.12826240877943051
0.1361014890937735
0.14340250134965915
0.15000200480480907
0.15592442473716772
0.12928594859121723
0.13626063408103695
0.11554113264218391
0.12066968805581912
0.1269857098403372
0.13371258482917014
0.1409458193618277
0.1483894683711321
0.1562791345354484
0.16464436515305447
0.17279638424809107
0.1806470690342793
0.18894325998636652
0.19654078680211562
0.2043861822669658
0.014853915749851954
0.015312995201721247
0.015772500944629342
0.016233719653075962
0.016940191746931177
0.01756397814081212
0.16824997378605377
0.14696599647107178
0.1675138132001498
0.15941587634301901
0.1465940736564051
0.13025153606496198
0.08221718392378441
0.06981499014829085
0.07324685868805048
0.09193475064336798
0.09798847631538554
0.10231426756192408
0.10473490548391007
0.08916014950362028
0.08997468143148402
0.09122850068576827
0.09297092383947603
0.09534543935032003
0.09838699036612741
0.09384033091896782
0.09293720425752561
0.09257495109698022
0.09312581215942517
0.09462565386766053
0.09674007343200208
0.10019363411716453
0.1037914561067248
0.10826427042881082
0.11317757210478274
0.11869146475227743
0.12384201962564556
0.12953255496172145
0.13497395253711164
0.1400139905243799
0.1453209003944821
0.1498808525199392
0.154356387312945
0.180365646133249
0.18153178152217764
0.06825704288799617
0.07055900087397571
0.07272404091636298
0.07505418792683238
0.07742919992480801
0.07997064276460675
0.08233083715690259
0.08475468613158155
0.08714452172905651
0.17006061803449246
0.18792630799446608
0.06730408032152668
0.07189910035470715
0.07663478729831208
0.08179681666150485
0.08741254268717147
0.09385550951324473
0.10121170390326162
0.10870035884385787
0.11716662808626677
0.12534022049209925
0.13415895531855093
0.14319730529030283
0.1514254154781497
0.16012509280327403
0.16801550464673376
0.1754323088942873
0.14904653820173097
0.003513698497307649
0.003915898108596938
0.004425671377722651
0.004967532606834024
0.028594368893937183
0.026739512834729973
0.02579622699366968
0.025313186150158318
0.025897611932398257
0.02761783639834492
0.029277302833906615
0.01141595274572249
0.01249507863973165
0.01366402548341239
0.014813340315447232
0.016104216105532698
0.01735928932863695
0.0187546638319378
0.020107966432510227
0.06805184074548887
0.07376856274058008
0.0921887118622644
0.09402769518969933
0.09672167359046147
0.10048019264553887
0.06595875246276661
0.06194374136222158
0.058453261370472354
0.054951089325944946
0.05259004718713467
0.04974387514766887
0.048264124159385746
0.046695406708662346
