0.055422184731841906
0.040100202930799855
0.048148092609207715
0.07403033195033959
0.10524665513213449
0.12525934221993373
0.12488788309756249
0.1047188286111741
0.23945334462491197
0.23979934447851303
0.23346472136302965
0.21871691802191295
0.1966576878779993
0.17004484016644117
0.01579697438678751
0.1191886381495707
0.10082503974196799
0.08842889622048655
0.08246866043641055
0.10779392787221098
0.06353105272254989
0.008473561246885364
0.043909704296034247
0.009017439128360616
0.055968422740933166
0.06257017336927806
0.06966600095170827
0.07720612182713527
0.0852939352889519
0.09388191036408611
0.10292275259892014
0.07467592093412745
0.06367437354150363
0.0118358800757975
0.012182658112459221
0.01298907096887525
0.013677058238868334
0.023775679029687358
0.019293094872285588
0.01612362489177155
0.014185426375163068
0.01349383203153709
0.013990608551815886
0.015630626447626472
0.018221714915236165
0.02197434831240419
0.027722523368583607
0.03248180049260485
0.03860544428992363
0.045617022237416927
0.006983862190887091
0.01909842823373953
0.007964111835927934
0.00913356971204582
0.011027636236119132
0.016814728984863136
0.024251634563918323
0.03129528045901708
0.030127893852290644
0.015682518581144667
0.00562652762819249
0.0041489237368426135
0.012360867936843656
0.029597213679509626
0.05406342612800674
0.05068994996667131
0.05590628174237555
0.06389388572291821
0.1532567004658183
0.08525618064568641
0.019616559260096755
0.018779134188641966
0.018220714409314498
0.08076598087186682
0.08040986576604847
0.08063987050196242
0.08065175887730303
0.08142608869488988
0.0830554245254328
0.08503734067967228
0.08761108056248679
0.09066161808024131
0.09454621437630717
0.09907375310842637
0.10417784403825625
0.02993053700562953
0.03184863086316492
0.034009799949677344
0.036172293799181965
0.038499617870160874
0.040890809782972215
0.04337954910842989
0.04593060258845694
0.048574720352988154
0.051296722540225104
0.020025565038936266
0.017668602580614312
0.017198124279852567
0.018882926061950744
0.022080919809702504
0.00140454036423443
0.005344902917413075
0.019081820620851953
0.035241565552341925
0.008098801076745543
0.013229541498418484
0.020079002240352528
0.028429859585255346
0.0370099127099619
0.026750385393949916
0.00888571500966806
0.002273530951588554
0.0018630486848517647
0.00586308923206269
0.013012923193501669
0.021685184636940802
0.030239918764133455
0.004889265622112893
0.042099188420475
0.0343488471838842
0.017233868574583422
0.02155918764668896
0.026394537283141117
0.031711801955834784
0.03740541580509826
0.04354431933679348
0.04991035767843155
0.05646816476736105
0.06292196243689196
0.06977233968103591
0.0762830609703975
0.0032519857654551565
0.0030981858566609954
0.002953558467904127
0.0028274298805439635
0.002730573054330221
0.0026603524400447
0.0026269150867219704
0.0026553421641707375
0.0027287570362559688
0.002845390816497373
0.0029970512890651335
0.00324382263338574
0.003547801956277019
0.0032445826722025117
0.00371770727932752
0.004180330715837455
0.0046922302203951105
0.005232963406330948
0.029682457003082696
0.006585739478730757
0.0003256782179479334
0.006751425403090039
0.020382472638540095
0.004428853366388097
0.007865736622183928
0.012896971689327463
0.019602077864691925
0.02788090341604299
0.03745328288920813
0.02891530155949451
0.011392246149934171
0.00604195007664754
0.005444925442636306
0.006951378992744228
0.00933429111952766
0.012052055726561983
0.014724669170027793
0.01824348862291958
0.023255945295638458
0.01056001485956437
0.012775413995889884
0.015212259070282896
0.017801770653363858
0.020988847910047292
0.024351029805374735
0.027828524199277727
0.03206146745679883
0.0364497513247829
0.0409208936563934
0.004188686047804868
0.004536442058001633
0.004881880265383276
0.005217116059876181
0.005576343349298685
0.005943394599121632
0.006323422182807015
0.006744795964961359
0.007145842864723528
0.007532196090890286
0.024325235784135257
0.02456713667229815
0.025445301063071413
0.026235165635418167
0.02686235594313946
0.02735637200189278
0.0276848784049446
0.013235649077916856
0.01423887177230898
0.016234988465343103
0.011228099937836022
0.0036409706692104304
0.000827810781473759
0.0010570691135817212
0.0023037689307705556
0.004551928187919718
0.008043259441197659
0.013232863816010298
0.01998507722814491
0.028577287837903365
0.03854346257055852
0.030556210928438077
0.012075319014847485
0.0056820561199011355
0.0035998184754836293
0.004077568461856251
0.006560764544447983
0.010163567391188955
0.014928248956810997
0.004817945606476193
0.006240925531158736
0.008046509379070477
0.010187251608186454
0.012733472311106442
0.015622483578983437
0.019129544844002866
0.02299498586478832
0.027252061081300405
0.03212355271268219
0.0004684523665479112
0.0006233824089614259
0.0008465452085940628
0.0010932255461650886
0.001382624692941259
0.0016882281808866528
0.002094768266653446
0.03834319675783748
0.03149231065905622
0.024888992196538173
0.018808711943544054
0.013410627514548912
0.00861326171866772
0.0052107736707204255
0.0026237309337646675
0.001106299396376853
0.0008880618757552972
0.001727078335606036
0.0036843074661159214
0.0067007336974751475
0.010738954287424107
