0.009346102367513764
0.012732206447459649
0.017109442254233165
0.005444660874187379
0.005417808211321207
0.005356676523172066
0.0053373731441357375
0.005386415308261894
0.005635095275480451
0.006022598323155659
0.006609869993816075
0.005512954729092079
0.006464417754941554
0.007521020621290675
0.008679013623563492
0.009928822329515752
0.011204075073163122
0.012495055153868062
0.013759398963732239
0.014997072122579724
0.016152694772333942
0.017194705422513334
0.018096609765831273
0.0036439412629520884
0.0038004103066664463
0.039114908991648156
0.04298909543902796
0.04660888109287076
0.05081157474200371
0.004496315633262804
0.004639200460690773
0.004755139064011482
0.0200515864518116
0.02015766900356719
0.06616064535854738
0.06383225760223776
0.06039719094662077
0.05766351636047595
0.05575378195796543
0.020952268696014187
0.02131090889274434
0.02181694180699778
0.02230738620414363
0.02308338798862475
0.05860934356366232
0.02443821916915856
0.0252733389133184
0.026285620324263403
0.02705049138761595
0.02822651343855176
0.007209417275519048
0.008641439980116239
0.010751292312185079
0.013948032296540624
0.018591916305416345
0.025017142822038263
0.004490956764267251
0.005676189933266351
0.007108233270179731
0.008730805454004287
0.010609548332393137
0.01260123625306342
0.014736542683215226
0.016925640498914207
0.007608379677459753
0.008365766891306303
0.009063186718033078
0.009722866797543195
0.010283568033903845
0.010900878316919327
0.011373501742965253
0.011915643014627775
0.012309310289464137
0.012788107011988292
0.01315004840475853
0.001960788813991643
0.00201676961250985
0.002079909394494872
0.0021315913498858308
0.002207166739830013
0.00230687277343955
0.0024056083674229845
0.00249524447515892
0.002639006548777467
0.0027630215465636043
0.0029360849510182696
0.019242863848190184
0.019991732817797425
0.04953086849032773
0.05457134836948463
0.059599764847663494
0.06590396449321356
0.07263587308077202
0.07945604062774103
0.027093382764859064
0.02822473545139914
0.029477607395962613
0.030771024203475328
0.03139407859808718
0.03271081827326294
0.006411161052878089
0.009429466661325159
0.013633133594010194
0.019085474181918527
0.02574197947029111
0.03336485357976715
0.041674257949910865
0.04950452794523308
0.05708035718067883
0.009347745677750874
0.010189039382859422
0.010840420190334932
0.011441498843513198
0.01205459577358936
0.012528929786547405
0.012894761688391876
0.01340361531508838
0.01385957314678865
0.01000288729475085
0.010658618322795577
0.011298955890764573
0.01193384635300565
0.012544948014215906
0.013160426735546515
0.013775525576985803
0.014373377250857411
0.015003102867878537
0.015661827078065738
0.001114912264519985
0.0012370494552293998
0.0013726906578077624
0.001534853947584791
0.0017183502133428785
0.0019236581306434353
0.0021519989583868027
0.0024085997605536313
0.06946489311925563
0.07626751296022816
0.025326300380086986
0.0264675341171825
0.027860366072344767
0.0291720207941093
0.030476612942041847
0.12205795569396982
0.12940736696767519
0.13454535719648053
0.13877436447088187
0.08385226234174115
0.1355450284471832
0.08880225212986992
0.0009528332543125018
0.0011868063424884667
0.010250993551162657
0.0140819567905901
0.0192991281583772
0.026058508238482325
0.03391440978547511
0.043811582917564706
0.054642840993998965
0.0671374360461422
0.08067058494003354
0.010734631398435779
0.012151218483612558
0.013559084310277747
0.0150262584797356
0.016582467945715162
0.01814869082264181
0.019759714849555077
0.02149266770450653
0.02328757609741028
0.02521852050444373
0.011821777479100404
0.012141659884732925
0.0124592107095296
0.012801502094211825
0.013123535719316237
0.01343828914472478
0.013772387373405692
0.014121238409081194
0.014433108991934285
0.014882494736147334
0.015308679573689199
0.01570149566633916
0.0025866715168179066
0.002919268576988432
0.003288961557335268
0.0036725247885526224
0.05841892367235202
0.05956097410161543
0.0617537746758251
0.06340404939768607
0.06624410146806314
0.06886108296478965
0.07143465390089632
0.07476473484445223
0.0788049491513334
0.08277235785786197
0.08162700849542659
0.06382358145922429
0.05803145331755666
0.005820061814308275
0.0023839861325252176
0.0034259638734603914
0.004628133249650834
0.005974454593842271
0.03593005799820903
0.04502820064262947
0.054505079059329664
0.06314892389525162
0.07112518043554372
0.07864030354442153
0.08515083298416237
0.03548402081824631
0.01611674222868842
0.016249394405506767
0.016278774468114987
0.016127600900090355
0.016017112588804006
0.015530488037468482
0.015224726622214524
0.014895866407987457
0.014902091918635119
0.014831465350989337
0.01473822729594687
0.005413771766433206
0.005532129875450598
0.005653616928820715
0.005955444193136983
0.006293636935473357
0.00664756309969905
0.007138003474733812
0.007711085671060491
0.008365745537149083
0.009098533616795579
0.0099191704979823
0.004828197460752581
0.005295278761559552
0.0057856403547749125
0.006295029915240891
0.01508950334000947
0.06999357934153594
0.07691719436243705
0.08417433191132484
0.09168116069370535
0.09978911782085609
0.10786247573275043
0.06286553200011258
0.060322828164493525
0.06129279067151838
0.08396288376453775
