0.018669352462134414
0.020817047104755737
0.024735776078703253
0.031257510583041825
0.003563443945997946
0.004311200739878118
0.00525816294490955
0.006171386291321301
0.007893152595692121
0.010106750798767106
0.012937081064629652
0.016431833070882362
0.02064831621180374
0.025535494571621298
0.013847661475913209
0.014585647417570846
0.015275472372924148
0.015924498087375172
0.016399002710865584
0.016766238345286233
0.017037206473225153
0.01713404701919985
0.017299373897145864
0.01722065067978873
0.01719205853555439
0.01712763164260067
0.01686350171718698
0.016653343704409296
0.01639983356511232
0.016142561573596614
0.01596628306499759
0.015594892471499144
0.01542771046733682
0.01507116775451367
0.014835296781605223
0.014639492619750616
0.014595223337731111
0.014480283685830653
0.014420074689729279
0.13439147854302902
0.13103635340952735
0.12538974515550994
0.12098637996236927
0.11806990803168127
0.12487661121609439
0.12018309139124628
0.11510847004305402
0.15382658699814544
0.15005886433975069
0.1464164786247718
0.029867485623388812
0.02014151969755207
0.020245866757732767
0.029552517358501618
0.04615799032569756
0.0674689957878285
0.09054955351971938
0.11358823452140832
0.13424394246129845
0.15192951391010734
0.17369008156412047
0.16849792125214103
0.16030700239541318
0.06390976270378357
0.05728558835457365
0.05133845398049819
0.04624545366956001
0.042287359327137564
0.03956124587209309
0.06561159479706291
0.05253157586933521
0.04068352123430341
0.0309221674532556
0.022718092522159283
0.016836919781430204
0.01337457067798975
0.011566867469549269
0.012423486858769817
0.014553071463891065
0.01880438236229831
0.02465542529373832
0.031739975178155966
0.039997342434640926
0.04948651053372488
0.05863847520927434
0.06893861300806114
0.0791027305353651
0.08860466824794877
0.09824700234716699
0.16158690504401074
0.16445810938709848
0.166261057652482
0.1673613761448952
0.16770289810123462
0.16714381078853768
0.16610392935252216
0.16391113226831566
0.16190302281128233
0.1591052090416819
0.08551855990740498
0.010871082970323687
0.011420875643422312
0.012160233731795977
0.013570681613818136
0.0166740303159989
0.02200966636071411
0.03017764488882746
0.04157131446326401
0.05659298762472853
0.01393042517434362
0.014343475603362021
0.014398820478639718
0.014035955038984804
0.013445007136307474
0.012454900198829444
0.011296084748317226
0.00994266765536489
0.008912196845125009
0.008386357382078602
0.008623196143098144
0.009803375267710024
0.011985201506404808
0.015318036694082826
0.0198086082632013
0.02546909930133645
0.032235046466466355
0.040014767468854684
0.04870606013366974
0.05816341388670787
0.06824572556021691
0.07880375978040366
0.08968206496970954
0.10073076579220186
0.11179947656329903
0.12275178397900022
0.1334855200022328
0.05669999431465511
0.06177242522085269
0.06700838529218922
0.07239760358746028
0.07783172864792032
0.08338556913199702
0.19572170600810657
0.20227805002853882
0.2083039830603599
0.21370003405629667
0.11193768915606606
0.1176555949854875
0.12338863092831831
0.1290421423992716
0.04972728204066157
0.09431416358815192
0.04646298200396781
0.05031934697720597
0.039394656713695575
0.025766641710102345
0.014035217175664028
0.007359819821144975
0.0076143854176424774
0.015565705314451783
0.0305239049340007
0.0512758457896314
0.07525551825027466
0.10061546174924396
0.1243483276542281
0.14512281502054103
0.16122254631275657
0.17194705579062797
0.11130627490926459
0.09646851901227638
0.08266761057410432
0.06980934694308716
0.05850421361520941
0.04934744847661654
0.04210989202505311
0.03742314313160233
0.0349368458512167
0.03491890676332954
0.05426159499868777
0.04130258030580791
0.047287572716108395
0.05509383801723
0.06410659805797414
0.07415651639121024
0.0849563877949795
0.09626716484094322
0.10742009928938323
0.11920675621882904
0.13044271946054642
0.14132743137737858
0.1515707928639024
0.061374509128493626
0.1697771855632828
0.17685000495511327
0.1844758993142186
0.19035824380531607
0.19423611809041674
0.19905427234359951
0.2019828850906067
0.20219711486411795
0.18719909789397582
0.213398210419672
0.23533177087924895
0.1552652193349694
0.13629386580392877
0.1271725574351824
0.011792773127976774
0.014112403656952432
0.015216782280668029
0.01596594619995495
0.017017056625548865
0.02005326341364022
0.009420382221796308
0.01072918769766018
0.012617062123321032
0.015027912453396075
0.01768191537568098
0.11411159737101761
0.138111398695815
0.027583102355326683
0.030895861576205053
0.03327916895501404
0.03426718369668169
0.03304752013786516
0.030103587810757726
0.026164595109481104
0.022014545574079114
0.018217172527206893
0.015199228491178385
0.01337411637483188
0.012963220971093703
0.014155289983199149
0.016998047840367403
0.021575528774212982
0.027754672585505458
0.03550882305350178
0.044663266151274805
0.055066272835599506
0.06645069084532995
0.07867813039792126
0.08244708795862832
0.08170888328280257
0.08290800817710486
0.08613958128289145
0.09077589823237786
0.09691855764540191
0.10418770560836399
0.11257719089051277
0.12189165022796744
0.13153332532202078
