3330. 0.071502806122553
930.0 0.139847115595653
5560. 0.27593761933748256
2340. 0.2683640546027627
1110. 0.3458031717190696
480.0 0.3083210474544492
3960. 0.5187424009589946
600.0 0.17048159594880163
2280. 0.8995284765443097
2970. 0.7441893819625942
1680. 0.781450746213669
4320. 0.713253429574511
600.0 1.222073437751816
520.0 1.346437890277011
800.0 0.8419081049356594
880.0 1.2414969870032433
3960. 1.1401285349554127
4560. 2.0523890686262827
1760. 1.8820018996189796
1340. 1.6101928934270333
3660. 1.6530180212349705
1580. 1.5720651591242296
1460. 1.5622459293275615
720.0 1.7449714412499013
300.0 1.6396365346833297
780.0 1.7853987793248862
220.0 1.1151938287003467
1440. 1.984752973696575
920.0 2.167987441058906
2120. 2.029158149541947
1890. 2.357014087587656
3040. 2.0476868338041676
2340. 2.253504828256597
4960. 2.758011605858332
4020. 3.085676102772884
1980. 3.2194884812001496
880.0 2.5215373460409833
1470. 2.3006561529391605
4480. 3.5231956308272863
4170. 3.9309226304693357
4640. 3.3772375211326655
3720. 3.498476920299851
840.0 3.555742026897665
1410. 3.363808876203068
2120. 3.309388966308565
4860. 3.948929715478521
4860. 3.7672447999738305
560.0 4.065946596878442
400.0 3.8096806101439324
1920. 3.9700235621417748
2160. 3.9696132635573
520.0 1.8337402517892718
580.0 4.149072522407831
1620. 4.357163629038614
1590. 3.722723139007438
2440. 5.638096175802982
1920. 4.545857666986419
2280. 4.96227729333555
920.0 4.586636638351079
1100. 4.655170516730152
2680. 4.348861629713196
5600. 6.0938785537817495
1600. 6.180495031470473
5720. 5.67168418903084
620.0 5.110312798823868
2340. 5.601884402724055
4050. 6.645030164810314
4980. 7.080082752288272
4740. 6.838243955945158
2120. 5.206424954592023
920.0 5.709429368229302
1530. 5.3789252441268065
3920. 5.69323565692383
1720. 5.544051934072318
1530. 5.82555068459897
4400. 6.3145686058563255
2220. 8.355365401715774
3450. 7.544881113595309
2220. 6.857779653842711
2460. 6.828211514371675
860.0 7.806035605002062
2940. 8.128918996213027
3960. 7.763077633075486
3680. 7.602365546398181
1320. 7.876202503760578
5370. 9.648582826842727
4620. 9.384703450012639
4590. 9.30676591712778
4880. 8.65488745014193
1200. 8.291992571084702
840.0 8.529204280669024
4650. 10.161191909777887
5160. 10.275953626361005
4040. 9.407022810195649
1470. 10.203610813530812
760.0 10.179586078114935
3440. 10.152511954036719
740.0 10.10385793622086
4380. 10.365384017410761
900.0 10.21205239188648
5600. 10.499868601184772
400.0 8.3597212321875
560.0 10.58411637030266
200.0 10.73457682469051
720.0 7.389543692198954
260.0 9.2304231102998
330.0 6.550207097519895
200.0 7.9913556286035
1200. 10.837472198828797
300.0 10.606585004270265
420.0 11.897558416241406
1360. 10.345350787296363
1520. 11.084227784539253
1140. 13.267880127835607
420.0 11.475711718476937
500.0 12.805048983746282
1720. 10.889290961436002
2360. 13.555322181417207
200.0 7.378979085602914
260.0 8.312740869490959
200.0 7.249670102596458
1440. 11.062347550245969
220.0 8.367427198049247
1560. 14.672934753530324
620.0 13.547081398055337
1400. 9.81637875251947
1290. 13.882517431127289
700.0 15.437952270985114
720.0 15.510683748826084
2640. 14.66416438983602
1720. 11.753109433225145
2320. 14.669579119243084
600.0 14.680652463911972
860.0 17.765179195685906
1380. 14.649439617691558
820.0 17.004938921841017
1650. 16.56544712259698
560.0 14.507879924358813
3600. 17.88692571897247
160.0 10.258362681492093
300.0 12.600281663350966
920.0 18.964543381945795
4040. 19.79042108398226
980.0 19.213454873163997
1950. 17.96779273762716
820.0 18.261159389113676
480.0 14.755763820355144
500.0 14.87273855068726
1060. 19.99855089699667
4360. 21.611380710780985
2430. 21.08741984214943
1140. 21.354987863305134
3560. 19.05100909823561
1110. 16.71908476831269
2430. 21.74916645634049
4280. 21.645809639517605
3040. 18.903690662432254
3960. 22.231125837074288
1080. 22.79707230575511
2700. 23.761021992157772
1120. 23.05498246433652
2120. 18.045400504976893
5080. 24.68845392189784
4680. 23.378357690146004
1120. 22.94922418247304
840.0 21.264504500074565
2040. 19.77774030251276
2960. 21.397491678767636
2160. 19.85048189923404
4960. 24.892437655143738
3120. 27.04460066755664
2700. 25.632301179895574
1840. 20.268620271910667
3280. 22.824604945438782
990.0 21.426335525001164
1160. 26.51464464181119
2730. 26.862254179131835
2220. 25.253150892218308
2550. 26.13439663619122
1200. 27.663851637330552
720.0 24.35270529634242
960.0 25.87817567487354
2840. 23.891019046020126
580.0 23.07136601576311
900.0 26.075624869001174
2910. 28.37200973964635
3660. 30.39588834418716
2960. 24.91590532706077
3480. 31.16215633752197
1100. 28.22475526646079
4040. 27.530185417310307
5920. 30.047169421610608
4880. 29.442380953819544
4050. 32.359867705400006
3880. 27.44606354109609
1440. 27.533715541380044
1290. 26.9004693800886
4160. 29.207170569750136
1580. 31.89993970790834
1940. 33.662563301715
3180. 31.76613896806097
3440. 28.95457730095989
1580. 32.38982568540169
740.0 29.676470025019213
600.0 28.987919898552533
1300. 32.268025197161634
1580. 33.55515241130999
3040. 29.677235906736286
3360. 34.56669270216196
940.0 31.960333069616404
3200. 31.296603923889393
1260. 33.3961342403513
1560. 34.706242682087684
2160. 31.189328967641526
1760. 36.65633600272535
4040. 33.18535265741802
3210. 34.834326457669356
420.0 30.827001172326824
2040. 32.26073407794303
3120. 35.93575331241878
5340. 39.9415619085445
5340. 39.87778929485496
750.0 31.70078394072834
4650. 40.08217118791479
8480. 40.244055581176525
5220. 40.867519394227955
3060. 37.07515011563329
380.0 33.40990088056825
6760. 40.000422767526274
3880. 37.140542156144726
2880. 38.196185701320985
5200. 38.14413853768517
2520. 37.33135123549256
520.0 36.897960432347205
4040. 38.658329037988864
1400. 40.00883458253031
6160. 40.45885164585634
4800. 43.75892916613397
1560. 41.662246102298205
3440. 39.18114976296228
5760. 44.60180454279971
1300. 42.06867126238741
1680. 39.18027458384472
1720. 43.20048963427886
4280. 41.09041639304113
3900. 43.07558789441458
3180. 43.46210113899458
1280. 42.769640633399746
2580. 42.36716223668264
3040. 41.3036648366968
1320. 40.708192313728986
1240. 43.03489250178911
4760. 44.701960872464994
4800. 44.7235585482327
6600. 45.516259261088344
4440. 46.241470692536126
1280. 44.15758782323341
1260. 46.296013861743624
1260. 45.864049076318125
5080. 45.87476061623358
5000. 45.820505115000614
680.0 46.081838334661576
3400. 46.36086560783956
4650. 48.505965923491715
2520. 46.793499134329885
3630. 49.29857462810389
5250. 50.23182121814735
2610. 48.118469329058684
1760. 49.03268550167459
1120. 49.667639159527994
3870. 50.520250496174825
5640. 50.842219488286325
3840. 48.95938172304531
1680. 49.944969523752974
2970. 50.73321386327811
1600. 50.747685943013245
7520. 50.88804415637633
4200. 52.30261488046453
6030. 52.27240758252865
660.0 52.486409663884125
2520. 52.44293508819626
1340. 52.84998498911031
3150. 52.84123861346079
1860. 53.0833543511766
6840. 54.19536503769543
2580. 54.63909661082387
760.0 54.43644497532705
1160. 54.4278488315376
1180. 54.38603277839303
1880. 54.47108184468511
4110. 54.8463480063331
400.0 52.29797796131366
100.0 47.79025513907395
440.0 51.861238919454976
160.0 51.67909295320842
560.0 43.03455469834553
220.0 55.95897412153725
220.0 50.83718418706674
840.0 47.91758111350309
840.0 44.830191313424216
1040. 53.90476010515219
280.0 57.106824976130746
1040. 48.890229362618115
1160. 54.015846305754195
280.0 49.71009059233943
1200. 51.078400084113156
720.0 54.179755553868546
320.0 52.086913977566795
400.0 58.33482752213992
360.0 52.34674165688266
380.0 53.51483762409924
360.0 50.304131598436
1520. 52.30031063019062
1720. 57.36462421180326
1720. 52.016600966032954
440.0 52.643560273799665
1920. 55.75443095095409
2120. 59.615080717996136
1080. 54.66812822110188
2160. 60.38167615539985
2240. 63.06553262635119
1840. 53.19843986398674
1840. 53.09780615069427
1290. 63.61712614557061
560.0 62.34926810453543
540.0 59.651552233427815
1230. 57.47105456809289
1440. 61.942445131620794
580.0 56.44870187296156
580.0 56.53404067987435
620.0 60.944250650770734
1380. 60.242822344579565
2160. 54.383598611942546
2320. 57.458415955052615
560.0 55.74844342696707
680.0 65.96333542828042
700.0 66.50447943496172
2360. 57.817324683320365
720.0 66.82957640367545
2960. 67.6470868736213
2320. 56.325374108117884
1620. 66.25963744095716
2360. 56.89325404162599
2520. 59.51738114104363
1470. 62.68346300265375
620.0 59.76994794941819
2600. 61.80501626292606
2960. 68.02044550677726
720.0 66.1302689077702
680.0 64.46320085496245
640.0 60.204477275941485
660.0 61.29280552707853
3040. 67.1910424634918
3000. 66.47356006952991
760.0 67.113579276461
1740. 69.08002639719892
3440. 73.38930793844384
3360. 71.76527501504161
1590. 62.782733273558485
3440. 72.88538871974433
840.0 71.3870735624269
1590. 63.057003640968546
3040. 65.82082349465065
1830. 68.43676192242744
3520. 73.87866456170042
3440. 72.59221599723611
820.0 69.91197608274402
1890. 70.40947699217776
800.0 68.04207019867567
1890. 71.68875920924113
2070. 76.02117783919363
3640. 75.29755176096653
780.0 67.02550379469834
780.0 66.16273603011219
3480. 72.07024014364418
3520. 72.23776990628568
920.0 74.09631499937116
3880. 76.53103218552512
4040. 79.70932292043605
3600. 73.6602777920289
2160. 76.64941893362892
1040. 80.84772690305476
3680. 76.20249947869036
880.0 74.09395101020871
4040. 80.79697220692977
1980. 73.56679147804486
1860. 70.69560058813678
880.0 74.88414501901514
2400. 83.8291358231118
3440. 72.92035454576416
2370. 82.58560471654694
1890. 71.79541378118093
2010. 75.5914836328759
1000. 80.87740878358079
1000. 80.15013584864039
2460. 84.54924352419047
2490. 85.16227100196868
1000. 81.10521583410737
4240. 83.51298629845999
1000. 80.06538728030912
1020. 80.60187746917445
4320. 83.33186666592199
1080. 84.85566456456053
2460. 85.23969203986846
2280. 81.05795543271606
3840. 78.11309925518279
4240. 82.60962426879823
3720. 77.36846856906897
940.0 77.66218177294513
1140. 86.64050257243022
2370. 82.54700044264467
4480. 85.08944707182859
2640. 89.07502263517388
4800. 89.27792941451382
2310. 81.56239185678152
2580. 86.24753167804165
2250. 79.95689124114199
2580. 87.25761134249979
2640. 88.11051378828962
2280. 81.30949984858843
4960. 90.29669233862951
2880. 91.95452120913797
1160. 87.87416184584242
5200. 93.03902109104305
1220. 89.01583324610436
1340. 93.5361285397609
2730. 88.33317391294509
2670. 88.75894876350047
1260. 91.1378032802596
2880. 91.9151162987371
2730. 89.19568905322231
2580. 86.33589014744629
5680. 97.29231683532775
5280. 92.49831278919615
4640. 86.38748506738736
2850. 90.05315807860131
5280. 93.46128703972981
5840. 98.62241959071795
1280. 91.76397539302224
2940. 91.97846701832249
1500. 98.96838568163193
3240. 97.49939571886482
1540. 99.72434057719563
6080. 98.10846169591375
3060. 92.51894942302866
5960. 96.781454920403
1580. 100.65442494576455
3030. 91.43981453895195
3240. 93.33334260906655
1720. 102.17478416088764
1400. 91.6535047456013
6000. 96.27779421231753
3570. 97.40535820351485
1620. 96.76291423100244
6240. 94.68826233611367
6240. 96.6166580072014
5960. 94.31594906644692
1760. 102.06932205366878
4380. 104.67448900028157
1600. 94.81807446013582
6680. 97.70870104241214
3810. 98.21308769473474
3870. 98.14846965004776
3810. 97.36412844081764
7520. 103.64359775796868
1700. 97.9285607192296
4920. 109.88454243741873
4020. 99.19975083758061
1960. 101.84695789849178
1820. 99.59389050877111
4950. 108.38439034504393
4410. 102.5511142852024
5100. 108.04532908252109
2160. 105.62935983134543
2040. 104.86687808670045
4230. 101.11316103938637
4920. 105.30642774376531
5280. 108.67254352870862
4950. 104.14631523391054
6090. 115.37090733705705
5970. 114.2050771746278
5280. 107.69900012726673
5790. 111.8184899516325
5160. 104.69326560920445
5640. 111.19829925150695
6150. 110.99242760245119
5490. 105.42061868805398
6420. 111.76272482797535
6750. 110.2861806535735
8310. 108.31775087380684
