2280. 0.17044711490639555
5640. 0.33124651946193134
1040. 0.8758652072629145
1640. 0.8532993900114259
1220. 0.7754598082430092
3960. 1.8042206003578474
1470. 1.5195909230268678
2490. 1.8325291520337257
1080. 1.7525850997838741
1560. 2.0886852997070706
1240. 2.561247359484303
1920. 2.613788012786224
200.0 1.9754028868966607
6880. 4.074947209866124
4800. 3.783471312577384
2730. 3.431603163308168
5640. 3.4412539893339096
1320. 4.007748280666481
3900. 3.74165711728614
1040. 3.6824355537662385
1800. 4.599205045910728
1840. 4.493143876759637
300.0 3.2687156017987036
320.0 3.20850123123807
660.0 5.805441657575843
600.0 5.463794493248732
860.0 6.304661733767395
3360. 6.175053604138071
3000. 5.640328721155409
1620. 6.7717083207588376
1600. 5.570934023633938
1890. 7.075763627428353
1520. 5.464982450021227
1140. 7.781522746853284
1770. 8.080987860832845
2200. 7.3898553118666825
1380. 9.590966720541577
2400. 7.374380126773623
1280. 9.125529226856665
1950. 9.205628469155414
480.0 8.195566331992055
4480. 9.725606551293144
3210. 10.299263113186147
760.0 9.695518790555482
1680. 11.682931889205078
3040. 9.609651466151291
1820. 11.796670748135345
3750. 12.87688121720192
1440. 12.210110416382147
3780. 12.52843808040497
2640. 11.435493765967255
760.0 11.382784776964428
3280. 11.456579960582488
2010. 11.411890146620216
540.0 11.887075980429234
280.0 11.43835403306131
500.0 11.71416375191947
940.0 12.167854909746586
6480. 14.583801965038163
1720. 14.540072861692472
4800. 14.91835649198159
5910. 15.319063900973687
1770. 15.272732926197403
4680. 15.478224062917175
3570. 15.609060712370312
1380. 15.328232745387997
1000. 15.026276867304631
1200. 16.28474031353914
1800. 16.623361927876473
4560. 16.74576380508929
4590. 16.726122273902277
700.0 16.403107880716714
1470. 16.19676642691511
6330. 19.496944021996327
5910. 19.26115490983742
4500. 18.758150988276324
1980. 18.609457702569014
3760. 18.382051283881285
3720. 18.61841857213269
100.0 17.079315347789322
240.0 17.480279858777283
640.0 18.199701225793106
300.0 14.568358849843143
160.0 15.887677477635712
220.0 20.818493291322014
760.0 17.657842246665886
1040. 20.297198239868923
200.0 15.084859054955633
1320. 21.369815920496464
520.0 11.790718640441895
200.0 15.430101216555279
1080. 18.843789515314896
1440. 22.86173820162921
1480. 24.931515233350385
300.0 21.332488772826434
630.0 19.526644632219114
1440. 21.745016167324238
320.0 12.470600047708885
920.0 18.27880834519795
360.0 23.243356358935163
800.0 16.645292118610126
540.0 19.77810106712489
1920. 28.253369346778193
480.0 28.143970372959288
1040. 19.599687180480437
1720. 27.2740931871935
960.0 20.55122575904253
1140. 28.79751956163279
1680. 25.881694207555423
930.0 27.51650035324938
930.0 26.984000383784135
320.0 23.984004720587954
1160. 23.05951721056666
2120. 29.910355737088764
1290. 33.043391456456234
620.0 34.30003703637672
1320. 33.32619776762729
1200. 31.65270478718714
1140. 30.841362647742088
660.0 36.87487657301298
2520. 35.81746631124556
2640. 36.47693433460766
1080. 31.442305952722563
540.0 32.64078382360618
1500. 37.390069121110606
640.0 35.89202496126255
1320. 34.45767873196361
1720. 30.60961683301472
280.0 28.869775139862448
460.0 33.07424179423284
1140. 33.914461572396895
3240. 40.31093586925839
1530. 37.205983827612506
2720. 39.29315530039112
540.0 35.99810801426895
580.0 36.67045299976468
860.0 42.68909949877259
1470. 38.08399280502983
640.0 39.75655303096336
1720. 35.16486704749776
3360. 43.39169022892288
820.0 42.910475056643726
3440. 43.46865555903799
840.0 44.81455458044583
900.0 45.80075701713198
2720. 41.01437532298647
520.0 37.84028458544768
690.0 33.778289892045414
320.0 35.93690261211047
920.0 46.80457523870018
840.0 45.08610288169832
2010. 45.943686536955816
1470. 41.587811146654666
3840. 48.97990810263146
3280. 46.44766142656012
3760. 48.21423122920794
2960. 44.59520110996177
620.0 44.820288826755124
2760. 45.52428020726417
1440. 39.98011362831702
1860. 47.58243030282637
4040. 52.80903197846861
3640. 50.813757239825385
3240. 49.15222458661002
1740. 48.52366974997138
460.0 45.740109143911795
1410. 48.256984860408835
1100. 55.79540779084041
1560. 44.45763234145075
2320. 47.472164231988096
2580. 58.12180743506757
920.0 54.46885511427533
1120. 57.58195507401818
1500. 50.41455944432323
640.0 43.23496644254472
2670. 61.380727056156225
1080. 59.68333986731278
1060. 59.369015877674165
2070. 57.11335864235487
1680. 54.31262613632616
2010. 58.80900389899244
3040. 56.72274978884506
2310. 60.77705228792123
940.0 59.44585015177944
880.0 58.34350359182036
500.0 54.95280256622995
1720. 53.832469910262546
1590. 57.92330630891842
1840. 54.23987358376295
800.0 59.26698617038996
780.0 60.39168723415885
2580. 65.601921880693
1020. 63.5585069783692
2280. 63.400732212593574
4200. 66.27632451724489
3280. 62.63902331375121
1080. 66.25077751826316
2490. 66.59235268073081
4080. 67.25098516846327
3400. 64.82315125053493
1950. 65.02794938602955
3080. 63.53997981878438
900.0 66.89175237062932
1000. 68.24761464066468
3600. 66.8248641493181
900.0 66.753535544501
540.0 63.51607280091756
1320. 73.56950494424143
980.0 69.0757244440003
960.0 59.49965796093496
360.0 61.68379163430774
2250. 71.64491978826305
3210. 77.00142473119523
2880. 74.94068043890255
5400. 75.75012121100235
1020. 73.880717016665
2040. 72.43367869251833
760.0 70.59175918627078
680.0 69.50755977358492
3040. 70.43507867346383
2440. 70.6970111837152
2550. 76.98705309216642
3920. 74.78118615816132
3000. 72.03255336304436
3090. 80.82376188774981
2840. 72.97650473742266
4800. 78.35878906926513
1520. 71.44123165292802
200.0 69.29199608276434
3440. 76.660895324088
800.0 75.8842815506785
1200. 71.51158888849055
400.0 72.56432595795052
3120. 84.54375023160014
3840. 87.66556772406122
6320. 86.1607555887789
960.0 81.95681438250239
1590. 79.18171750230249
480.0 76.84640980358671
1680. 89.15177949829989
3040. 79.59349597303718
3520. 83.07089707217355
3060. 87.89290084939832
900.0 83.05522955851585
2640. 85.7218261390669
540.0 81.81281223191368
1460. 90.67428493622505
2790. 88.40811937503751
1160. 87.62833138990062
2190. 85.77389512394572
1710. 86.36173444812201
2520. 84.93189370194338
2730. 90.3242078958207
1200. 90.18012808381879
820.0 86.65308752865629
1440. 94.48735896717648
800.0 88.65001089168858
1500. 95.00118019901119
2560. 87.13269206052476
4560. 91.59876122869956
2070. 91.27573869175963
3300. 96.12363965087565
3880. 91.54769403139701
380.0 88.78329823269291
520.0 89.98151718375209
920.0 93.4351969692505
3360. 92.71224872445535
1220. 95.98077303138187
920.0 95.18382550319907
2550. 97.02081972560066
3690. 101.33429986688402
3060. 98.84999624016417
480.0 92.29150226986039
660.0 93.52404532172645
4720. 100.54774049813639
3880. 98.75279194516848
2310. 99.19399620956555
1260. 100.70530842894219
5720. 104.45983255015861
6000. 104.97169315868247
4050. 107.2424402531424
3760. 100.41871236170417
2070. 102.57958957239883
3800. 102.77768325218389
4640. 104.37531854324037
3300. 106.70546797527852
3440. 103.59707150445827
5550. 115.45366178315068
3640. 103.77070806401464
940.0 106.1823509072591
1640. 102.22011648846137
2310. 106.64003546154623
3180. 109.3211198556415
5550. 119.47713815769028
3440. 107.61470108804252
5880. 111.86541470072108
7200. 114.12115004213493
2820. 112.6152652753917
2280. 107.80496560032586
4080. 110.77087164195535
2580. 111.58814725410852
3480. 112.68120238985584
2100. 120.95490423642893
1000. 113.53945472828039
3280. 112.28436881477231
4160. 113.60984186727289
3810. 120.28020545003106
1680. 114.02064826967525
2760. 117.05747463908068
3180. 118.23021782972762
720.0 111.05684382235921
1280. 120.01147922829713
4440. 118.97106297238248
3640. 117.75555323975134
5010. 125.67140388660313
3680. 120.18048202916117
1680. 117.15149324076889
1230. 117.88876903917257
3270. 123.15737605196725
6900. 133.90382406035835
5370. 129.45638760795248
2970. 125.91652732367734
3280. 122.99047200812618
2560. 121.84227002354561
5160. 125.47757806432186
2820. 127.58293985865444
3000. 127.94185332509082
2460. 126.63010971672595
1380. 123.98197141811943
6750. 137.3881879945227
1620. 127.56793302790105
3240. 128.03656756822
3720. 128.6364524615918
1840. 133.2542336465294
1520. 127.24900745739785
1820. 134.72240364700244
1520. 133.08326521237996
440.0 127.91454896010963
7080. 143.19478614541327
7000. 136.14124213717574
4140. 136.3199821567702
2360. 133.4754138237309
1680. 134.20009623705042
1830. 134.48754115739308
780.0 134.3066575600849
1120. 131.97294099024563
2550. 139.12206363800493
3400. 137.77854776928774
4170. 142.29319406610523
5000. 139.51912139604553
1480. 140.53714704428845
5070. 145.80062551380124
6450. 148.51739012061765
4960. 141.12425429261367
1960. 140.19604038140645
1300. 143.72284330950106
520.0 140.26332486594112
4500. 146.47882486001532
660.0 142.28371177885822
440.0 141.2752672186902
1380. 141.92900631260284
4050. 149.7265315733057
4260. 149.82260696483308
3760. 145.91773598914764
4880. 146.99689300780426
2920. 147.79009867594908
4400. 149.16847709964838
4360. 149.07831787975445
1470. 147.39497961955155
3030. 151.7315576710963
5960. 152.0948525580121
3300. 152.00329548668117
620.0 150.1286303161593
500.0 149.6365679744079
4260. 158.05016544122148
4230. 157.77085693889717
3720. 156.64540687135298
2960. 153.83979056055168
3240. 155.7778143606385
4320. 160.45025201824535
1400. 158.97719948746183
2430. 158.06391549134742
2880. 158.55285941150674
3720. 159.4590486915566
1040. 160.22522907704072
2040. 158.82977644017402
1800. 162.1269026984702
2840. 159.30712316118536
3840. 165.5380632099897
1890. 163.23729108400016
3810. 165.34459896792305
4960. 164.16796255876747
4620. 166.1272709507737
4320. 167.7871866260361
4800. 168.24992764417772
1680. 167.1422058580639
980.0 165.8983763314149
2040. 168.5035222313897
720.0 167.99428294589683
3920. 168.3057140732633
6480. 169.51542915743005
5100. 174.23541866353696
3090. 172.05082698153853
4480. 171.49037421773622
2060. 173.22783529324934
440.0 172.55155514670764
1620. 173.0109596433736
1040. 173.56400147374228
2730. 173.7564533182093
6440. 176.93532837257766
3640. 175.56224827070452
3720. 176.66293001107886
800.0 178.6125921019594
1530. 178.33580634096518
1560. 178.35062727279168
1820. 179.6725006269661
6360. 179.34283103992098
6060. 184.0003545550816
4740. 183.27098002606436
5340. 183.1782881108872
5240. 182.00140176380438
1320. 185.7307980683061
3120. 185.18760415333782
5760. 185.7614672511338
1840. 186.066753598235
5130. 186.3599648015785
5940. 189.5345745509197
4400. 188.20061461796706
7530. 189.8044879508043
800.0 191.12684560238785
2320. 190.92027071457716
1980. 191.82396368898375
2840. 190.95346520916485
1320. 191.31312939650567
2480. 194.76207609421397
4020. 194.5210982482482
7709. 194.72231358235592
5880. 194.13326706119113
2040. 194.78924257919513
400.0 195.6034094926571
160.0 194.0679273624291
640.0 193.1413848113532
760.0 192.0757877951714
800.0 194.1053772358139
840.0 195.77219991181502
260.0 197.05822278583457
260.0 194.25983899163347
260.0 192.13949167393523
630.0 196.552149939288
1120. 193.6815103331988
1160. 197.00813429849998
300.0 198.93927236129525
320.0 196.40429021923111
320.0 195.10597379623255
780.0 195.05419724131252
360.0 197.21899347472848
360.0 194.96655739706122
380.0 197.04046542795354
1720. 197.4341387176061
1760. 199.76378277377972
440.0 199.25264738851706
460.0 196.3776534081053
480.0 199.4316417124988
1960. 198.6011982469621
520.0 200.69854921299213
2080. 200.56664212925747
2120. 202.75382941163429
1290. 200.3405495056327
580.0 201.652370537705
1320. 202.3929841692729
2360. 201.97401347290366
1380. 202.632011316387
1380. 203.7716117325537
620.0 205.09495664844007
2480. 203.15360952663298
2920. 201.30593363633636
3040. 206.915544060458
760.0 204.50437089355947
800.0 204.09672013109872
3240. 206.15300147776279
3320. 207.95234447788525
3360. 209.79848088376968
1890. 209.29827832591425
3280. 204.3789738192779
3360. 207.72310032175693
840.0 207.44057300710102
3480. 211.33021018146974
3440. 206.19777200403712
940.0 210.52341338680694
3720. 207.60118476085785
940.0 210.00289224988276
3720. 207.20559896135606
3840. 212.56649534494406
4000. 212.30742190701284
1000. 209.565834009606
4080. 210.93697131284932
1040. 210.65071308445533
2340. 210.01429403077734
1040. 209.38661272005254
4280. 213.7064621097611
1100. 215.04721957416604
4360. 211.4539238408108
1120. 213.46201697019092
4520. 214.52045998038494
1160. 215.738695449244
2730. 218.54669628386543
4800. 216.1797135629384
1220. 215.16162600165845
4920. 216.3395091480375
1220. 213.6706326275437
1220. 215.29762345120884
5000. 219.29194432024116
5120. 220.76559082359603
1300. 219.46964878720064
1280. 216.0650760540334
5200. 220.57850429532743
1320. 221.41499711944743
5280. 218.48118462428738
3000. 218.66154596340505
5400. 220.71574042616757
5480. 222.91794847777504
5760. 220.62645527963687
3330. 222.6609703289519
3360. 224.6703089572742
3300. 220.4603505520972
6080. 225.59006636853815
1520. 222.05309914223218
1580. 225.68637173656296
6280. 224.27269960668298
6400. 225.93053851890173
3690. 227.4969219011261
3720. 225.8954388385389
1640. 224.0569958796286
3750. 227.61281974128258
3810. 225.71297025601862
1720. 226.55108616606185
1740. 224.47954285358236
7080. 227.6924993045981
1840. 230.61200923580978
1820. 226.69553008391196
4170. 229.43877260299462
4410. 231.28143893992217
4410. 227.8112659915122
4500. 231.03127019437238
4770. 234.67746658970808
4830. 229.14659467187425
8840. 229.93172484425725
5100. 230.09943251097405
2320. 234.6778175055246
2400. 231.82007001539904
6270. 231.60310046460197
6330. 232.51416437926892
