2670. 0.900
280.0 0.998
500.0 1.0
3040. 0.673
2120. 1.0
5720. 1.0
6920. 0.494
1440. 0.908
420.0 1.0
900.0 1.0
640.0 1.0
840.0 1.0
1620. 0.625
4200. 0.998
3440. 1.0
2360. 1.0
280.0 0.915
840.0 1.0
280.0 1.0
2790. 0.573
5080. 0.763
3330. 1.0
3480. 1.0
1400. 1.0
2400. 0.653
6600. 0.789
1820. 1.0
1400. 0.990
1380. 0.903
3420. 1.0
1620. 1.0
1710. 1.0
3660. 0.954
150.0 0.982
300.0 0.994
840.0 1.0
360.0 1.0
360.0 1.0
2120. 0.677
1960. 1.0
960.0 1.0
2080. 1.0
2040. 0.631
560.0 1.0
620.0 1.0
1590. 1.0
1050. 1.0
1500. 0.730
540.0 0.866
2560. 1.0
620.0 1.0
1260. 1.0
2640. 0.440
540.0 1.0
2760. 1.0
2360. 1.0
1890. 0.623
1590. 0.803
2960. 1.0
1000. 1.0
3120. 1.0
4040. 0.528
880.0 1.0
3640. 1.0
2610. 1.0
700.0 0.912
1740. 0.705
2370. 1.0
3880. 1.0
1020. 1.0
3840. 0.479
3090. 1.0
900.0 1.0
2490. 1.0
840.0 1.0
2280. 0.730
3420. 0.776
1360. 1.0
4080. 1.0
1300. 1.0
2880. 0.408
1160. 1.0
4050. 1.0
2820. 1.0
4170. 1.0
6000. 0.393
3360. 1.0
4260. 1.0
4680. 1.0
6920. 0.395
4830. 1.0
6160. 1.0
3870. 1.0
3960. 0.720
5190. 1.0
4440. 1.0
2020. 1.0
