1320. 0.07216182589327663
1410. 0.08102099130714054
2490. 0.09576398714190731
1700. 0.07442570765714707
3040. 0.07821008199652957
4760. 0.08997664031737668
680.0 0.03847605398746434
1980. 0.06637866091647371
400.0 0.04931985012629714
2520. 0.3224556941183008
4080. 0.3381930704097229
450.0 0.7929992741798275
380.0 0.8294977193885842
1920. 0.8549793603510086
780.0 0.7544274584014952
3240. 0.9114594384957981
800.0 1.3478478646867433
1120. 1.4140804987787812
1600. 1.4851744618704648
1920. 1.1783125828548353
5000. 1.6963317478755209
1980. 1.520443740955821
940.0 1.6329040302418987
1200. 2.048131199889798
960.0 2.1976471176476315
380.0 1.878502687747873
1740. 2.2832161578863177
1040. 1.152712934985118
720.0 2.7162553240914393
3200. 2.7655939064065604
980.0 2.897391964018242
2120. 2.0190811318515083
1440. 2.970261325887145
1160. 3.518233706869582
1760. 3.8957421648527077
1800. 2.982749578234032
3760. 3.0879307410586048
2310. 3.127676509786758
2070. 3.8204624978811434
780.0 3.6955758397411724
880.0 3.765188464303133
2040. 3.6304830255627794
3060. 3.893866754088631
3080. 4.2848183310787045
960.0 4.350010479841867
4360. 4.41894017945706
4880. 4.431336687939382
3480. 5.388553684126498
5850. 5.606890707642669
3880. 5.048581314062567
5640. 4.838681955217561
800.0 5.009416324754073
760.0 4.09723602781251
600.0 4.757274635382739
760.0 3.51626741383291
1440. 5.552138840151292
1040. 4.100772127453331
390.0 2.9488012802754806
480.0 5.879485829058504
1880. 6.26599659691454
2040. 6.491072318396713
1320. 4.751175688055251
1680. 5.434340192956045
1880. 6.450300700628155
2520. 7.657740717064476
580.0 6.831570503203398
660.0 7.34691649369403
640.0 7.198235890487295
1840. 6.7134443901479885
540.0 7.178595207255973
400.0 6.056672610328342
560.0 6.25761376286155
1590. 6.911560160238629
1200. 5.8837186356155655
2560. 7.346161172440909
1440. 6.107488428606241
2040. 8.445811928777493
4200. 10.077160176742769
4680. 9.86531450074723
4120. 9.047978678405903
4840. 9.600835806756415
920.0 9.730912627095776
820.0 9.194777836040327
2240. 8.186557348653576
4440. 9.462190505172076
1040. 9.25347745409988
3960. 11.75975208117349
2790. 10.215870703507882
2760. 8.644487807334869
800.0 10.212548838003377
2040. 9.2603720111901
2880. 11.019230579461567
2910. 10.96531919855995
1620. 11.467221941416597
4680. 11.343572084980021
1460. 11.908785423993052
1140. 11.074898118572328
3570. 11.794252867345126
840.0 10.896288472081494
1580. 11.779145358476228
3870. 13.73924068546208
5600. 13.071716662665755
5190. 14.554224421586563
3450. 13.074335829174053
4530. 13.777938716481657
2640. 13.041306298068449
3480. 13.271480691523116
1220. 12.724615572171775
2160. 12.036537910575937
1720. 13.087106233624375
740.0 13.179837656533849
2550. 13.398930068347308
4200. 13.76393821778391
3720. 13.574525678684207
1420. 14.433891496473324
2880. 14.297148770068514
1980. 14.146789301149878
1180. 14.204555985694896
1880. 14.277561937298263
6440. 15.145753012668468
5100. 15.226322831344927
6210. 15.28153892779984
940.0 15.095334988539836
160.0 13.697586654242363
720.0 15.09011710509632
200.0 15.306157974916374
400.0 7.561264898347494
220.0 15.015622854261638
420.0 12.740782066265133
600.0 16.402058324081075
450.0 10.538379402264034
570.0 12.850575418452314
220.0 10.764356172930892
280.0 13.261259282469913
600.0 13.589043195352042
1520. 17.475801213826077
390.0 9.531111780763247
200.0 10.170417720289526
100.0 6.9534970974239805
300.0 13.85964250516964
420.0 18.7121632404307
840.0 11.284482964155616
420.0 10.450909333672712
990.0 18.117516220715963
930.0 16.63847982049974
2040. 20.37673805347794
1680. 17.42550265012845
1840. 18.410175695065526
1640. 16.627980899014922
1880. 19.526730910323582
960.0 13.16831914145044
1840. 18.984941700214282
580.0 21.843762233619756
460.0 18.67077942224115
440.0 10.153667963449767
600.0 21.267632505265357
340.0 14.909156645620099
1350. 22.919510397104528
2240. 21.695034831202474
720.0 15.63646884944419
1170. 19.897849130516462
640.0 22.331286486230788
2040. 20.50726158922258
1920. 19.767586013946847
360.0 17.338593329489175
640.0 22.90736233544701
600.0 21.91574514235112
220.0 14.543177951983019
3240. 26.176867766390764
1230. 21.193244533452354
2640. 23.236835666015928
320.0 17.171965782231865
720.0 17.95325334180276
1290. 22.48454238679622
2040. 21.34227367850694
260.0 17.251568320571035
280.0 17.528098121875217
360.0 18.831301361349066
3440. 28.332043144201208
3360. 27.57142763748478
3240. 26.823834230913217
780.0 26.320379475006618
640.0 25.090475719232693
800.0 27.395923348826297
780.0 20.259033040208323
300.0 19.41922247997326
3440. 27.600577233646188
2040. 23.687794495346736
600.0 24.877775365758836
780.0 27.27517076013065
620.0 24.930420933929756
1650. 26.401835346771346
540.0 23.84503701421323
1440. 26.1595887108229
3720. 30.029520556864647
900.0 29.367959158092738
3920. 30.2802730518953
360.0 22.31799986335622
3520. 30.041495955318616
2100. 30.66708786751625
4200. 31.459440090288485
2820. 33.84558783055568
1380. 27.31899372269446
1140. 33.433365019534165
2910. 35.05885785827155
2920. 28.53622093174902
2490. 32.65359412649105
450.0 22.83263264737784
4920. 35.6124190828168
3840. 32.47305513499419
2730. 35.22608334318992
2760. 35.25429940846105
5400. 37.28959327064136
1180. 35.29041491341418
2670. 35.34532119348435
1640. 28.278943409951125
540.0 26.481370378379147
1950. 32.839079866149795
960.0 33.78568648454443
2070. 33.37532471378119
3040. 32.86731650906545
620.0 31.43421210503088
1920. 33.7474560356809
4200. 35.58000072531564
420.0 27.232502027417418
2430. 37.41150325983567
660.0 33.262753364444244
2760. 38.7856357095977
1360. 39.97977913791922
4160. 36.55863330701675
5200. 39.92803003879774
1380. 40.3595672206386
3210. 40.762385040843895
2790. 39.077663424693206
4040. 36.68657688456959
440.0 32.9701591334762
1770. 35.76501923470375
1240. 39.37458203225444
1260. 39.21141157249396
6960. 43.77122992900134
3210. 41.171799061045796
1580. 42.27413411179938
1530. 36.94822966840741
520.0 35.7084570321485
3880. 39.09059376831449
1340. 41.85892412465644
940.0 38.76285412616241
1680. 45.84776921075662
740.0 38.78346548740317
4680. 41.975986372921405
3750. 45.59081849489916
3880. 40.25831692374866
2720. 39.33751962021063
3960. 46.945570156276816
1200. 42.88268630380405
3870. 46.18416043433113
780.0 37.620423474988996
1280. 43.77778462605126
640.0 39.47628447622034
3840. 42.90151637968188
1540. 46.73276135254215
3480. 46.36464811607608
1920. 48.52322178249315
820.0 42.671844888675736
320.0 39.456637266763984
1660. 47.639112519181325
760.0 42.10027395866971
5130. 52.696430352166
5520. 52.10294048498652
5040. 45.38880893914136
740.0 43.60227251070465
580.0 42.475601767127955
1280. 45.87900500832542
4290. 50.788321482941846
1580. 48.0326403695361
5250. 51.44176642171853
5940. 52.734933576497944
300.0 42.176511509512245
4280. 47.05383089907141
1220. 47.6381598490386
4620. 51.323344562212476
5560. 48.343227735898815
390.0 43.223414479351
1440. 46.28017573477749
3270. 49.67806634203977
4140. 50.90937217807914
3720. 51.65121456844154
6900. 56.89779619239367
3389. 50.41145449384429
100.0 45.182746798606075
2760. 49.151014573863165
4600. 50.858218957091665
4240. 50.49097810600606
6360. 57.103212609498605
3440. 51.36612812204847
1020. 51.88592011842162
3040. 50.89292861868928
1900. 54.730454056861376
1180. 52.05910662257007
3960. 55.59708521277923
2850. 53.940007310079494
2360. 51.72283603753335
4320. 53.206664643077964
3840. 54.010328818824426
4290. 56.65947134120111
6180. 58.86442351983663
700.0 54.828914103691105
3440. 55.23109899197215
2880. 54.82972735519332
1360. 56.55021497386045
2250. 55.55934969498393
260.0 53.81308724839696
1950. 56.87685877096442
2760. 56.36301805021776
2370. 57.026141377781514
2240. 59.732828966456495
4590. 61.26661571557775
4280. 58.201639280600475
5360. 58.60399428526348
800.0 58.945380629863934
660.0 58.53295784453784
980.0 58.984899522677495
3640. 58.83803882310711
7120. 62.73951523241842
6160. 62.0702110457561
4470. 62.34043141857441
5370. 62.79348493519535
2960. 62.63667287558933
1640. 63.72039156885788
3680. 62.64302893165821
1280. 63.15119666553869
2070. 62.58686477956499
1580. 65.09192647286187
2280. 64.30953637440498
1200. 64.52400530982517
1900. 65.16767273621684
680.0 63.751176281050974
1700. 66.75033470433075
3320. 65.84480265855012
1920. 66.85627315029424
3000. 66.23138809725263
2000. 66.67342823799643
620.0 66.74992774208337
1080. 66.60549141065368
380.0 66.4984512711207
3040. 66.71039182353461
4200. 70.12988546036094
3560. 69.39902066909117
1820. 69.63770435684866
4920. 69.39676901476312
6690. 69.21672614531454
240.0 68.36877840526974
600.0 65.1868802156484
200.0 68.84158135941017
760.0 65.24796101902287
840.0 64.39685060389839
840.0 63.48573442765544
960.0 66.84251427777552
260.0 70.51196408207103
260.0 67.62529859885821
1040. 68.35702801971655
600.0 68.87650362250439
600.0 68.50231592011298
300.0 70.69625620485365
1200. 66.79212538963264
690.0 66.05288639075049
1400. 69.45429132313996
340.0 66.31845636642878
340.0 65.79719042028209
360.0 68.90179778231044
1440. 68.42638183935246
400.0 73.1063446005712
1720. 73.00116307702073
420.0 70.85508091025869
990.0 73.27745809665055
420.0 69.66756632145669
480.0 74.13656484417389
480.0 73.42916425070226
1880. 70.84427114581504
460.0 69.42853234533221
1920. 72.5637231349981
1080. 69.40533245489023
2120. 75.37819438937076
1110. 69.81177627477973
1170. 72.8763547230499
520.0 72.28067801365626
540.0 72.0991915315107
2240. 73.7157699657252
2160. 70.78254217412255
580.0 75.1873596399673
580.0 74.06182984938732
2520. 77.79116819088144
640.0 77.85569156110728
1440. 76.58995736688757
640.0 75.39504382203305
2640. 75.69542516358027
2640. 75.51675107631402
2720. 77.07769256206238
2760. 79.290039507957
1410. 72.95294844970793
2520. 73.2262643097651
1530. 77.73995813925991
700.0 78.2149991680416
2760. 77.17896809766845
720.0 77.94563102090859
740.0 79.61507249575675
1710. 80.83274062960957
760.0 79.17319786097079
740.0 77.41957327837737
2920. 75.77580883534463
1770. 79.17384928546416
760.0 76.66462392169518
1680. 75.33916729591265
3400. 82.4411647503789
3280. 79.35312344954039
3480. 82.0974043744443
900.0 82.46779329113068
860.0 78.62270692955366
3680. 83.12322060122202
860.0 77.28796970127824
2040. 80.54762410722006
3760. 82.94088077232031
3760. 82.81244217280747
2070. 80.7426016936899
2070. 80.31032530676896
2100. 81.17098381502552
2190. 83.90426073496602
900.0 79.98710558727403
2280. 86.35193932278631
2100. 80.57205535309672
2130. 80.66897457748945
980.0 82.70548237942074
4040. 84.62161443475479
4080. 85.21074123861801
980.0 81.97542797903361
2280. 82.48753510886102
4160. 84.163577294529
1060. 83.99125815603341
4280. 83.5811010421923
2430. 82.84204186800811
1120. 84.46863962271244
1200. 89.9063185029533
2580. 86.61582575231344
2670. 88.53591013525701
2760. 89.53500829067526
4560. 84.04212673651455
4920. 87.87296786982525
4840. 86.64869359584563
1320. 91.978985074611
2760. 86.27968859836635
2910. 89.06138835342395
1320. 90.76904744642786
1260. 87.09004476455085
1280. 87.86629540174305
5600. 93.70397919966011
5080. 87.05959734489659
1400. 93.59943656274494
3060. 91.1513704382543
3060. 90.56229824792003
1420. 93.33829618142103
3150. 92.33619504016843
5800. 95.04012764042757
3389. 96.28384254136262
1500. 95.80733575753048
3300. 93.26003780490989
6280. 95.41320242450784
3270. 90.46205262711283
3660. 95.83811615668479
3480. 91.83589172755345
3900. 97.63206429471518
6760. 94.98631306037394
6400. 92.757523802906
3750. 95.1933272621317
7200. 94.71757066286179
4290. 98.18053421631328
1920. 97.930663714242
1880. 96.20260549300957
4620. 98.48798814508548
4620. 94.00834769953082
2100. 93.556486552556
5550. 99.117134964964
5220. 95.21469257394243
5550. 97.51381013722673
7140. 98.59348942690065
