200.0 1.0
5160. 0.638
1470. 0.984
1920. 0.812
1590. 0.915
480.0 0.989
3000. 0.623
4240. 1.0
1540. 1.0
480.0 0.941
780.0 1.0
1540. 1.0
1080. 0.687
3480. 0.898
1080. 1.0
4140. 1.0
6200. 0.573
980.0 0.968
1120. 0.464
340.0 1.0
1590. 1.0
1060. 1.0
4680. 1.0
990.0 0.612
2070. 0.917
1920. 1.0
2580. 1.0
920.0 0.425
1100. 1.0
3660. 1.0
4600. 0.518
2670. 1.0
2610. 1.0
3389. 1.0
3440. 0.566
2430. 1.0
2700. 1.0
220.0 0.845
1080. 0.909
300.0 1.0
480.0 1.0
480.0 1.0
1050. 0.865
780.0 0.998
1290. 1.0
1440. 1.0
580.0 1.0
2360. 0.518
1830. 1.0
4040. 1.0
980.0 1.0
3040. 0.585
1240. 1.0
4240. 1.0
1720. 1.0
2320. 0.488
3300. 1.0
3440. 1.0
1160. 1.0
2910. 1.0
2880. 0.388
720.0 1.0
2910. 1.0
6360. 1.0
720.0 0.990
1180. 1.0
3880. 0.544
5310. 1.0
4380. 1.0
3800. 1.0
2640. 0.464
1240. 1.0
3570. 1.0
5160. 1.0
2610. 1.0
4800. 0.301
2670. 1.0
5310. 1.0
700.0 0.775
2520. 0.774
800.0 1.0
3760. 1.0
2840. 1.0
1520. 0.764
4020. 0.821
6810. 0.487
4920. 1.0
5010. 1.0
780.0 0.985
980.0 1.0
840.0 1.0
6800. 0.360
3510. 1.0
2280. 1.0
2760. 0.742
1440. 1.0
1600. 1.0
2020. 1.0
1400. 0.527
2600. 1.0
3320. 1.0
3440. 1.0
