3680. 1.4
4290. 11.53
4290. 11.33
4290. 11.46
5720. 10.46
4290. 10.93
1080. 1.4
720.0 1.666
1080. 1.333
720.0 1.6
720.0 1.4
1100. 2.133
2200. 2.133
1100. 2.0
1650. 1.733
4860. 7.333
4860. 8.2
6480. 7.733
3020. 6.266
3020. 6.133
6040. 4.866
4530. 4.933
4500. 3.2
4500. 3.8
960.0 0.0
450.0 0.666
600.0 0.6
300.0 0.533
450.0 0.6
450.0 0.533
1600. 2.4
1200. 2.666
800.0 2.933
1200. 2.533
1200. 2.866
1320. 2.6
880.0 2.8
1320. 2.8
1760. 2.533
880.0 2.733
1120. 2.133
1120. 2.2
2240. 1.466
1680. 1.866
1120. 2.0
2070. 4.2
2760. 3.8
2760. 3.6
1380. 4.266
1380. 4.266
1290. 1.133
1290. 0.866
860.0 1.2
3320. 5.133
2490. 5.2
1660. 5.8
3320. 5.266
1200. 3.2
1200. 3.066
1200. 2.866
1800. 2.466
2850. 5.733
3800. 5.466
1900. 6.0
3800. 5.6
2070. 3.4
2760. 2.8
2070. 3.133
1380. 3.066
5120. 4.733
3840. 5.266
5120. 5.266
2560. 5.733
7400. 9.066
7400. 10.13
7400. 9.866
7400. 10.13
2560. 1.266
1280. 1.333
1280. 1.733
1280. 1.266
4770. 10.06
6360. 10.2
4770. 10.4
3180. 11.33
700.0 0.266
700.0 0.333
6800. 10.86
5100. 10.6
6800. 11.46
6800. 11.06
6760. 8.2
6760. 8.4
6760. 7.333
2460. 5.4
1640. 5.533
1640. 4.866
3280. 5.133
3280. 4.866
4740. 3.133
6320. 4.2
3320. 2.4
1660. 2.6
1660. 2.466
3320. 1.533
6990. 12.8
6990. 14.06
6990. 13.73
6990. 13.2
1560. 0.0
420.0 0.533
560.0 0.533
280.0 0.6
420.0 0.533
560.0 0.466
150.0 0.533
100.0 0.533
200.0 0.333
200.0 0.4
1400. 2.8
1050. 3.0
1400. 2.6
1050. 2.933
700.0 3.133
1240. 1.6
1240. 1.933
620.0 1.8
1240. 1.466
1320. 1.066
1760. 0.666
1320. 1.0
880.0 1.066
920.0 2.466
1840. 2.2
920.0 2.333
920.0 2.4
1840. 1.933
1720. 2.8
860.0 3.266
1720. 3.066
860.0 3.2
1720. 2.933
2000. 3.4
2000. 3.666
2000. 3.6
2000. 3.533
700.0 1.533
1050. 1.133
700.0 1.466
1400. 1.066
700.0 1.4
1080. 1.733
1440. 1.8
720.0 1.933
720.0 1.8
720.0 1.933
1920. 4.066
1280. 4.533
1280. 4.466
2560. 3.6
2560. 4.2
2160. 2.333
1080. 3.0
2160. 2.6
1080. 3.066
1100. 2.666
1100. 2.666
1100. 2.6
2200. 2.4
1650. 2.133
3040. 2.6
3040. 3.066
1520. 3.2
3040. 3.133
3040. 4.0
2280. 4.466
3040. 3.733
3040. 4.0
2400. 4.4
1800. 4.4
2400. 4.333
2400. 4.666
1620. 5.333
1620. 5.133
2430. 4.866
3240. 4.466
3240. 4.466
2790. 5.2
2790. 4.933
2790. 5.466
3720. 4.6
1320. 3.933
2640. 3.266
1320. 3.6
2640. 3.2
1320. 3.6
1320. 2.333
1980. 1.733
1320. 2.133
1320. 2.2
1420. 4.2
2840. 3.666
2840. 3.333
1420. 4.0
3680. 5.133
3680. 4.733
2760. 5.2
2760. 5.333
2970. 4.0
1980. 4.6
3960. 3.533
2970. 4.266
2080. 2.6
2080. 2.133
1560. 2.533
1040. 2.466
1040. 2.2
2580. 7.333
3440. 7.133
3440. 7.4
3440. 7.133
1400. 2.466
1400. 2.466
1400. 2.533
1400. 2.466
2800. 2.0
3000. 5.733
2000. 5.933
2000. 5.933
4000. 5.266
3000. 5.666
2280. 2.666
1520. 3.066
3040. 2.866
1200. 2.933
1200. 2.8
1200. 2.533
2400. 2.133
3760. 5.2
1880. 6.333
2820. 5.733
3760. 5.333
3240. 5.6
2430. 5.066
1620. 5.533
3240. 5.0
2430. 5.466
5000. 6.733
5000. 6.8
5000. 6.533
2370. 5.466
1580. 5.666
2370. 5.133
2370. 5.333
3160. 5.266
1780. 5.333
1780. 5.133
1780. 5.0
3560. 4.466
2670. 4.466
2040. 4.666
3060. 4.466
2040. 4.6
3060. 4.066
3060. 4.0
5280. 2.266
5280. 3.133
2520. 5.533
2520. 5.533
2520. 5.6
2520. 5.4
5040. 4.4
940.0 2.266
940.0 2.266
1880. 2.2
1880. 2.266
5480. 8.4
4110. 9.733
4110. 9.4
5480. 8.866
4110. 5.133
2740. 4.866
2740. 4.733
5480. 3.666
1920. 4.333
1280. 4.266
1280. 4.533
1280. 4.4
2560. 3.8
5680. 8.6
5680. 8.0
2840. 9.133
5680. 8.266
4320. 8.466
4320. 7.533
2160. 8.533
4320. 7.866
2160. 8.533
3680. 4.0
1840. 4.866
1840. 4.666
1840. 4.466
1840. 4.466
1280. 2.266
1280. 1.8
1280. 1.733
1280. 2.2
4140. 8.533
5520. 9.466
5520. 9.333
4140. 8.466
3400. 5.466
3400. 5.333
3400. 5.266
1700. 5.933
2670. 5.333
3560. 5.266
1780. 6.066
3560. 5.533
5680. 9.133
4260. 8.733
4260. 8.733
5680. 9.0
1720. 3.733
2580. 3.0
1720. 3.666
1720. 3.6
1720. 3.666
6680. 8.2
6680. 7.6
6680. 8.733
2500. 5.733
5000. 5.466
2500. 5.466
2500. 5.733
5000. 4.6
1040. 0.266
520.0 0.4
7720. 10.06
7720. 9.4
7720. 8.866
3960. 7.4
3960. 7.733
2640. 7.933
5280. 6.533
2640. 7.533
2600. 8.666
2600. 8.4
5200. 8.6
5200. 7.866
3900. 8.2
5480. 3.6
2740. 4.0
4110. 2.666
5190. 7.066
5190. 7.6
5190. 8.2
2960. 3.266
1480. 3.6
1480. 3.6
1480. 3.666
1480. 3.533
4050. 7.333
5400. 7.666
4050. 8.0
4050. 7.933
2700. 8.466
1720. 7.666
2580. 6.933
1720. 7.733
2580. 7.266
2580. 6.933
5960. 4.2
4470. 5.2
2980. 4.933
1860. 3.2
1860. 3.133
3720. 2.466
1860. 2.6
2940. 7.6
5880. 8.133
4410. 7.2
5880. 7.066
3480. 7.066
2320. 7.2
3480. 6.466
3480. 6.133
4640. 6.533
6540. 10.73
6540. 10.26
8720. 10.2
6540. 9.2
1380. 0.933
920.0 0.733
920.0 0.6
4080. 8.333
5440. 8.533
5440. 8.2
5440. 8.133
8440. 9.533
6330. 10.06
6330. 10.33
8440. 8.466
3480. 6.6
5220. 6.933
5220. 5.466
5220. 6.0
2040. 4.733
4080. 4.533
3060. 4.133
3060. 4.4
5960. 5.733
5960. 6.733
2980. 6.8
5960. 6.733
3780. 6.466
5040. 6.666
3780. 6.533
3780. 5.933
8880. 10.93
6660. 9.733
8880. 10.4
2400. 6.133
2400. 5.8
3600. 5.0
3600. 4.933
2400. 5.533
3660. 4.6
5490. 3.4
1640. 3.0
1640. 3.2
1640. 3.133
2460. 2.6
1640. 2.533
7920. 5.866
5940. 6.133
2550. 3.8
1700. 4.2
2550. 3.866
1700. 4.333
1420. 0.933
1420. 0.933
1420. 0.533
7680. 10.06
7680. 9.733
7680. 8.933
3000. 6.733
2000. 6.8
4000. 5.8
2000. 6.133
3000. 6.0
6680. 6.533
3340. 7.066
6680. 5.733
1400. 3.066
1400. 3.0
1400. 3.266
2100. 2.666
5790. 6.6
5790. 6.6
2010. 2.866
1340. 2.8
1340. 2.933
1340. 3.2
1340. 2.933
4500. 5.866
4500. 5.666
4500. 6.4
1040. 1.0
1040. 1.0
1040. 1.066
5400. 10.53
7200. 10.0
7200. 9.533
5400. 9.933
5130. 7.266
3420. 8.333
6840. 7.133
5130. 6.866
3800. 10.2
5700. 9.866
5700. 9.066
3800. 9.466
5700. 8.2
5000. 6.533
2500. 7.333
2500. 7.466
5000. 6.4
2500. 7.533
3690. 8.2
4920. 7.866
3690. 8.333
4920. 7.8
5190. 10.93
6920. 11.93
6920. 10.73
6920. 11.4
1160. 3.466
1160. 3.533
1160. 3.466
1160. 3.466
1740. 3.133
5400. 11.13
5400. 11.2
5400. 11.53
5400. 11.13
3660. 12.2
5490. 11.73
5490. 11.0
5490. 10.66
5490. 10.66
6570. 5.466
6570. 6.6
