1980. 0.876
460.0 0.999
1220. 0.972
4110. 0.782
4360. 0.755
2120. 0.950
800.0 0.943
1040. 1.0
1300. 1.0
2070. 0.832
620.0 0.719
5360. 1.0
3560. 1.0
3640. 0.783
220.0 0.660
660.0 0.784
2480. 1.0
720.0 1.0
2370. 0.481
4680. 0.712
4320. 1.0
5550. 1.0
6800. 1.0
1120. 0.972
1400. 0.586
2840. 1.0
2560. 1.0
2580. 1.0
3720. 0.676
1080. 1.0
1860. 1.0
1500. 1.0
3540. 1.0
1360. 0.544
3090. 0.765
5790. 1.0
5640. 1.0
5400. 0.526
4770. 0.745
3030. 1.0
4080. 1.0
560.0 0.841
1920. 1.0
1960. 1.0
1640. 1.0
600.0 0.585
2120. 0.753
2360. 1.0
2120. 1.0
2840. 0.503
1050. 1.0
1980. 1.0
2560. 1.0
4280. 0.779
2370. 1.0
880.0 1.0
4240. 1.0
4440. 0.598
1180. 1.0
2040. 1.0
1460. 1.0
700.0 0.988
1600. 1.0
4280. 0.529
3180. 1.0
4800. 1.0
3420. 1.0
5360. 0.381
1890. 1.0
6120. 1.0
4040. 1.0
1060. 0.501
3420. 0.863
2310. 1.0
4640. 1.0
820.0 0.606
1560. 0.741
1760. 1.0
880.0 1.0
3570. 1.0
3520. 0.533
5480. 1.0
3300. 1.0
6150. 1.0
1300. 0.831
1060. 0.781
3780. 1.0
4050. 1.0
1680. 1.0
4530. 0.493
