2840. 0.8
2560. 2.133
1920. 2.133
2200. 4.066
2200. 3.533
2200. 3.466
2200. 3.733
2200. 4.733
4400. 4.4
3300. 3.866
4400. 4.0
1220. 0.533
1220. 0.466
820.0 2.4
1640. 2.133
1640. 2.0
1230. 2.0
1230. 2.133
2320. 3.133
2320. 3.0
2320. 2.8
2320. 2.866
760.0 1.066
760.0 0.866
760.0 0.933
760.0 0.733
760.0 0.933
3360. 6.266
2240. 6.466
2240. 6.533
4480. 5.466
4480. 5.333
4500. 5.333
6000. 5.6
6000. 4.133
2460. 4.133
3690. 3.8
2460. 3.6
3690. 2.866
2460. 3.666
7650. 10.6
7650. 11.0
7650. 10.93
7650. 9.666
2520. 3.333
2520. 3.4
5040. 2.466
6450. 5.333
6450. 5.666
840.0 0.0
1900. 0.6
1900. 1.066
100.0 0.4
100.0 0.4
100.0 0.4
100.0 0.4
150.0 0.266
660.0 1.4
660.0 1.4
990.0 1.4
1320. 1.066
1320. 1.0
1140. 4.066
1140. 4.0
1520. 3.933
1520. 3.8
760.0 4.266
810.0 1.466
540.0 1.466
1080. 1.2
2360. 3.666
2360. 3.533
2360. 4.0
2360. 3.6
740.0 2.133
1110. 2.133
740.0 2.2
1480. 1.866
740.0 2.133
1080. 2.466
2160. 2.2
2160. 2.466
1080. 2.466
1080. 2.666
1740. 5.066
3480. 4.4
2610. 4.733
3480. 4.266
2610. 4.666
2160. 2.666
1080. 2.933
1620. 2.533
1080. 2.666
1620. 2.533
600.0 0.6
600.0 0.733
1200. 0.533
600.0 0.533
4080. 6.266
3060. 6.8
4080. 6.6
2040. 7.133
3060. 7.0
2970. 5.2
3960. 4.533
2970. 5.533
1980. 5.333
1180. 1.066
2360. 0.4
3680. 6.466
2760. 6.666
3680. 6.533
2760. 6.933
4960. 4.6
4960. 5.266
3720. 5.4
2480. 5.533
1680. 1.4
1120. 1.733
1120. 1.466
1680. 1.666
1120. 1.666
5680. 8.666
5680. 8.333
2840. 9.4
4260. 9.0
2840. 9.466
2480. 1.333
1240. 1.466
1240. 1.466
5880. 4.266
5880. 4.0
2940. 5.133
3900. 5.666
2600. 6.133
2600. 5.6
5200. 5.933
3900. 4.866
200.0 0.0
5160. 8.733
3870. 8.933
3870. 9.4
5160. 8.533
2670. 3.6
3560. 2.8
1780. 3.066
1780. 3.6
2670. 3.666
580.0 0.0
7600. 9.733
5700. 9.666
7600. 8.4
5700. 9.6
5520. 11.4
5520. 11.0
2760. 12.06
4140. 11.0
4140. 11.33
6480. 12.53
4860. 12.8
3240. 13.4
4860. 12.13
6480. 12.46
4410. 7.533
4410. 7.666
4410. 7.666
2180. 6.2
4360. 6.0
2180. 5.666
3270. 5.866
3270. 5.333
1300. 2.866
1300. 2.533
1950. 2.6
2600. 2.6
5010. 7.533
5010. 6.8
6680. 7.4
2180. 3.066
2180. 3.066
4360. 2.266
2180. 3.4
5250. 5.466
5250. 6.533
7000. 6.0
2420. 6.133
4840. 5.6
2420. 5.866
3630. 5.0
2420. 5.8
1360. 3.733
2720. 3.666
2040. 3.666
1360. 3.8
1360. 3.933
2670. 5.666
1780. 6.466
3560. 5.666
1780. 7.0
1500. 3.733
3000. 3.266
1500. 3.466
2250. 2.933
5160. 7.8
3870. 8.666
2580. 8.733
3870. 7.933
3870. 8.466
3900. 8.666
5850. 7.6
5850. 6.666
5850. 7.866
2520. 5.0
2520. 4.866
2520. 4.933
2520. 5.2
3780. 3.866
5820. 10.53
5820. 10.93
7760. 10.53
5820. 10.06
5820. 9.2
5820. 12.06
8730. 11.66
8730. 10.93
8730. 9.133
5010. 8.133
3340. 8.333
3340. 8.533
3340. 8.333
6680. 7.066
1230. 0.733
820.0 0.8
820.0 0.6
6480. 13.2
4860. 12.66
6480. 12.46
6480. 13.06
2340. 9.533
4680. 8.933
2340. 10.0
3510. 9.4
4680. 9.266
2460. 2.533
1640. 2.6
2460. 2.333
1160. 0.866
580.0 1.0
580.0 1.066
6060. 10.53
6060. 9.533
4040. 11.0
8080. 10.33
220.0 0.133
220.0 0.066
4620. 11.0
6160. 11.4
4620. 10.8
3080. 11.73
4620. 10.73
5700. 2.0
560.0 0.266
280.0 0.266
560.0 0.2
560.0 0.266
600.0 0.266
450.0 0.4
450.0 0.333
450.0 0.4
920.0 2.333
920.0 1.866
690.0 2.333
920.0 2.066
810.0 1.2
1080. 1.2
1080. 1.266
1080. 0.933
1000. 0.8
750.0 1.066
500.0 1.133
500.0 1.066
750.0 1.0
1170. 2.8
1170. 2.733
1560. 2.6
780.0 2.866
1560. 2.666
1600. 1.6
1600. 1.866
1600. 1.866
800.0 2.066
990.0 2.533
990.0 2.666
990.0 2.533
1320. 2.333
990.0 2.666
1640. 2.666
1640. 2.8
820.0 3.133
1640. 2.6
1640. 1.333
820.0 1.8
1230. 1.6
1640. 1.466
1880. 4.266
1880. 4.2
1880. 4.133
940.0 4.6
1050. 1.866
700.0 2.266
700.0 2.066
700.0 2.133
700.0 2.0
580.0 0.933
580.0 0.866
580.0 0.866
580.0 1.0
580.0 0.866
640.0 2.533
960.0 2.2
640.0 2.533
960.0 2.266
640.0 2.466
1980. 4.266
2640. 3.8
1320. 4.2
2640. 3.933
1320. 4.4
1280. 3.2
1920. 2.933
2560. 2.533
1920. 2.8
1280. 3.2
2010. 4.866
1340. 5.066
2680. 4.4
1340. 5.2
2680. 4.466
2840. 4.733
2130. 5.2
2840. 4.8
1420. 5.266
2960. 6.066
1480. 6.666
2220. 6.333
2960. 6.0
2220. 6.4
3120. 6.133
2340. 6.4
3120. 6.0
3120. 6.266
1830. 2.933
1830. 3.2
1830. 2.866
1220. 3.4
1830. 3.0
2580. 5.533
1720. 5.8
3440. 5.2
3440. 4.866
3160. 4.6
1580. 5.133
3160. 4.6
1580. 5.133
2370. 4.933
1700. 4.933
1700. 5.0
3400. 4.0
1700. 4.933
3400. 4.2
1580. 5.6
3160. 4.866
1580. 5.6
1580. 5.6
3160. 4.8
3840. 7.133
3840. 6.866
3840. 7.066
3840. 6.933
3960. 6.666
2970. 7.0
3960. 6.066
3960. 6.666
3640. 5.266
3640. 5.533
2730. 6.066
1820. 6.133
4240. 6.333
2120. 6.933
4240. 5.933
2120. 7.0
3180. 6.4
4360. 10.0
4360. 9.933
4360. 9.933
4360. 9.533
3120. 6.133
2080. 6.333
3120. 6.066
4160. 5.4
2080. 6.6
2120. 6.533
3180. 5.866
3180. 5.866
4240. 5.466
2120. 6.266
4440. 6.733
4440. 7.066
3330. 7.333
3330. 7.466
4280. 6.133
2140. 7.266
2140. 6.933
4280. 6.133
2140. 7.133
4480. 6.933
4480. 6.666
2240. 7.733
3360. 7.2
3360. 7.2
3240. 8.866
2160. 9.266
4320. 8.4
3240. 8.666
4320. 8.4
1580. 5.8
2370. 5.4
2370. 5.4
1580. 5.666
2370. 5.266
2440. 7.133
3660. 6.733
4880. 6.266
3660. 6.533
2440. 7.066
3660. 9.2
4880. 8.6
3660. 9.2
4880. 8.8
2550. 5.6
1700. 6.2
2550. 5.466
2550. 5.666
1700. 5.866
3000. 6.2
2000. 7.0
2000. 6.733
3000. 6.266
3000. 6.4
4140. 9.2
5520. 9.0
5520. 8.466
4140. 9.133
3960. 9.066
2640. 9.6
3960. 8.866
2640. 9.6
5280. 8.466
3600. 8.266
4800. 8.0
3600. 8.266
3600. 8.266
4920. 5.066
2460. 6.266
3690. 5.466
2460. 6.133
2460. 6.0
3180. 9.466
3180. 9.6
3180. 9.6
4240. 9.066
3180. 9.866
2010. 5.533
1340. 6.066
1340. 6.0
1340. 6.2
2010. 5.333
3360. 8.6
2240. 9.2
2240. 9.333
3360. 8.466
3360. 8.533
4470. 6.733
2980. 7.266
2980. 7.266
5960. 5.933
2980. 7.2
2820. 8.933
4230. 8.2
5640. 7.733
4230. 8.0
2820. 8.866
2540. 9.466
3810. 8.666
3810. 8.8
3810. 8.733
3810. 8.733
5460. 11.4
5460. 11.46
7280. 10.73
7280. 10.6
3870. 8.666
2580. 9.466
3870. 8.6
2580. 9.333
3870. 8.733
2780. 6.066
4170. 5.133
2780. 6.133
2780. 6.066
2780. 5.866
5790. 11.66
5790. 11.93
3860. 12.66
5790. 12.0
7720. 11.13
2540. 8.2
3810. 7.666
3810. 7.6
3810. 7.666
2540. 8.266
5760. 15.53
5760. 15.26
5760. 15.26
5760. 15.06
7680. 14.46
3280. 10.0
4920. 9.0
4920. 9.4
4920. 8.933
3280. 9.866
5160. 11.06
3440. 12.2
5160. 11.46
5160. 11.06
5160. 11.4
3200. 14.2
4800. 13.33
4800. 13.46
4800. 13.33
4800. 13.2
6780. 18.2
6780. 17.73
6780. 17.86
6780. 17.93
6780. 17.6
