2840. 70999
2120. 63999
1920. 63999
1040. 54999
2200. 54999
2000. 54999
1920. 54999
720.0 10999
2160. 10999
3300. 10999
3640. 10999
880.0 60999
1220. 60999
160.0 40999
800.0 40999
1160. 40999
1230. 40999
930.0 40999
1040. 57999
1200. 57999
2320. 57999
1960. 57999
220.0 37999
760.0 37999
420.0 37999
840.0 37999
420.0 37999
1530. 11199
1020. 11199
680.0 11199
4480. 11199
4320. 11199
2070. 14999
2080. 14999
6000. 14999
500.0 12299
1320. 12299
1180. 12299
3690. 12299
1080. 12299
5010. 25499
4020. 25499
4260. 25499
7650. 25499
1420. 12599
1380. 12599
5040. 12599
6450. 21499
5700. 21499
840.0 27999
1900. 94999
1260. 94999
100.0 49999
160.0 49999
160.0 49999
100.0 49999
540.0 49999
220.0 32999
280.0 32999
420.0 32999
1320. 32999
1520. 32999
990.0 37999
1140. 37999
1720. 37999
2120. 37999
300.0 37999
390.0 26999
540.0 26999
1520. 26999
2120. 58999
2360. 58999
1440. 58999
2440. 58999
500.0 36999
1200. 36999
640.0 36999
1480. 36999
740.0 36999
600.0 53999
2160. 53999
1440. 53999
840.0 53999
420.0 53999
520.0 86999
2760. 86999
1710. 86999
3480. 86999
1770. 86999
1640. 53999
600.0 53999
1620. 53999
760.0 53999
1560. 53999
600.0 29999
340.0 29999
1040. 29999
580.0 29999
4080. 10199
2070. 10199
3080. 10199
880.0 10199
1440. 10199
2130. 98999
3760. 98999
1230. 98999
1220. 98999
660.0 58999
2360. 58999
3880. 91999
2670. 91999
3680. 91999
1890. 91999
4960. 12399
2520. 12399
1830. 12399
1200. 12399
1290. 55999
480.0 55999
1120. 55999
870.0 55999
640.0 55999
4040. 14199
5680. 14199
1240. 14199
2670. 14199
1320. 14199
1920. 61999
1240. 61999
1120. 61999
4960. 14699
5880. 14699
1300. 14699
1770. 12999
820.0 12999
1440. 12999
1640. 12999
3900. 12999
200.0 99999
4280. 12899
3270. 12899
2040. 12899
5160. 12899
1110. 88999
3280. 88999
1780. 88999
860.0 88999
1140. 88999
580.0 28999
3960. 18999
3810. 18999
7600. 18999
3420. 18999
4280. 13799
5000. 13799
1580. 13799
4140. 13799
3570. 13799
4760. 16199
3360. 16199
1700. 16199
4860. 16199
5080. 16199
4410. 14699
4110. 14699
4050. 14699
1060. 10899
2280. 10899
1800. 10899
2070. 10899
3270. 10899
860.0 64999
1300. 64999
1890. 64999
1440. 64999
3270. 16699
5010. 16699
4160. 16699
1040. 10899
1160. 10899
4360. 10899
1020. 10899
5250. 17499
2580. 17499
4160. 17499
760.0 12099
2520. 12099
1160. 12099
3630. 12099
1380. 12099
1360. 67999
2360. 67999
1920. 67999
1440. 67999
940.0 67999
4200. 88999
1780. 88999
5360. 88999
740.0 88999
680.0 74999
3000. 74999
1440. 74999
2820. 74999
5160. 12899
1680. 12899
1480. 12899
3570. 12899
2280. 12899
1020. 19499
3389. 19499
5850. 19499
2880. 19499
1120. 12599
1200. 12599
1040. 12599
700.0 12599
3780. 12599
2730. 19399
1920. 19399
3800. 19399
3780. 19399
5820. 19399
1540. 29099
2580. 29099
4500. 29099
8730. 29099
2580. 16699
1360. 16699
1300. 16699
1780. 16699
6680. 16699
870.0 40999
700.0 40999
820.0 40999
4600. 16199
4860. 16199
6400. 16199
5160. 16199
1980. 11699
4680. 11699
1460. 11699
2730. 11699
3440. 11699
1980. 81999
1640. 81999
2430. 81999
800.0 28999
580.0 28999
540.0 28999
3960. 20199
6060. 20199
2080. 20199
5080. 20199
220.0 10999
320.0 10999
3780. 15399
4040. 15399
4470. 15399
1760. 15399
4620. 15399
5700. 18999
440.0 13999
160.0 13999
640.0 13999
560.0 13999
600.0 14999
330.0 14999
390.0 14999
420.0 14999
840.0 22999
920.0 22999
540.0 22999
1000. 22999
600.0 26999
920.0 26999
1080. 26999
1120. 26999
1000. 24999
630.0 24999
320.0 24999
300.0 24999
780.0 24999
780.0 38999
840.0 38999
1560. 38999
360.0 38999
1440. 38999
1600. 39999
1360. 39999
1440. 39999
360.0 39999
840.0 32999
870.0 32999
990.0 32999
1480. 32999
990.0 32999
1640. 40999
1720. 40999
420.0 40999
1600. 40999
1640. 40999
480.0 40999
1080. 40999
1720. 40999
1880. 46999
2000. 46999
1920. 46999
520.0 46999
1050. 34999
460.0 34999
520.0 34999
540.0 34999
560.0 34999
600.0 28999
580.0 28999
580.0 28999
620.0 28999
580.0 28999
640.0 31999
1380. 31999
580.0 31999
1290. 31999
560.0 31999
1290. 65999
2640. 65999
600.0 65999
2480. 65999
600.0 65999
640.0 63999
1380. 63999
2560. 63999
1590. 63999
700.0 63999
1380. 66999
680.0 66999
2680. 66999
660.0 66999
2720. 66999
2840. 70999
1560. 70999
2480. 70999
760.0 70999
2960. 73999
720.0 73999
1710. 73999
2960. 73999
1680. 73999
2800. 77999
1800. 77999
2880. 77999
2760. 77999
1860. 60999
1710. 60999
1830. 60999
720.0 60999
1800. 60999
1680. 85999
840.0 85999
2880. 85999
3440. 85999
3160. 78999
820.0 78999
3360. 78999
820.0 78999
1770. 78999
860.0 84999
940.0 84999
3400. 84999
800.0 84999
3560. 84999
940.0 78999
3160. 78999
880.0 78999
880.0 78999
3920. 78999
3440. 95999
3840. 95999
3680. 95999
3960. 95999
3560. 98999
1920. 98999
3960. 98999
3440. 98999
3640. 90999
3840. 90999
1950. 90999
1020. 90999
3560. 10599
880.0 10599
4240. 10599
900.0 10599
2340. 10599
4000. 10899
4240. 10899
4240. 10899
4360. 10899
2070. 10399
1020. 10399
2310. 10399
4160. 10399
980.0 10399
940.0 10599
2370. 10599
2490. 10599
4240. 10599
1100. 10599
4440. 11099
3760. 11099
2490. 11099
2280. 11099
4120. 10699
1040. 10699
1060. 10699
4280. 10699
1000. 10699
4080. 11199
4480. 11199
1020. 11199
2280. 11199
2280. 11199
2550. 10799
1100. 10799
4320. 10799
2640. 10799
4440. 10799
1220. 78999
2370. 78999
2370. 78999
1240. 78999
2580. 78999
1260. 12199
2430. 12199
5000. 12199
2850. 12199
1180. 12199
2670. 12199
4880. 12199
2580. 12199
5000. 12199
2550. 84999
1260. 84999
2820. 84999
2550. 84999
1280. 84999
3000. 99999
1140. 99999
1240. 99999
2850. 99999
2610. 99999
2910. 13799
4600. 13799
5520. 13799
2790. 13799
2910. 13199
1380. 13199
3180. 13199
1260. 13199
5280. 13199
2970. 11999
4800. 11999
3000. 11999
2970. 11999
4920. 12299
1240. 12299
3030. 12299
1260. 12299
1460. 12299
3180. 10599
3060. 10599
2850. 10599
5360. 10599
3180. 10599
2970. 66999
1360. 66999
1400. 66999
1340. 66999
3270. 66999
3360. 11199
1340. 11199
1440. 11199
3570. 11199
3389. 11199
3210. 14899
1460. 14899
1580. 14899
5960. 14899
1500. 14899
1380. 14099
3360. 14099
5840. 14099
3720. 14099
1420. 14099
1520. 12699
3810. 12699
3510. 12699
3750. 12699
3840. 12699
3540. 18199
3660. 18199
6560. 18199
7280. 18199
3900. 12899
1640. 12899
3870. 12899
1720. 12899
4020. 12899
1620. 13899
4170. 13899
1640. 13899
1620. 13899
1800. 13899
4260. 19299
4020. 19299
1940. 19299
3870. 19299
7720. 19299
1860. 12699
3810. 12699
3990. 12699
3900. 12699
2060. 12699
4110. 19199
4470. 19199
4080. 19199
4710. 19199
7680. 19199
1920. 16399
4860. 16399
4230. 16399
4920. 16399
2000. 16399
5160. 17199
2220. 17199
4890. 17199
5250. 17199
4410. 17199
2300. 15999
4800. 15999
4920. 15999
5160. 15999
5250. 15999
5340. 22599
6390. 22599
5850. 22599
6060. 22599
6779. 22599
