4470. 1.6
2910. 3.466
2910. 3.6
3880. 2.733
6150. 2.6
6960. 11.2
6960. 11.73
6960. 11.33
5220. 10.53
260.0 0.0
2280. 4.866
2280. 5.0
2280. 4.666
2280. 4.8
1520. 4.8
6320. 11.6
3160. 12.53
6320. 11.6
3160. 12.6
6320. 11.0
2240. 1.733
2240. 1.466
1680. 1.266
2800. 5.666
2100. 5.8
2100. 5.933
2100. 5.6
3280. 7.066
2460. 6.8
2460. 6.8
3280. 6.933
6150. 9.8
6150. 10.0
6150. 9.6
8200. 8.4
3800. 2.666
1900. 3.066
2850. 2.4
5160. 6.4
5160. 7.333
6880. 6.933
600.0 0.0
1320. 1.8
1980. 1.4
7800. 2.0
560.0 1.933
840.0 1.866
560.0 1.933
1120. 1.533
560.0 1.933
2280. 2.466
1710. 2.466
2280. 2.0
2280. 1.866
1460. 4.333
1460. 4.4
2190. 4.466
2190. 3.933
2190. 3.8
3120. 5.4
1560. 6.0
3120. 5.533
3120. 5.4
1560. 6.066
3280. 4.466
3280. 5.266
3280. 5.0
3280. 4.466
1440. 0.4
960.0 0.2
5160. 4.2
2580. 5.4
2580. 5.333
3870. 4.866
2760. 4.133
3680. 4.333
2760. 3.733
2760. 4.0
5120. 8.066
5120. 8.0
5120. 8.066
3840. 7.666
3330. 6.933
4440. 7.266
3330. 7.066
2200. 3.666
3300. 3.933
2200. 3.6
3300. 2.6
7080. 7.0
7080. 7.866
5310. 8.133
4170. 9.533
2780. 9.666
5560. 8.4
2780. 9.266
5560. 8.466
3060. 5.666
4080. 5.466
2040. 5.266
4080. 4.6
5490. 3.866
7320. 4.8
1680. 5.333
2520. 5.4
3360. 5.066
1680. 5.0
1680. 5.2
2280. 5.2
3420. 5.066
4560. 4.6
2280. 5.333
1360. 1.533
1360. 1.133
1360. 0.933
3540. 6.2
5310. 6.133
5310. 4.933
1080. 1.466
1080. 1.6
810.0 1.4
1080. 1.333
1050. 2.333
700.0 2.4
1400. 2.066
1400. 2.0
700.0 2.333
860.0 2.066
860.0 2.133
860.0 2.0
1720. 1.666
1290. 1.733
1920. 2.733
1920. 2.466
1440. 3.066
1440. 2.733
2160. 2.6
2160. 2.8
1080. 3.4
320.0 0.266
320.0 0.2
320.0 0.2
1920. 3.533
1920. 3.4
1280. 3.933
2560. 3.133
100.0 0.0
1920. 3.666
1280. 4.066
1920. 3.666
2560. 3.333
2560. 3.733
2920. 4.4
2920. 5.066
2920. 5.333
2920. 5.2
2760. 4.4
1380. 4.866
2070. 4.4
1380. 4.733
2070. 4.6
960.0 0.733
960.0 1.0
960.0 0.933
960.0 0.733
1110. 0.333
740.0 0.133
4240. 4.333
4240. 4.933
4240. 4.933
3180. 5.0
3200. 4.933
2400. 4.933
1600. 5.266
2400. 4.733
3200. 5.0
3960. 6.4
3960. 6.133
3960. 6.4
1980. 6.866
600.0 0.0
4280. 5.4
3210. 6.0
2140. 6.133
4280. 5.466
4640. 6.533
2320. 7.0
4640. 6.133
4640. 5.933
880.0 1.533
880.0 1.533
1320. 1.4
880.0 1.333
3960. 5.466
3960. 5.933
5280. 4.8
2640. 6.0
260.0 0.0
2660. 8.0
3990. 7.6
5320. 7.0
5320. 7.6
4280. 6.333
3210. 5.733
4280. 5.266
2140. 6.266
5280. 1.8
2520. 2.266
1260. 2.466
1260. 2.666
1260. 2.4
1260. 2.333
5920. 5.666
5920. 6.6
4440. 6.733
2960. 7.0
1500. 1.533
2250. 1.266
1500. 1.0
6080. 4.133
6080. 3.8
2310. 5.533
1540. 5.4
1540. 5.333
2310. 4.666
3080. 4.6
860.0 0.666
860.0 1.0
860.0 0.733
6400. 8.6
4800. 9.4
6400. 9.666
3200. 9.933
2370. 2.266
1580. 2.066
1580. 2.4
1580. 2.066
280.0 0.0
3210. 7.933
4280. 7.666
4280. 8.0
3210. 8.2
420.0 0.0
960.0 0.733
960.0 1.0
960.0 0.933
7120. 4.2
7120. 5.0
2130. 3.8
1420. 4.066
1420. 3.8
2130. 3.733
360.0 0.0
2440. 7.533
3660. 7.066
4880. 6.4
3660. 6.4
3720. 6.2
2790. 5.6
2790. 6.333
2790. 6.266
4760. 7.6
3570. 7.933
3570. 8.266
2380. 8.466
3570. 8.0
5160. 7.733
3870. 7.866
5160. 8.4
2580. 8.6
1800. 4.933
3600. 4.4
1800. 4.866
1800. 4.533
2700. 4.133
5040. 8.866
5040. 9.266
6720. 9.8
5040. 9.266
5400. 7.466
2700. 8.266
4050. 7.4
2700. 8.266
2700. 8.266
4110. 7.666
4110. 8.066
5480. 7.266
5480. 8.2
4770. 7.733
3180. 9.0
6360. 7.933
6360. 8.733
1640. 2.866
1640. 2.933
1640. 2.8
1640. 2.533
1640. 3.133
3960. 7.266
3960. 7.333
3960. 6.866
3960. 7.333
5940. 5.533
8760. 11.2
4380. 12.2
6570. 10.33
8760. 10.66
420.0 0.0
4110. 7.0
2740. 7.6
4110. 6.533
5480. 6.266
5700. 8.733
5700. 9.066
5700. 9.666
5700. 9.533
3440. 5.666
3440. 5.533
3440. 5.533
5160. 4.266
5040. 15.0
5040. 15.53
5040. 15.0
6720. 14.66
3260. 7.533
4890. 6.133
4890. 6.666
1160. 3.133
1160. 3.2
1160. 3.133
1160. 3.133
1740. 2.866
3760. 4.466
1880. 4.6
1880. 4.4
3760. 3.933
6510. 12.33
6510. 13.33
6510. 12.8
6510. 13.13
4710. 9.733
6280. 9.933
4710. 8.733
6280. 9.0
6360. 8.8
6360. 8.333
3180. 9.533
6360. 7.933
2670. 2.666
2670. 1.933
7360. 11.46
7360. 11.73
5520. 11.06
5520. 11.73
3570. 3.666
3570. 3.333
400.0 1.133
200.0 1.4
400.0 1.333
300.0 1.333
720.0 1.4
540.0 1.466
360.0 1.6
720.0 1.333
1040. 1.733
520.0 1.866
780.0 1.733
1040. 1.666
800.0 0.666
600.0 0.8
400.0 1.0
400.0 0.933
600.0 0.866
1600. 3.2
800.0 3.6
800.0 3.466
1600. 3.133
1600. 3.066
1760. 3.2
1760. 3.2
1760. 3.133
1760. 3.266
1080. 2.933
1080. 3.0
2160. 2.6
1080. 3.133
2160. 2.4
2160. 3.733
2160. 3.866
2160. 3.8
1620. 4.0
1280. 3.866
2560. 3.333
1280. 3.866
1280. 3.933
2560. 3.333
2760. 4.2
1380. 4.6
2760. 4.2
2070. 4.4
1380. 4.6
2720. 4.133
2040. 4.466
2040. 4.533
1360. 4.8
1360. 4.8
2220. 6.2
2220. 6.266
2960. 5.866
2960. 5.866
3040. 6.0
2280. 6.4
3040. 6.133
3040. 5.866
860.0 1.933
860.0 1.866
860.0 1.866
860.0 1.866
860.0 1.933
1740. 3.733
3480. 3.0
2610. 3.133
1740. 3.533
1740. 3.6
3880. 7.2
1940. 8.066
1940. 8.066
3880. 7.4
2910. 7.533
3030. 7.733
4040. 7.4
4040. 7.466
3030. 7.8
3150. 8.0
3150. 8.133
2100. 8.466
4200. 7.6
4200. 7.533
2100. 5.8
4200. 4.933
3150. 5.466
2100. 5.933
2100. 6.066
4240. 8.4
4240. 8.8
4240. 8.533
4240. 8.866
2140. 7.133
4280. 6.133
3210. 6.733
2140. 7.133
4280. 6.066
2670. 5.066
1780. 5.6
2670. 5.066
1780. 5.6
2670. 5.2
3450. 9.4
4600. 8.933
2300. 9.733
4600. 8.8
3450. 9.466
2760. 7.0
2760. 6.933
2760. 6.866
1840. 7.4
2760. 7.0
4960. 7.533
3720. 8.066
4960. 7.666
2480. 8.666
2480. 8.4
5360. 7.8
4020. 8.4
2680. 8.866
4020. 8.4
2680. 8.933
2800. 8.333
2800. 8.333
4200. 7.8
5600. 7.066
2800. 8.266
3060. 8.4
3060. 8.466
3060. 8.4
2040. 9.066
3060. 8.4
2320. 9.466
3480. 8.866
3480. 9.0
2320. 9.466
3480. 8.866
3260. 11.6
4890. 11.2
4890. 11.26
6520. 10.2
4890. 11.06
5250. 13.0
7000. 12.2
5250. 13.0
5250. 12.86
3500. 13.4
7000. 14.13
5250. 15.06
5250. 15.13
5250. 15.06
5250. 15.0
7400. 10.33
5550. 11.13
3700. 11.8
5550. 11.06
3700. 11.8
5460. 14.13
5460. 14.0
5460. 14.2
7280. 13.6
5460. 14.13
5760. 16.73
7680. 16.0
5760. 16.6
5760. 16.53
5760. 16.4
5730. 16.8
5730. 16.8
5730. 16.53
5730. 16.53
5730. 16.53
5940. 7.133
5940. 6.866
