1480. 73999
160.0 32999
660.0 32999
1120. 55999
600.0 29999
4280. 10699
2820. 10699
630.0 74999
630.0 74999
2320. 74999
3000. 74999
3760. 16699
760.0 16699
6680. 16699
540.0 40999
320.0 40999
660.0 40999
1640. 40999
1290. 40999
360.0 17999
2280. 11999
3600. 11999
4840. 11999
3440. 11999
1040. 11999
3750. 20499
6150. 20499
560.0 27999
2560. 12199
2550. 12199
4480. 12199
3660. 12199
3240. 10799
600.0 20999
200.0 20999
840.0 20999
990.0 20999
1140. 20999
1290. 70999
2840. 70999
1200. 70999
1920. 70999
1590. 52999
2120. 52999
640.0 52999
800.0 52999
320.0 15999
4760. 11899
3640. 11899
1400. 11899
3680. 11899
840.0 14899
2880. 14899
1080. 14899
1920. 14899
4470. 14899
3840. 12799
4880. 12799
4020. 12799
3840. 12799
1160. 12799
1240. 10199
2240. 10199
4080. 10199
2120. 10199
5040. 16799
4500. 16799
3150. 16799
520.0 93999
1220. 93999
1280. 93999
1140. 93999
1880. 93999
2610. 12199
1660. 12199
4880. 12199
6390. 21299
6150. 21299
1200. 75999
440.0 75999
1000. 75999
2280. 75999
5490. 21499
1760. 21499
6450. 21499
6540. 21499
5490. 21499
160.0 79999
160.0 79999
160.0 79999
480.0 79999
300.0 79999
1080. 26999
600.0 26999
640.0 26999
1240. 26999
320.0 28999
1160. 28999
260.0 28999
320.0 28999
400.0 28999
800.0 22999
750.0 22999
460.0 22999
460.0 22999
1440. 22999
360.0 52999
1380. 52999
2120. 52999
360.0 52999
2520. 52999
1590. 77999
3120. 77999
1290. 77999
2520. 77999
520.0 51999
2080. 51999
360.0 51999
360.0 51999
600.0 51999
2640. 73999
2960. 73999
1710. 73999
300.0 14999
440.0 10999
3440. 85999
1920. 85999
280.0 13999
300.0 14999
480.0 23999
3320. 77999
1830. 77999
660.0 77999
840.0 25999
1040. 25999
3440. 10099
4040. 10099
4240. 10099
1350. 10099
2720. 67999
1680. 67999
1320. 67999
2240. 67999
4600. 11499
4760. 11499
1830. 11499
2760. 11499
5240. 13099
1260. 13099
3440. 13099
3120. 13099
1890. 13099
2280. 10899
1470. 10899
2790. 10899
2430. 10899
4360. 10899
5880. 14999
6000. 14999
4000. 14999
5080. 14999
3840. 12699
3810. 12699
2520. 12699
3420. 12699
6920. 17299
5600. 17299
4480. 17299
3750. 17299
1880. 70999
2130. 70999
3900. 15099
5160. 15099
6040. 15099
4260. 15099
2320. 10199
1060. 10199
3760. 10199
4080. 10199
4140. 17699
4020. 17699
1340. 17699
5310. 17699
1720. 17699
3150. 13399
1940. 13399
1240. 13399
5360. 13399
5280. 13399
4050. 17599
3000. 17599
1920. 17599
7040. 17599
2040. 99999
3720. 99999
1300. 99999
2000. 99999
5250. 17199
5160. 17199
1500. 11699
1200. 11699
2240. 11699
4680. 11699
4040. 11699
4280. 13099
1760. 13099
3040. 13099
5240. 13099
840.0 16699
1740. 16699
5010. 16699
4320. 16699
5490. 16299
4890. 16299
5400. 16299
220.0 10999
400.0 88999
1590. 88999
3560. 88999
5160. 14399
4320. 14399
1760. 14399
4840. 14399
2640. 13199
5280. 13199
1220. 13199
4440. 13199
2920. 15399
1000. 15399
1340. 15399
4620. 15399
4620. 15399
2580. 85999
3360. 85999
1470. 85999
1800. 85999
440.0 21999
1460. 97999
860.0 97999
1380. 97999
1960. 97999
2760. 97999
2580. 16699
5010. 16699
1500. 16699
5080. 16699
2430. 16699
2520. 11699
2340. 11699
1560. 11699
3960. 11699
4520. 11699
4160. 20099
4800. 20099
6030. 20099
600.0 14999
200.0 14999
420.0 14999
720.0 14999
160.0 14999
390.0 23999
720.0 23999
960.0 23999
220.0 23999
260.0 23999
260.0 27999
1120. 27999
320.0 27999
630.0 27999
320.0 27999
280.0 13999
280.0 16999
810.0 16999
300.0 16999
340.0 16999
900.0 16999
320.0 15999
400.0 33999
1320. 33999
320.0 33999
1020. 33999
1520. 33999
750.0 45999
1720. 45999
1840. 45999
340.0 45999
1560. 33999
440.0 33999
360.0 33999
1140. 33999
420.0 33999
2120. 52999
1720. 52999
1080. 52999
1960. 52999
1760. 51999
2120. 51999
2160. 51999
2080. 51999
1960. 26999
520.0 26999
540.0 26999
1920. 26999
2120. 26999
2120. 52999
580.0 52999
600.0 52999
2080. 52999
580.0 52999
1320. 53999
2160. 53999
2320. 53999
580.0 53999
2280. 66999
2680. 66999
2440. 66999
1290. 66999
620.0 52999
1350. 52999
2120. 52999
1380. 52999
560.0 52999
2640. 69999
2800. 69999
740.0 69999
780.0 69999
1590. 69999
1470. 58999
1440. 58999
1770. 58999
680.0 58999
2720. 58999
1590. 68999
1770. 68999
1860. 68999
1620. 68999
2760. 68999
1620. 53999
740.0 53999
740.0 53999
860.0 53999
1590. 53999
1620. 78999
3160. 78999
2760. 78999
720.0 78999
2760. 75999
3440. 75999
720.0 75999
940.0 75999
780.0 75999
3440. 91999
1560. 91999
3680. 91999
3680. 91999
960.0 42999
860.0 42999
920.0 42999
780.0 42999
860.0 42999
1890. 72999
820.0 72999
2920. 72999
840.0 72999
980.0 72999
2190. 10199
3560. 10199
1740. 10199
920.0 10199
4080. 10199
1890. 92999
900.0 92999
800.0 92999
3240. 92999
3720. 92999
840.0 96999
2430. 96999
3640. 96999
1000. 96999
3880. 96999
2460. 10199
900.0 10199
3520. 10199
2250. 10199
4080. 10199
3400. 10099
2130. 10099
900.0 10099
2610. 10099
4040. 10099
2430. 51999
1950. 51999
1040. 51999
980.0 51999
1100. 51999
4440. 11499
4520. 11499
3000. 11499
2670. 11499
3030. 10999
2970. 10999
1220. 10999
1300. 10999
4400. 10999
1340. 10699
1060. 10699
2460. 10699
1380. 10699
3210. 10699
4040. 13899
1400. 13899
5560. 13899
3240. 13899
1320. 13899
1120. 13399
1200. 13399
2820. 13399
5360. 13399
1300. 13399
4720. 14899
2670. 14899
5960. 14899
3120. 14899
2910. 12899
5160. 12899
2910. 12899
4880. 12899
1520. 12899
3120. 11599
3480. 11599
3360. 11599
3090. 11599
1540. 11599
4880. 16199
6480. 16199
3510. 16199
5160. 16199
1280. 13699
4020. 13699
4110. 13699
4260. 13699
1540. 13699
1340. 14499
1920. 14499
4110. 14499
3240. 14499
4350. 14499
1720. 15299
1820. 15299
3810. 15299
4590. 15299
3570. 15299
5720. 14299
4590. 14299
1720. 14299
1700. 14299
1540. 14299
1820. 15399
4140. 15399
4860. 15399
1840. 15399
4620. 15399
1720. 15699
1780. 15699
3960. 15699
4710. 15699
1600. 15699
2220. 17399
3960. 17399
5220. 17399
4590. 17399
3990. 17399
1920. 17899
4170. 17899
4290. 17899
2280. 17899
5370. 17899
5400. 21199
4980. 21199
5490. 21199
6360. 21199
5729. 21199
6480. 21599
5460. 21599
4800. 21599
6840. 21599
5010. 21599
6060. 20999
6300. 20999
6030. 20999
