3680. 91999
1980. 14299
2610. 14299
2610. 14299
5720. 14299
3600. 14299
1170. 35999
320.0 35999
1320. 35999
720.0 35999
780.0 35999
960.0 54999
1040. 54999
1100. 54999
1980. 54999
4860. 16199
2580. 16199
4200. 16199
900.0 15099
1220. 15099
5000. 15099
4530. 15099
4500. 14999
2970. 14999
960.0 47999
240.0 14999
440.0 14999
300.0 14999
570.0 14999
810.0 14999
1600. 39999
840.0 39999
280.0 39999
1140. 39999
420.0 39999
1320. 43999
580.0 43999
600.0 43999
1720. 43999
620.0 43999
200.0 55999
400.0 55999
2240. 55999
1260. 55999
580.0 55999
1020. 68999
2320. 68999
2760. 68999
820.0 68999
520.0 68999
870.0 42999
1290. 42999
420.0 42999
3240. 82999
2490. 82999
940.0 82999
3040. 82999
520.0 59999
840.0 59999
1200. 59999
2700. 59999
2280. 94999
3800. 94999
1360. 94999
3440. 94999
780.0 68999
2120. 68999
1290. 68999
1380. 68999
5120. 12799
2490. 12799
3440. 12799
1200. 12799
7400. 18499
3880. 18499
4760. 18499
3720. 18499
1840. 63999
940.0 63999
280.0 63999
1280. 63999
4770. 15899
5680. 15899
3930. 15899
1820. 15899
620.0 34999
700.0 34999
4840. 16999
5100. 16999
4080. 16999
4560. 16999
4560. 16899
4040. 16899
6760. 16899
1080. 81999
820.0 81999
1640. 81999
2360. 81999
2920. 81999
4740. 15799
2760. 15799
1400. 82999
520.0 82999
780.0 82999
3320. 82999
6990. 23299
3870. 23299
4980. 23299
6000. 23299
1560. 77999
90.00 13999
560.0 13999
100.0 13999
390.0 13999
600.0 13999
150.0 49999
100.0 49999
600.0 49999
720.0 49999
880.0 34999
570.0 34999
1400. 34999
780.0 34999
200.0 34999
1360. 30999
640.0 30999
400.0 30999
1400. 30999
660.0 43999
1480. 43999
480.0 43999
320.0 43999
220.0 45999
1040. 45999
480.0 45999
260.0 45999
1840. 45999
1960. 42999
420.0 42999
1000. 42999
520.0 42999
1480. 42999
2000. 49999
1720. 49999
2000. 49999
2120. 49999
220.0 34999
1140. 34999
380.0 34999
1720. 34999
420.0 34999
1080. 35999
1000. 35999
460.0 35999
600.0 35999
520.0 35999
1440. 63999
440.0 63999
480.0 63999
2560. 63999
1200. 63999
2280. 53999
420.0 53999
2160. 53999
380.0 53999
300.0 54999
300.0 54999
520.0 54999
1440. 54999
1650. 54999
3160. 75999
1320. 75999
800.0 75999
1440. 75999
1720. 75999
570.0 75999
3040. 75999
2360. 75999
2400. 59999
1770. 59999
2120. 59999
1440. 59999
380.0 80999
680.0 80999
1710. 80999
3240. 80999
3040. 80999
1620. 92999
2040. 92999
1110. 92999
3720. 92999
340.0 65999
2000. 65999
960.0 65999
2640. 65999
720.0 65999
640.0 65999
1860. 65999
880.0 65999
960.0 65999
400.0 70999
1720. 70999
2840. 70999
640.0 70999
3040. 91999
3680. 91999
2220. 91999
1830. 91999
2220. 98999
700.0 98999
3960. 98999
1440. 98999
760.0 51999
1920. 51999
480.0 51999
520.0 51999
1040. 51999
2400. 85999
3440. 85999
2760. 85999
3160. 85999
880.0 69999
1000. 69999
900.0 69999
1000. 69999
2800. 69999
1980. 99999
1020. 99999
1140. 99999
4000. 99999
2400. 99999
2280. 75999
1100. 75999
2560. 75999
420.0 59999
500.0 59999
1200. 59999
2760. 59999
3760. 93999
760.0 93999
2220. 93999
3480. 93999
1520. 80999
2430. 80999
1280. 80999
2640. 80999
1620. 80999
5160. 12499
5000. 12499
5280. 12499
1440. 78999
900.0 78999
2370. 78999
1950. 78999
2360. 78999
400.0 88999
880.0 88999
1200. 88999
3560. 88999
2640. 88999
1160. 10199
1830. 10199
1200. 10199
2730. 10199
3060. 10199
5280. 13199
2840. 13199
1100. 12599
1100. 12599
1000. 12599
1420. 12599
5040. 12599
820.0 46999
940.0 46999
1720. 46999
1040. 46999
5480. 13699
1770. 13699
2880. 13699
4760. 13699
870.0 13699
1340. 13699
1420. 13699
5480. 13699
1620. 63999
1240. 63999
720.0 63999
1280. 63999
3560. 63999
4040. 14199
5680. 14199
1400. 14199
5040. 14199
2080. 10799
4240. 10799
1440. 10799
4320. 10799
1440. 10799
3680. 91999
780.0 91999
1440. 91999
1740. 91999
1560. 91999
700.0 63999
1280. 63999
1440. 63999
860.0 63999
3960. 13799
2280. 13799
2680. 13799
4140. 13799
3040. 84999
3680. 84999
3320. 84999
940.0 84999
2670. 88999
3120. 88999
960.0 88999
2320. 88999
4480. 14199
4260. 14199
4080. 14199
4760. 14199
680.0 85999
2580. 85999
960.0 85999
880.0 85999
900.0 85999
5080. 16699
6680. 16699
3160. 16699
1180. 12499
2320. 12499
1580. 12499
1300. 12499
5000. 12499
1040. 25999
460.0 25999
3640. 19299
6080. 19299
7720. 19299
2280. 13199
1620. 13199
1200. 13199
5360. 13199
1560. 13199
1720. 12999
1940. 12999
2720. 12999
5200. 12999
3180. 12999
2440. 13699
980.0 13699
4110. 13699
5190. 17299
4710. 17299
2730. 17299
2760. 73999
1480. 73999
1600. 73999
1200. 73999
1280. 73999
4050. 13499
3960. 13499
2730. 13499
2670. 13499
1280. 13499
1720. 85999
3330. 85999
1320. 85999
2850. 85999
3330. 85999
5960. 14899
2580. 14899
2360. 14899
540.0 92999
760.0 92999
3040. 92999
1860. 92999
2400. 14699
2680. 14699
4410. 14699
5480. 14699
1380. 11599
840.0 11599
3180. 11599
3480. 11599
2920. 11599
2910. 21799
4050. 21799
5160. 21799
6540. 21799
900.0 45999
720.0 45999
920.0 45999
4080. 13599
3680. 13599
4480. 13599
5680. 13599
4440. 21099
2640. 21099
1830. 21099
8440. 21099
1720. 17399
1560. 17399
5220. 17399
3660. 17399
1140. 10199
2640. 10199
3060. 10199
2280. 10199
5960. 14899
2800. 14899
1840. 14899
3040. 14899
2850. 12599
2320. 12599
2610. 12599
3780. 12599
4240. 22199
6660. 22199
6200. 22199
700.0 11999
1140. 11999
3600. 11999
3360. 11999
1540. 11999
2400. 18299
5490. 18299
1060. 81999
520.0 81999
680.0 81999
2400. 81999
1640. 81999
7920. 19799
5640. 19799
2550. 84999
980.0 84999
2310. 84999
780.0 84999
460.0 70999
760.0 70999
1420. 70999
4600. 19199
5560. 19199
7680. 19199
1290. 99999
1000. 99999
3960. 99999
2000. 99999
3300. 99999
4320. 16699
1320. 16699
6680. 16699
1400. 69999
1440. 69999
1100. 69999
2910. 69999
5790. 19299
6030. 19299
1680. 66999
1340. 66999
1080. 66999
620.0 66999
1260. 66999
4050. 14999
4500. 14999
2850. 14999
1040. 51999
1040. 51999
1060. 51999
3870. 17999
5760. 17999
7200. 17999
4860. 17999
4050. 17099
1220. 17099
5600. 17099
5130. 17099
660.0 18999
2100. 18999
3840. 18999
2180. 18999
5700. 18999
4400. 12499
1400. 12499
1080. 12499
5000. 12499
1100. 12499
2910. 12299
4440. 12299
2310. 12299
4920. 12299
5190. 17299
3320. 17299
6360. 17299
4760. 17299
1380. 57999
1160. 57999
1200. 57999
1320. 57999
2280. 57999
5130. 17999
5400. 17999
4110. 17999
4920. 17999
1360. 18299
3270. 18299
4650. 18299
5490. 18299
5490. 18299
6570. 21899
4290. 21899
