2580. 1.2
2100. 0.4
340.0 0.0
7400. 2.4
320.0 0.0
3480. 1.2
6000. 2.8
3600. 4.866
1800. 5.133
3600. 4.466
3600. 3.933
4170. 7.4
2780. 7.666
5560. 7.466
4170. 7.2
4170. 6.666
6800. 9.4
5100. 10.6
6800. 9.333
5100. 10.26
5370. 7.933
7160. 7.133
5370. 6.8
1290. 2.133
1720. 2.2
1720. 1.8
1720. 1.666
1380. 4.933
2760. 4.466
1380. 4.8
2760. 4.0
2070. 4.266
4240. 6.266
4240. 6.733
4240. 6.8
4240. 7.2
1420. 2.8
2840. 2.266
1420. 2.2
1420. 2.4
1420. 2.4
3020. 5.933
4530. 5.933
4530. 5.2
420.0 0.0
720.0 1.0
1080. 0.866
7280. 9.466
7280. 9.133
7280. 8.133
1920. 5.0
2880. 4.733
1920. 5.2
3840. 4.266
5460. 3.533
3640. 4.666
5520. 7.333
2760. 7.4
2760. 7.066
5520. 6.2
810.0 1.0
540.0 1.2
4170. 4.533
4170. 4.2
400.0 0.6
200.0 0.733
400.0 0.533
400.0 0.533
630.0 1.733
630.0 1.733
420.0 1.866
630.0 1.666
630.0 1.533
200.0 0.0
1720. 1.6
1720. 2.0
1290. 2.2
1290. 2.4
2120. 4.8
2120. 4.333
2120. 4.2
2120. 4.666
1280. 4.8
2560. 4.333
2560. 4.133
1280. 5.066
2560. 4.533
1710. 4.0
2280. 4.0
1710. 3.933
1710. 4.066
3320. 3.533
3320. 3.533
1660. 4.266
1660. 4.266
3360. 3.866
2240. 3.6
2240. 4.0
2240. 3.6
4480. 2.666
3720. 4.266
2790. 5.0
2790. 4.866
3720. 4.466
1590. 2.4
2120. 2.0
1590. 2.4
1590. 2.0
2480. 2.6
1240. 2.466
1240. 2.466
1240. 2.866
1240. 2.533
4840. 4.266
3630. 4.8
2420. 5.133
3280. 3.266
1640. 3.6
1640. 3.066
1640. 2.8
2460. 2.8
4880. 8.066
4880. 7.333
4880. 7.333
3660. 7.266
2480. 5.533
2480. 5.4
2480. 4.8
4960. 3.866
3210. 8.666
2140. 9.333
4280. 8.533
3210. 8.666
4280. 8.466
2580. 9.266
2580. 9.266
5160. 8.333
3870. 8.866
3870. 8.6
2100. 3.666
2100. 3.666
2100. 3.666
2100. 3.4
4200. 2.8
4080. 7.866
4080. 7.933
6120. 7.0
6120. 5.8
5940. 6.866
5940. 7.733
7920. 8.133
8000. 9.4
4000. 9.866
6000. 10.13
6000. 9.066
6000. 8.066
3640. 14.2
5460. 12.73
7280. 13.8
5460. 12.93
7280. 13.13
1830. 1.466
1220. 1.933
6330. 10.66
6330. 10.86
6330. 11.26
1500. 1.866
2250. 2.066
1500. 2.133
1500. 2.533
8000. 6.6
6000. 7.133
2240. 1.0
570.0 0.333
760.0 0.333
380.0 0.333
380.0 0.333
760.0 0.266
450.0 0.933
450.0 0.933
300.0 1.0
600.0 0.733
600.0 0.933
740.0 1.466
1480. 0.933
1480. 1.266
740.0 1.333
1480. 1.333
1840. 1.533
920.0 1.666
1380. 1.733
1840. 1.2
920.0 1.666
920.0 1.733
1840. 1.733
1380. 1.733
1840. 1.4
920.0 1.8
1000. 2.733
2000. 2.0
2000. 2.466
2000. 2.6
1000. 1.533
750.0 1.6
500.0 1.466
500.0 1.6
1000. 1.4
1200. 2.6
2400. 1.866
1200. 2.4
1200. 2.6
2400. 2.466
300.0 0.0
1470. 3.8
1960. 3.8
1960. 3.8
1960. 3.8
980.0 3.333
1960. 3.0
980.0 3.333
1470. 3.066
1470. 3.066
1720. 3.666
1720. 3.6
860.0 3.933
1290. 3.6
860.0 4.0
1560. 5.0
3120. 4.733
3120. 3.933
1560. 4.733
3120. 4.533
2160. 2.866
1620. 3.0
1080. 3.333
1080. 3.6
1080. 3.266
800.0 3.8
800.0 4.0
800.0 3.733
1600. 3.466
1600. 3.333
2960. 3.6
2960. 4.0
1480. 4.466
2220. 3.933
2920. 3.266
1460. 3.666
1460. 3.666
2920. 2.8
1360. 2.933
2720. 2.4
2040. 2.6
2040. 2.266
3800. 4.2
1900. 4.866
3800. 4.533
3800. 3.6
2400. 3.2
1200. 3.466
2400. 3.333
1200. 3.666
1800. 3.133
2250. 6.666
3000. 5.933
3000. 6.0
3000. 6.6
2520. 3.133
1260. 3.6
2520. 3.066
1260. 3.533
1260. 3.866
3120. 5.8
3120. 5.933
2340. 6.0
2340. 6.266
260.0 0.0
4520. 7.733
2260. 8.133
4520. 7.333
4520. 7.4
200.0 0.0
2280. 3.133
2280. 2.933
1520. 3.533
1520. 3.4
280.0 0.0
3570. 6.866
4760. 6.0
4760. 6.933
3570. 6.266
2380. 6.4
2380. 6.133
4760. 5.466
4760. 5.2
4800. 5.933
2400. 6.866
4800. 5.533
4800. 6.466
3180. 5.266
4240. 4.733
2120. 5.133
4240. 4.466
4360. 7.666
2180. 8.466
3270. 7.733
4360. 7.533
5480. 7.133
4110. 6.666
5480. 5.866
4110. 6.933
3990. 8.333
5320. 7.666
5320. 8.0
3990. 8.4
2020. 8.333
3030. 7.866
4040. 7.8
4040. 7.6
4040. 5.666
4040. 5.933
4040. 5.866
4040. 5.933
620.0 0.0
6200. 11.4
4650. 12.26
4650. 11.93
4650. 12.06
4650. 12.2
4320. 5.4
4320. 5.2
3240. 5.666
2160. 6.133
3160. 4.466
1580. 4.733
1580. 4.866
1580. 4.866
1580. 4.733
2920. 4.933
2190. 5.133
2920. 4.666
1460. 5.466
7480. 14.06
7480. 14.33
7480. 14.66
7480. 15.13
2340. 7.133
2340. 7.533
3510. 6.466
4680. 6.866
2340. 7.066
3240. 4.133
3240. 4.6
3240. 4.266
1620. 4.6
5130. 12.66
5130. 12.2
6840. 11.6
5130. 11.93
4880. 8.066
4880. 8.066
4880. 7.533
4880. 8.133
6520. 9.2
6520. 9.333
6520. 9.533
6520. 8.733
930.0 0.2
6800. 12.4
6800. 12.2
5100. 11.73
6800. 11.26
6200. 10.93
6200. 10.66
6200. 10.33
4650. 10.86
3990. 7.933
5320. 7.8
3990. 7.8
3990. 7.466
4880. 9.866
2440. 10.86
3660. 10.06
3660. 10.06
2440. 10.06
2960. 12.0
4440. 10.93
5920. 11.6
5920. 10.66
4440. 10.93
3690. 9.4
3690. 9.4
3690. 9.866
4920. 9.333
3660. 8.4
3660. 8.266
7320. 7.6
5490. 6.4
5490. 7.2
1280. 2.733
1920. 2.466
1280. 2.533
6120. 10.06
6120. 10.33
8160. 11.26
2300. 8.333
2300. 8.0
4600. 7.133
4600. 7.733
3450. 7.6
6000. 11.0
4500. 11.2
6000. 10.33
4500. 10.46
4620. 10.2
4620. 10.33
3080. 10.93
4620. 10.13
4620. 9.666
5400. 5.4
7200. 6.2
5400. 6.533
1060. 2.733
1590. 2.466
1060. 2.8
1060. 2.8
5520. 15.33
7360. 16.06
5520. 15.93
5520. 15.26
5520. 15.33
3420. 8.866
6840. 8.2
5130. 8.266
3420. 8.866
6840. 7.533
9760. 11.8
9760. 12.06
7320. 10.93
7320. 12.4
5370. 14.86
5370. 15.2
5370. 14.8
7160. 14.53
1840. 4.333
3680. 3.8
3680. 3.8
4530. 8.2
4530. 7.733
4530. 8.0
3020. 8.866
3900. 10.53
5850. 9.466
7800. 9.333
5850. 8.666
5310. 10.06
5310. 8.8
5310. 9.733
5310. 9.0
3500. 10.0
5250. 9.266
7000. 8.8
5250. 8.333
3500. 9.733
6600. 12.0
4950. 12.06
4950. 12.06
6600. 12.46
5850. 10.8
5850. 11.4
5850. 10.8
5850. 11.2
3260. 6.6
3260. 6.4
4890. 5.533
3260. 6.4
3260. 6.4
7770. 7.333
7770. 6.266
