2840. 70999
2120. 91999
3680. 91999
2520. 78999
860.0 78999
1580. 78999
1680. 78999
1280. 78999
5070. 16899
400.0 89999
2120. 89999
2080. 89999
700.0 89999
3600. 89999
1480. 14499
3000. 14499
5240. 14499
4350. 14499
5640. 14499
5000. 17499
7000. 17499
2370. 17499
4160. 17499
1800. 76999
620.0 76999
2310. 76999
1480. 76999
3040. 76999
720.0 31999
640.0 31999
280.0 31999
1280. 31999
420.0 31999
1410. 46999
1290. 46999
1290. 46999
1410. 46999
930.0 46999
2240. 66999
2360. 66999
2960. 66999
820.0 66999
680.0 66999
3640. 90999
3640. 90999
3240. 90999
800.0 90999
260.0 12999
2640. 85999
2040. 85999
2580. 85999
1920. 85999
780.0 62999
1260. 62999
1500. 62999
1020. 62999
2430. 13899
5560. 13899
990.0 31999
640.0 31999
640.0 31999
1040. 31999
3600. 14299
2130. 14299
1860. 14299
4290. 14299
4240. 14299
660.0 10899
1700. 10899
4360. 10899
2680. 10899
3600. 10899
5040. 14099
1140. 14099
4230. 14099
4320. 14099
3520. 14099
2640. 17699
680.0 17699
5310. 17699
7080. 17699
2320. 82999
1360. 82999
2490. 82999
2910. 82999
6870. 22899
3330. 22899
3720. 22899
1740. 23799
940.0 23799
6520. 23799
3810. 23799
7140. 23799
1260. 62999
5920. 14799
120.0 10999
240.0 10999
240.0 10999
450.0 10999
330.0 10999
1040. 25999
540.0 25999
260.0 25999
840.0 25999
380.0 25999
260.0 42999
260.0 42999
1720. 42999
400.0 42999
360.0 42999
540.0 17999
330.0 25999
750.0 25999
520.0 25999
1920. 47999
1840. 47999
1440. 47999
1920. 47999
1920. 66999
1290. 66999
640.0 66999
560.0 66999
2680. 66999
2200. 54999
440.0 54999
2120. 54999
2120. 54999
2040. 53999
500.0 53999
560.0 53999
2160. 53999
520.0 53999
1040. 63999
930.0 63999
760.0 63999
780.0 63999
2560. 63999
840.0 62999
1380. 62999
1590. 62999
480.0 62999
2520. 62999
2320. 78999
3040. 78999
3160. 78999
1980. 78999
580.0 89999
620.0 89999
960.0 89999
1230. 89999
3600. 89999
160.0 79999
800.0 63999
1590. 63999
3760. 63999
2010. 63999
820.0 63999
2320. 11199
2760. 11199
2130. 11199
4480. 11199
1100. 98999
2280. 98999
3960. 98999
1100. 98999
3640. 98999
4480. 11199
1140. 11199
3840. 11199
660.0 75999
1290. 75999
3040. 75999
800.0 75999
1920. 75999
620.0 30999
580.0 30999
4280. 10699
3560. 10699
2670. 10699
3720. 10699
2960. 12999
2370. 12999
2960. 12999
5200. 12999
460.0 52999
1290. 52999
920.0 52999
1060. 52999
4880. 12199
1360. 12199
3240. 12199
1180. 12199
3030. 12199
2280. 10399
1180. 10399
3560. 10399
2640. 10399
4160. 10399
1040. 94999
1230. 94999
2670. 94999
2850. 94999
740.0 60999
1220. 60999
2520. 60999
540.0 60999
2840. 60999
6000. 14999
1540. 14999
1680. 14999
3040. 14999
1590. 58999
1180. 58999
3040. 58999
360.0 17999
6800. 16999
3570. 16999
5480. 16999
3270. 16999
360.0 17999
620.0 42999
480.0 42999
860.0 42999
1740. 42999
760.0 42999
1890. 19299
3320. 19299
4440. 19299
7720. 19299
740.0 72999
2120. 72999
1240. 72999
1290. 72999
2190. 72999
6240. 15099
3240. 15099
4530. 15099
2610. 15099
800.0 44999
900.0 44999
700.0 44999
4890. 16299
4440. 16299
4410. 16299
5520. 16299
4650. 16299
1420. 16799
2320. 16799
1940. 16799
5040. 16799
4950. 16499
4230. 16499
4290. 16499
4530. 16499
4080. 16499
5310. 17699
1980. 17699
1580. 17699
960.0 99999
1260. 99999
3760. 99999
2000. 99999
840.0 20999
600.0 29999
1050. 51999
1040. 51999
4200. 23599
3510. 23599
7080. 23599
1080. 15499
2370. 15499
4650. 15499
280.0 13999
1470. 98999
660.0 98999
1240. 98999
3960. 98999
7350. 24499
4260. 24499
1020. 50999
1920. 11099
1320. 11099
1360. 11099
3330. 11099
6360. 15899
2790. 15899
3300. 15899
1200. 59999
2560. 59999
620.0 59999
2580. 59999
6200. 15299
2820. 15299
1660. 15299
2580. 15299
360.0 17999
1140. 10499
3360. 10499
2100. 10499
1840. 10499
1600. 13699
3640. 13699
4110. 13699
2220. 13699
1700. 13699
4680. 20599
1120. 20599
2480. 20599
6180. 20599
380.0 18999
4710. 15699
1860. 15699
4760. 15699
2640. 53999
480.0 53999
2240. 53999
1080. 53999
1040. 53999
4680. 19799
1800. 19799
4080. 19799
5940. 19799
2610. 18699
5040. 18699
5610. 18699
5190. 18699
300.0 99999
1460. 12799
1710. 12799
3840. 12799
2700. 12799
5280. 12799
240.0 12999
100.0 12999
520.0 12999
560.0 12999
560.0 13999
640.0 13999
600.0 13999
160.0 13999
800.0 19999
220.0 19999
220.0 19999
480.0 19999
540.0 19999
1040. 22999
570.0 22999
600.0 22999
1000. 22999
320.0 22999
720.0 23999
300.0 23999
320.0 23999
1320. 23999
320.0 23999
360.0 17999
840.0 34999
380.0 34999
1520. 34999
360.0 34999
1560. 34999
870.0 20999
420.0 20999
440.0 20999
930.0 20999
420.0 20999
930.0 30999
400.0 30999
440.0 30999
440.0 30999
460.0 30999
960.0 31999
1760. 31999
1840. 31999
500.0 31999
480.0 31999
1960. 38999
1080. 38999
1170. 38999
1920. 38999
1080. 50999
480.0 50999
500.0 50999
1290. 50999
2040. 50999
2120. 60999
2440. 60999
2160. 60999
1380. 60999
2520. 62999
2640. 62999
640.0 62999
640.0 62999
1380. 62999
1560. 51999
2760. 51999
2560. 51999
2760. 51999
1620. 68999
1590. 68999
700.0 68999
1590. 68999
2760. 68999
1590. 74999
1620. 74999
3160. 74999
740.0 74999
3000. 74999
820.0 56999
1620. 56999
1710. 56999
780.0 56999
1830. 56999
3040. 87999
840.0 87999
3120. 87999
3520. 87999
2010. 78999
3160. 78999
800.0 78999
1860. 78999
1860. 78999
900.0 73999
860.0 73999
860.0 73999
2220. 73999
2130. 73999
2220. 88999
1980. 88999
960.0 88999
3560. 88999
1020. 88999
3760. 93999
2190. 93999
960.0 93999
4040. 93999
2280. 93999
2220. 11299
960.0 11299
2190. 11299
1120. 11299
4520. 11299
4520. 11299
4040. 11299
4160. 11299
1160. 11299
4480. 10199
1160. 10199
1020. 10199
4080. 10199
1040. 10199
2370. 12499
2490. 12499
2670. 12499
1220. 12499
5000. 12499
4880. 12199
1140. 12199
2850. 12199
2640. 12199
4600. 12199
5040. 12599
1280. 12599
2580. 12599
4760. 12599
1220. 12599
2910. 96999
1180. 96999
1260. 96999
1300. 96999
2760. 96999
1400. 13699
3180. 13699
1320. 13699
3120. 13699
5480. 13699
5400. 14699
1320. 14699
1500. 14699
1480. 14699
5880. 14699
1520. 14399
3090. 14399
3270. 14399
1540. 14399
5760. 14399
1440. 15199
6080. 15199
1500. 15199
5800. 15199
1560. 15199
1520. 12699
1640. 12699
1560. 12699
3810. 12699
1620. 12699
1580. 18499
3750. 18499
4410. 18499
4200. 18499
7400. 18499
4020. 15499
4650. 15499
4530. 15499
4650. 15499
4500. 15499
4200. 16999
5100. 16999
2100. 16999
4950. 16999
4890. 16999
4410. 17299
4860. 17299
5160. 17299
5190. 17299
5700. 17299
5940. 22699
6210. 22699
6810. 22699
