2840. 0.069695654478376
2120. 0.21453553646866286
3680. 0.21066755429654133
2520. 0.8378648055092572
860.0 0.7022650997170967
1580. 0.813690113545777
1680. 0.6714709294020254
1280. 0.7074034231777249
5070. 0.925116795593458
400.0 1.135205679223828
2120. 1.2563768301237248
2080. 1.2085489325868757
700.0 1.3799250717987874
3600. 1.3208064425787631
1480. 2.4696898337679123
3000. 2.3589628330804295
5240. 2.0966099253760877
4350. 2.2892765332461225
5640. 2.054375190862931
5000. 2.858924053241438
7000. 2.9994574854749003
2370. 2.789983876689968
4160. 2.7480340055534223
1800. 3.5052860491870113
620.0 3.4560024690918416
2310. 3.5156918130945902
1480. 3.5448606762711656
3040. 3.4170634583585944
720.0 2.3230847663183054
640.0 2.015300532642669
280.0 2.526301094528899
1280. 2.7084822326512312
420.0 3.248540753819582
1410. 4.977811336064466
1290. 4.6736698411652
1290. 4.343716769968779
1410. 4.603571773295298
930.0 3.5336889788240837
2240. 5.064099745805399
2360. 5.069474717123093
2960. 5.496076990869114
820.0 5.804338399067869
680.0 5.020685914626053
3640. 6.469860674399704
3640. 6.395452638209165
3240. 5.721007575926249
800.0 5.677079630185327
260.0 4.200945179584753
2640. 6.020214343247975
2040. 5.61182699823908
2580. 7.253369676714381
1920. 5.379612922223424
780.0 5.711456520752426
1260. 7.737543259332357
1500. 8.277568829344736
1020. 5.851412664155578
2430. 7.7085377531592885
5560. 8.16342111859493
990.0 6.707268436313528
640.0 7.10753386772361
640.0 7.093421059555718
1040. 7.790731578726756
3600. 9.789927809859202
2130. 8.55243407901971
1860. 8.316210407056413
4290. 10.230022327222741
4240. 8.604286675776152
660.0 8.864840481083101
1700. 10.282572579953758
4360. 9.376067205446331
2680. 8.757331698907386
3600. 9.01711538549683
5040. 10.682483678421956
1140. 10.407285477846532
4230. 10.807142084743717
4320. 10.842406110867394
3520. 9.821542963035595
2640. 10.86377153449028
680.0 10.49067520380132
5310. 11.73609488927917
7080. 11.238027611206203
2320. 11.180192338040602
1360. 11.446025012097422
2490. 11.327756465307601
2910. 11.398004009587726
6870. 13.212131414227068
3330. 12.099714068827453
3720. 12.031980202082064
1740. 13.612080727706719
940.0 13.174372088364493
6520. 13.312685736261122
3810. 13.238330074273588
7140. 13.491970924590973
1260. 13.253390975173783
5920. 13.49277719161072
120.0 6.791547672063832
240.0 12.530351823977497
240.0 11.271772590002069
450.0 14.049915306200097
330.0 10.062564322414703
1040. 13.657530114511115
540.0 12.669543834205996
260.0 12.305779161728648
840.0 9.935735550069936
380.0 15.26577171592426
260.0 11.839336456023041
260.0 11.318173525809478
1720. 16.382363597803437
400.0 15.418188398241284
360.0 14.02556583981638
540.0 10.488134687905745
330.0 8.156006829606067
750.0 12.618849323037857
520.0 16.448370332700343
1920. 17.526352057291206
1840. 16.60168351014721
1440. 13.391769755112756
1920. 16.073679415372965
1920. 16.775070021589762
1290. 18.107942187862857
640.0 19.46788524979016
560.0 17.546135211108535
2680. 19.29622578464388
2200. 18.01251099202647
440.0 15.757622719780645
2120. 17.41564639163429
2120. 17.27818947696647
2040. 18.146658743198095
500.0 17.92291903453217
560.0 18.654538976921135
2160. 18.242015335171395
520.0 17.77582880356315
1040. 14.485100535774103
930.0 17.05046124862021
760.0 22.82299518372055
780.0 23.063629891124037
2560. 20.64060617464614
840.0 14.90473848497011
1380. 21.45355702471338
1590. 22.618842295638377
480.0 18.982807182787024
2520. 21.145594615695643
2320. 21.378906521529476
3040. 23.950242402621797
3160. 24.088510575517418
1980. 25.33174475060065
580.0 22.027657339410943
620.0 22.478355641533454
960.0 27.124044173816
1230. 21.272114159595674
3600. 26.064915679739087
160.0 16.16564448181617
800.0 18.06842602913226
1590. 24.69512429629507
3760. 27.665110482408146
2010. 26.633918705966032
820.0 25.70503406739038
2320. 23.833370342665155
2760. 25.194138907078973
2130. 28.16274060666819
4480. 30.11217620634679
1100. 31.073616690840854
2280. 30.007901239692778
3960. 29.67706796122353
1100. 30.986183950733622
3640. 28.62073902299247
4480. 31.747938964372672
1140. 31.728084978624295
3840. 29.363134605923314
660.0 27.495811237650663
1290. 26.500341729496725
3040. 28.501593225641706
800.0 28.416112743212302
1920. 25.0204715152261
620.0 27.06435179289307
580.0 26.456844348984536
4280. 32.87191779535013
3560. 30.979041564774587
2670. 33.948952485274845
3720. 31.22175406248742
2960. 30.501205121075376
2370. 33.584745491514894
2960. 30.362974435176525
5200. 35.76558575144107
460.0 28.663696124087615
1290. 29.710734297624718
920.0 32.95089194715047
1060. 33.78369344804738
4880. 37.11419455017847
1360. 37.89798750323612
3240. 32.90769605934654
1180. 36.24233442189515
3030. 37.69753643610994
2280. 36.18840595859419
1180. 37.61924697339684
3560. 35.046318050197726
2640. 37.37754311446611
4160. 36.00621321321948
1040. 36.95198861023266
1230. 32.79560709428769
2670. 38.03671718782681
2850. 38.57468549477723
740.0 35.74254522747249
1220. 39.519691318091006
2520. 34.7828118952567
540.0 34.03976893217466
2840. 35.33621251235015
6000. 42.46382554648335
1540. 42.62985259642926
1680. 43.517790872481086
3040. 36.55112649621916
1590. 37.094464000347436
1180. 40.60597501109723
3040. 37.257390894349214
360.0 34.6537345726636
6800. 45.5180160086935
3570. 44.67182782172517
5480. 42.87707800524486
3270. 43.38051700900266
360.0 35.90103621850555
620.0 39.035829822600235
480.0 38.07435713907166
860.0 40.62885246130674
1740. 40.03258916412882
760.0 39.84666902970571
1890. 41.78308857315744
3320. 41.57972449047975
4440. 43.296943360791104
7720. 48.477572870787505
740.0 42.49479297041019
2120. 41.13113466879526
1240. 45.4542610893552
1290. 41.34449021110537
2190. 43.54288311772017
6240. 48.48204703282481
3240. 44.08102337215986
4530. 50.833810100727554
2610. 45.88377126367562
800.0 41.37056861749239
900.0 45.234587076939754
700.0 43.96703808283418
4890. 54.25148494836032
4440. 52.64021903816038
4410. 52.26786959337246
5520. 49.167437742793126
4650. 52.43491094047936
1420. 50.235403018318806
2320. 46.01963264217726
1940. 52.493260884861016
5040. 53.8647747877152
4950. 55.83302629235132
4230. 54.05589306193878
4290. 54.17002510894283
4530. 54.60239102166106
4080. 53.593216603441796
5310. 56.75078483068217
1980. 54.876788622088654
1580. 53.075133760362874
960.0 51.49751193324484
1260. 52.82088619424569
3760. 51.38901894253046
2000. 55.91880059430879
840.0 48.44903418046141
600.0 50.34536801575584
1050. 50.38235313137376
1040. 52.5058463464089
4200. 53.8706470906055
3510. 56.00587204214186
7080. 61.94450749232757
1080. 54.68863897088587
2370. 54.48323345314804
4650. 58.26690661902372
280.0 51.79415925803853
1470. 54.473056721733776
660.0 54.48456608829164
1240. 56.57447472900509
3960. 55.602982473853615
7350. 64.42035467898482
4260. 59.46281995633367
1020. 56.613898985884575
1920. 56.11642065940881
1320. 55.59199924979086
1360. 59.10899546064768
3330. 59.47211140166431
6360. 61.01905936595315
2790. 59.574862013021914
3300. 60.276197081515775
1200. 61.00096172405137
2560. 59.07821592639361
620.0 58.92602522146512
2580. 60.49179497848185
6200. 63.54115114736888
2820. 62.55963224244136
1660. 63.56085133824201
2580. 61.982922227409865
360.0 59.94930248511134
1140. 63.364808421596685
3360. 64.285610647298
2100. 65.70894941547257
1840. 61.51198711420506
1600. 63.459399792671675
3640. 64.59772119792902
4110. 66.37697322907562
2220. 64.54550417881356
1700. 65.8059692889349
4680. 66.35298466964534
1120. 66.24303156220799
2480. 65.27094326874874
6180. 68.4835275473609
380.0 64.96519249708808
4710. 68.45684660190338
1860. 68.01330098090044
4760. 67.170993250444
2640. 68.36182225045724
480.0 68.1235355608038
2240. 68.21757051820599
1080. 68.6581154765646
1040. 67.81463512338543
4680. 70.55725266834132
1800. 71.11150634918282
4080. 71.11544869065263
5940. 71.79382799528769
2610. 72.56819320266557
5040. 72.6292158567856
5610. 73.59113089825811
5190. 73.35215649517045
300.0 71.90813095835297
1460. 75.06774716038748
1710. 74.51738106477409
3840. 74.63458755397274
2700. 74.38611569181452
5280. 74.33471105731172
240.0 74.3301444468279
100.0 68.16647657114113
520.0 70.00373957841161
560.0 65.28076320210961
560.0 65.52339696338652
640.0 72.12087698031758
600.0 65.07816423066387
160.0 67.03826307611918
800.0 73.72634427305454
220.0 75.15060520799997
220.0 73.5364536377953
480.0 69.00865991528947
540.0 71.01081212840734
1040. 77.45901416830355
570.0 69.99278180145757
600.0 71.67792238457544
1000. 66.81724740419851
320.0 76.60021317539412
720.0 76.84505767388687
300.0 69.42551510669604
320.0 72.70787256454771
1320. 71.44235303826316
320.0 68.98533415025936
360.0 75.84277945905701
840.0 79.06331633929912
380.0 77.05903318166096
1520. 75.06887377933103
360.0 70.10403593158624
1560. 73.74872740206288
870.0 73.59487093137963
420.0 78.75466134794786
440.0 81.58551093397814
930.0 74.65630589336958
420.0 74.71530548109257
930.0 74.54111027518155
400.0 72.32682825863634
440.0 77.88981289415997
440.0 75.95100262508086
460.0 77.82864878126841
960.0 73.50594492957622
1760. 75.33458022167873
1840. 75.76427474518051
500.0 81.19143294150336
480.0 77.6077978092514
1960. 80.16691144308173
1080. 78.2300619604095
1170. 83.06395011078278
1920. 76.68656591738704
1080. 77.66275415942457
480.0 77.02165656377775
500.0 78.41574421721212
1290. 87.20227471049856
2040. 77.29460497592248
2120. 79.68015257899029
2440. 88.54303568655675
2160. 78.36124871276107
1380. 86.16781056157075
2520. 88.16141215659246
2640. 89.61343908197361
640.0 86.60051432229743
640.0 84.30623921022224
1380. 81.3005169526381
1560. 90.92442419318986
2760. 89.09843873200717
2560. 82.67539410125934
2760. 86.23114914295803
1620. 89.41350949443246
1590. 87.9874557999369
700.0 87.3079619793967
1590. 87.66780691687478
2760. 85.2846916327924
1590. 86.48606012648673
1620. 87.29657551376782
3160. 91.87902209111934
740.0 86.48436001545028
3000. 87.39025820583154
820.0 94.73187424180234
1620. 84.83043836412459
1710. 87.77436096316598
780.0 88.58444405458329
1830. 91.00125641002674
3040. 85.11638985413836
840.0 91.67402202516028
3120. 86.54431801511672
3520. 92.99653503039357
2010. 95.68718700650157
3160. 87.04740648487312
800.0 87.68333145270391
1860. 89.44985246984834
1860. 89.11291505398918
900.0 95.9464393092073
860.0 91.7970321421887
860.0 89.79519432537475
2220. 98.9473288310423
2130. 94.76230046210662
2220. 98.31368777929049
1980. 90.08379072180104
960.0 95.71093892562376
3560. 90.47299467320855
1020. 98.13260983134697
3760. 93.8340528727142
2190. 95.65877981929539
960.0 94.39332856078813
4040. 97.16970700747953
2280. 97.10091262615431
2220. 96.12675189439679
960.0 93.63078400822484
2190. 93.70113511524553
1120. 102.17900554872554
4520. 101.91711905126493
4520. 103.13063572730357
4040. 95.34521892152704
4160. 97.25801066632097
1160. 104.75701483769427
4480. 103.68484226551473
1160. 105.4750176294901
1020. 96.62023246986693
4080. 96.52592459173229
1040. 97.65341027947167
2370. 99.24624950157977
2490. 101.94919530835733
2670. 106.81007459134673
1220. 107.7413296035264
5000. 107.89326175694416
4880. 107.52817440012879
1140. 102.71091405172794
2850. 109.26640422870061
2640. 102.68768273317232
4600. 100.42449117584529
5040. 108.12111869545143
1280. 109.08174045878141
2580. 101.13981806467166
4760. 103.49313462909689
1220. 104.7160732301713
2910. 109.57888237513467
1180. 103.267663662095
1260. 107.29661930585638
1300. 106.89393173434985
2760. 103.00623058773358
1400. 112.59455999935804
3180. 112.22006228642066
1320. 107.05390587769683
3120. 110.34365770205495
5480. 108.60940381606333
5400. 108.50037887166906
1320. 105.89616588021107
1500. 113.68055220514991
1480. 112.6248283444647
5880. 110.7269777658378
1520. 114.12509885712151
3090. 107.00547059005059
3270. 110.65706670921769
1540. 112.58832858592699
5760. 107.95530685567414
1440. 109.43994039172551
6080. 112.22873955951661
1500. 111.24484625339862
5800. 107.02459212462918
1560. 111.71893791782226
1520. 110.55943029429159
1640. 115.57876715700138
1560. 111.90447481502979
3810. 116.5792759709684
1620. 111.77036428704355
1580. 111.46900391480276
3750. 110.3942595525612
4410. 118.84384128550535
4200. 114.17192207264459
7400. 112.98326073634355
4020. 112.06951916072619
4650. 121.15198226705375
4530. 118.26476904328351
4650. 119.98388760687993
4500. 116.80606328653244
4200. 113.89106752410038
5100. 124.73667630082036
2100. 119.29010531053754
4950. 122.41753942892817
4890. 120.90052189135255
4410. 115.81494239390908
4860. 120.3807358004468
5160. 122.49490122569168
5190. 120.68013411433977
5700. 124.4212653957521
5940. 124.13879462255548
6210. 118.05298251437186
6810. 117.70792751972168
