1480. 0.03902101165170384
160.0 0.10415562931214964
660.0 0.13905651287857418
1120. 0.035094994990666595
600.0 0.04046107470058041
4280. 0.3075988248295225
2820. 0.32544418105189493
630.0 0.7592357182870129
630.0 0.6250057992507774
2320. 0.5993301503464037
3000. 0.6159548205782678
3760. 1.0421304983006414
760.0 0.956834479795722
6680. 1.1416253312633806
540.0 1.3907427990803853
320.0 0.9950149503738865
660.0 1.4139202343132855
1640. 0.960346021571804
1290. 1.0238313227681857
360.0 0.8311352830139036
2280. 2.2707539099404848
3600. 2.30703436020454
4840. 2.027824858195487
3440. 1.842271627276584
1040. 1.839259518367045
3750. 2.3563499439536697
6150. 2.6766460757081747
560.0 2.0455262315955816
2560. 2.8831676619107247
2550. 2.9984357637804946
4480. 2.993688101376477
3660. 3.059225164549636
3240. 3.093807114402476
600.0 2.6169954069884604
200.0 2.185349531831439
840.0 2.070202946920345
990.0 2.8787760799490836
1140. 3.1777999830945975
1290. 3.470723048965321
2840. 3.9107395220904952
1200. 3.075424962634757
1920. 2.84635931844636
1590. 4.05815655291402
2120. 3.3697082219663392
640.0 3.5825489840309253
800.0 3.5770002523190105
320.0 2.686149538411928
4760. 5.2643956550354165
3640. 4.43411704797743
1400. 5.215179065654146
3680. 4.3436594896123015
840.0 5.3001687966091104
2880. 5.728111868042752
1080. 5.309092394560406
1920. 4.939412302174535
4470. 6.586704284345459
3840. 6.164130890060849
4880. 6.475823488384682
4020. 7.041439994985626
3840. 6.922788807409616
1160. 6.227388272238578
1240. 7.114103688296064
2240. 6.263300706729025
4080. 6.728698623012411
2120. 6.186584360720372
5040. 8.746850529170827
4500. 8.168687419552679
3150. 7.40624311581297
520.0 7.445150165612674
1220. 7.998978462250099
1280. 7.882347684634773
1140. 7.331097313258237
1880. 8.266651406051244
2610. 8.288707310017962
1660. 8.4656506076767
4880. 8.126794559360455
6390. 9.706415516697367
6150. 9.319766082766666
1200. 8.909932471872915
440.0 8.836344563596136
1000. 8.966130945455909
2280. 8.939146023779806
5490. 10.856403833360865
1760. 10.610217423969885
6450. 10.711237727180286
6540. 10.681447677341405
5490. 10.539312825361574
160.0 9.393403316764836
160.0 8.537423088571428
160.0 7.767370247831623
480.0 9.894800015514184
300.0 6.044354169433225
1080. 11.749097925367384
600.0 10.691431283697398
640.0 6.735606662343313
1240. 11.57195842071416
320.0 12.356398852793777
1160. 10.548775689818736
260.0 9.441445198289408
320.0 10.685115752035586
400.0 12.434500412814282
800.0 7.616462806962208
750.0 10.371374972261556
460.0 12.723808918319733
460.0 12.707888529600398
1440. 10.439288774576422
360.0 11.121797766524175
1380. 14.231686776564409
2120. 12.400195009836487
360.0 9.842839404221529
2520. 13.076062368091918
1590. 14.834746943249502
3120. 15.686459241621154
1290. 12.764060838019924
2520. 13.496725453539707
520.0 12.996097515099924
2080. 12.978939897591808
360.0 10.886721013666744
360.0 10.859192379633038
600.0 9.696640786989581
2640. 15.057735579876464
2960. 15.731082601326031
1710. 15.878917508421381
300.0 10.963478878037348
440.0 8.97599200199817
3440. 17.706897673171518
1920. 17.118114544477034
280.0 11.447488576587844
300.0 11.82514840221777
480.0 13.872130988686328
3320. 17.648753313996583
1830. 17.481965889481835
660.0 15.92741109903962
840.0 13.62664290505517
1040. 12.576346076577202
3440. 19.002454480214684
4040. 20.117400909082647
4240. 20.526457478829943
1350. 16.497818497155208
2720. 18.40732740035764
1680. 16.14520033131668
1320. 15.3713501706072
2240. 17.319909468520123
4600. 23.315878764702596
4760. 23.529945475095396
1830. 20.30047354658611
2760. 23.453649446293998
5240. 25.33578837681717
1260. 24.665609844639125
3440. 21.54022118164941
3120. 25.203073083448867
1890. 21.12916835957155
2280. 23.43856880481495
1470. 20.859167821868127
2790. 24.846606591257277
2430. 23.674137305128966
4360. 23.722561270131685
5880. 27.32824769837142
6000. 27.454464533536306
4000. 24.03072875733886
5080. 25.645152827575565
3840. 24.46669520732054
3810. 28.85733864905041
2520. 25.322716168918998
3420. 27.700066581058557
6920. 30.02832447354364
5600. 27.475017285812665
4480. 25.888309158275383
3750. 28.612457903848487
1880. 23.088779328866263
2130. 25.162712960418624
3900. 30.657313724313422
5160. 28.29867051124095
6040. 29.272770308524446
4260. 30.811378680732027
2320. 25.70960238708672
1060. 27.983147960688143
3760. 27.188092839346755
4080. 27.206632658797034
4140. 32.87080339736841
4020. 31.832446891197844
1340. 29.854027901173573
5310. 34.03997664535023
1720. 31.181549280071092
3150. 31.450457627559686
1940. 33.420240271155805
1240. 30.50287508470479
5360. 30.881692495823234
5280. 30.775750891778088
4050. 33.74869879172309
3000. 31.757997528759088
1920. 30.034166895406024
7040. 33.22491081744157
2040. 29.996124290233222
3720. 31.382692663727724
1300. 32.62623605246944
2000. 34.93240150992919
5250. 36.846287932983145
5160. 36.44042664855262
1500. 35.237434564776656
1200. 34.22499755196407
2240. 32.099009531905914
4680. 34.077786279214564
4040. 33.500781764301976
4280. 34.96428120072233
1760. 37.1286620085376
3040. 33.94429116276203
5240. 35.646706831811834
840.0 35.18521839023764
1740. 37.562840936709826
5010. 38.93854865997776
4320. 37.787080682654405
5490. 40.76678891183565
4890. 39.57996041163892
5400. 37.22512504397974
220.0 34.456741214464145
400.0 35.67053945600927
1590. 36.31672659276441
3560. 36.66161966456892
5160. 39.218363658301286
4320. 40.66338119492029
1760. 39.990489527415804
4840. 38.61923471977307
2640. 38.849624985430346
5280. 40.02784893247264
1220. 39.81006877942872
4440. 39.48889362747411
2920. 40.52551780306267
1000. 40.827378659419495
1340. 41.33984288651522
4620. 42.36178754992967
4620. 41.97102378986228
2580. 42.037026518651174
3360. 41.43495649594251
1470. 41.24576174447375
1800. 42.32719773082874
440.0 41.34515373695822
1460. 43.62062044312647
860.0 42.97645940473573
1380. 43.373718572675045
1960. 43.77423073032448
2760. 42.74343047943131
2580. 45.11580418069065
5010. 45.65734254661109
1500. 45.10511208831418
5080. 44.967838636388066
2430. 44.83995021913085
2520. 46.609466415076795
2340. 46.865539912534885
1560. 46.53536861526706
3960. 46.37611538647453
4520. 46.343280251294715
4160. 47.56816333862008
4800. 47.66943303026985
6030. 47.62271401824321
600.0 47.65618542994285
200.0 46.990696813438824
420.0 42.339047739314836
720.0 38.46127322811927
160.0 33.83974045259023
390.0 37.629135633339644
720.0 38.46375089558272
960.0 48.630999485336694
220.0 41.1621776368695
260.0 46.38548029085136
260.0 44.40455111038841
1120. 45.063814912539186
320.0 50.078549889691814
630.0 40.661833797530704
320.0 45.64352032699721
280.0 40.3185500969174
280.0 38.96047977532756
810.0 47.52665057623845
300.0 38.990936089944356
340.0 42.804633278021
900.0 49.13112029807131
320.0 40.446283919534174
400.0 50.20497727751713
1320. 42.50535125898626
320.0 40.3286615693749
1020. 54.08333261909033
1520. 45.829687154554136
750.0 41.903290178192265
1720. 50.46257151831518
1840. 53.24104930508635
340.0 41.33536890662687
1560. 47.53003901557005
440.0 52.13656585747981
360.0 43.34549636680451
1140. 55.87219994603731
420.0 47.937820140609794
2120. 58.6613796954318
1720. 49.67236812082551
1080. 53.68265036686992
1960. 54.01510852826274
1760. 50.51540552119221
2120. 57.81912078125197
2160. 58.44304883813577
2080. 56.171244109035186
1960. 54.891117471832914
520.0 56.80420620418664
540.0 58.38300723080969
1920. 52.823376595681395
2120. 56.48476281117144
2120. 57.30865265463848
580.0 61.29518230609456
600.0 61.493340443108025
2080. 55.157885356699566
580.0 58.932666390234466
1320. 60.62026576006902
2160. 54.979704038307304
2320. 57.6675773253248
580.0 54.757461256263866
2280. 55.36122980980883
2680. 61.90863584956276
2440. 56.927221110198744
1290. 54.418228352055024
620.0 58.48974546294858
1350. 56.68128458143261
2120. 52.17345063336667
1380. 57.33664515624887
560.0 53.82614430051939
2640. 60.792276904662955
2800. 62.845220654083164
740.0 64.8662972572152
780.0 66.67231738209509
1590. 61.98900313765152
1470. 60.28062568816341
1440. 59.39695476979986
1770. 67.8206109835235
680.0 61.471763114588256
2720. 61.18634952644547
1590. 63.6386656019211
1770. 68.1237437436687
1860. 70.30101202860722
1620. 64.25309139095884
2760. 62.471608428525805
1620. 65.39862359357605
740.0 65.66927659074547
740.0 65.64415148087721
860.0 71.90261678117145
1590. 63.357435342397906
1620. 64.31299127993
3160. 67.82406691781691
2760. 62.291384391979825
720.0 63.824265751068495
2760. 63.347755705863676
3440. 71.97724752184655
720.0 63.993216694563344
940.0 74.8870270628842
780.0 66.84540720695931
3440. 71.92753586743298
1560. 63.607101660422174
3680. 74.76026357019377
3680. 74.6170186197401
960.0 77.41507963140026
860.0 71.97004165241458
920.0 74.78172472328777
780.0 67.80723307285238
860.0 71.1168944289006
1890. 71.72890428956244
820.0 70.53766409968858
2920. 66.31064530571614
840.0 71.41853237837044
980.0 77.39854963406529
2190. 78.52815565153708
3560. 74.35860561141268
1740. 68.95980457451631
920.0 75.29686164680056
4080. 79.74277796447873
1890. 73.33468805702915
900.0 75.73117359776565
800.0 71.05195480250057
3240. 71.15084546674237
3720. 76.16291838992137
840.0 73.55713516185085
2430. 83.98276730380644
3640. 76.5481915333223
1000. 80.46691274010419
3880. 78.75532578810623
2460. 85.34480490635465
900.0 76.6408353228829
3520. 75.58374580592036
2250. 79.67059715152253
4080. 80.3768534294022
3400. 75.0421008965998
2130. 78.84436508602874
900.0 76.42777038330009
2610. 85.1631258159543
4040. 79.32205660745426
2430. 83.63400507439067
1950. 74.63883237501109
1040. 80.93199104483777
980.0 77.84216123531603
1100. 82.11502415937655
4440. 83.22526475959042
4520. 83.67114943626204
3000. 89.99891041641575
2670. 84.81310070780177
3030. 91.4790243528064
2970. 90.34216440990308
1220. 86.79246439248232
1300. 89.45053735010318
4400. 82.49755811640804
1340. 91.88850761413751
1060. 81.62554584820523
2460. 82.71843899771463
1380. 91.6551803107634
3210. 92.48882624508319
4040. 80.58170159864298
1400. 93.10299203534329
5560. 92.36717866455858
3240. 93.78005996947623
1320. 89.6212373435645
1120. 84.82270853328147
1200. 87.1437264498796
2820. 88.54298361701393
5360. 91.11749585070142
1300. 89.8625306118463
4720. 87.57247316299086
2670. 87.71847561572895
5960. 97.06646246296512
3120. 93.14332325183722
2910. 91.74803980878477
5160. 91.0679193641708
2910. 90.78440897489402
4880. 88.65224154611536
1520. 96.64717096884057
3120. 94.20420311258324
3480. 98.37053257751599
3360. 96.2727149643957
3090. 92.81576665548705
1540. 97.2410200922949
4880. 90.16999911333315
6480. 101.0149748474165
3510. 98.87742480333759
5160. 91.1276807022777
1280. 92.63129653158722
4020. 104.1215900114476
4110. 104.33172553922977
4260. 105.30188921728937
1540. 96.3823419898256
1340. 92.64189630283408
1920. 106.45101240875942
4110. 103.74254891721779
3240. 93.766941765248
4350. 105.40632074577064
1720. 101.84679405393636
1820. 103.80362267532092
3810. 100.816230613034
4590. 108.16554443732795
3570. 97.76567164483362
5720. 96.14364236827046
4590. 109.9896822922191
1720. 102.5165703966976
1700. 101.99199214155013
1540. 98.1396132415882
1820. 105.5615586346245
4140. 105.65764085106476
4860. 112.50980859157895
1840. 105.34243995761607
4620. 109.96060361227383
1720. 104.2898317729703
1780. 105.28891914452598
3960. 104.50453317275807
4710. 111.603167252958
1600. 100.94808481561566
2220. 114.70447576555122
3960. 104.3921260639885
5220. 113.87341444782885
4590. 108.23193227663606
3990. 102.32129075464093
1920. 106.8067523513084
4170. 105.5146261033601
4290. 105.27437076608561
2280. 111.99016091907731
5370. 113.80526380471662
5400. 113.82125850706772
4980. 110.51436401459098
5490. 114.30737554320785
6360. 120.06320083636014
5729. 114.6210328742268
6480. 121.01862766416642
5460. 113.69495163197283
4800. 108.75248954147196
6840. 120.58842738263036
5010. 108.03804652206529
6060. 113.22381634154632
6300. 114.31089508480059
6030. 110.350595619628
