2320. 0.2
1120. 0.933
560.0 1.333
4740. 4.866
3160. 5.266
4740. 4.2
1380. 3.466
2070. 3.2
2760. 2.733
1380. 3.0
630.0 0.0
2820. 8.2
5640. 7.133
4230. 8.0
2820. 8.4
5640. 7.8
3480. 3.266
1740. 3.6
1740. 3.4
2610. 2.933
1880. 3.733
3760. 3.066
2820. 3.533
3760. 2.666
3040. 5.666
3040. 5.6
1520. 6.2
1520. 6.133
2280. 5.8
4840. 8.2
4840. 8.666
2420. 9.266
3630. 8.933
3630. 8.733
4360. 7.533
2180. 8.4
3270. 7.266
4360. 8.0
3270. 7.4
4760. 4.066
2380. 4.866
3570. 4.8
3570. 4.866
380.0 0.0
6210. 16.06
6210. 15.06
6210. 15.53
8280. 16.13
1280. 0.0
1720. 1.333
860.0 1.466
1720. 1.333
860.0 1.4
1720. 1.0
2360. 4.0
1180. 4.0
2360. 3.533
1180. 3.933
2360. 3.4
2640. 4.866
1980. 4.733
1980. 4.8
1980. 4.6
3880. 2.066
3880. 1.733
1600. 1.333
800.0 1.6
800.0 1.6
800.0 1.8
800.0 1.733
2580. 8.533
5160. 8.0
5160. 7.066
3870. 7.6
2180. 5.2
2180. 5.333
3270. 4.2
4360. 4.266
1080. 0.0
5370. 10.8
7160. 11.06
7160. 9.866
7160. 10.86
2360. 7.2
3540. 7.2
3540. 7.4
3540. 7.066
4720. 6.333
2840. 6.733
4260. 6.133
5680. 5.333
2840. 6.266
2840. 6.2
3660. 4.266
2440. 4.933
4880. 5.0
2440. 5.2
2680. 2.8
2680. 2.733
1340. 2.866
4680. 9.933
4680. 10.0
6240. 10.86
4680. 10.6
7200. 16.06
5400. 15.53
7200. 16.4
3600. 16.8
5400. 15.53
5130. 8.866
3420. 9.0
5130. 8.0
5130. 7.133
3420. 8.466
7170. 14.26
9560. 13.73
7170. 14.33
7170. 12.66
7170. 13.8
480.0 0.6
480.0 0.6
960.0 0.466
960.0 0.4
480.0 0.6
200.0 0.0
540.0 2.066
1080. 1.8
810.0 2.0
1080. 1.533
540.0 2.0
1200. 2.533
1600. 2.133
1200. 2.266
800.0 2.6
1600. 2.333
1360. 0.533
680.0 0.933
680.0 0.866
680.0 0.866
680.0 0.8
1680. 2.733
1120. 3.0
2240. 2.533
2240. 2.533
1840. 4.266
1380. 4.533
920.0 4.733
1380. 4.466
1840. 4.4
2960. 4.8
2960. 4.466
2220. 4.666
2960. 4.066
2370. 4.066
1580. 4.333
2370. 4.066
2370. 4.266
3160. 3.733
2580. 5.0
3440. 4.866
2580. 4.933
3440. 4.6
2800. 3.8
2800. 4.066
2100. 3.866
1400. 4.266
3640. 3.0
1820. 3.866
2730. 3.8
540.0 0.0
940.0 0.866
1880. 0.6
940.0 0.533
3600. 5.666
2700. 5.933
3600. 5.466
2700. 6.333
1120. 1.933
1120. 1.866
2240. 1.533
2240. 1.866
1120. 2.0
1500. 4.0
2250. 4.466
2250. 3.8
2250. 3.866
3000. 3.666
1740. 3.333
1740. 3.466
2610. 2.8
1740. 3.266
1740. 3.533
2700. 1.8
1800. 2.533
1800. 2.533
1800. 2.466
1800. 2.466
2040. 2.066
1360. 1.8
2040. 1.4
4920. 9.133
3690. 9.6
4920. 8.8
4920. 9.066
4280. 5.866
2140. 5.866
2140. 5.8
4280. 4.866
4880. 7.133
3660. 8.2
4880. 7.533
4880. 8.133
1640. 5.0
2460. 4.666
2460. 4.266
3280. 4.266
160.0 0.0
1400. 2.4
2800. 2.133
1400. 2.066
2800. 2.2
4760. 5.533
3570. 5.933
4760. 5.733
260.0 0.0
2540. 5.533
2540. 5.133
2540. 4.933
3810. 4.266
3810. 4.733
2440. 6.6
3660. 6.2
4880. 5.666
4880. 5.533
5680. 6.4
5680. 7.266
5680. 7.2
4260. 6.333
3570. 6.6
4760. 6.466
2380. 6.466
4760. 5.466
4960. 7.0
3720. 7.533
2480. 8.133
4960. 7.333
6320. 9.2
4740. 10.06
4740. 10.26
6320. 10.06
2100. 8.133
2100. 7.6
3150. 7.466
3150. 7.2
4200. 7.466
3440. 7.4
3440. 7.933
3440. 7.466
6880. 7.6
6880. 5.866
7240. 10.4
5430. 11.46
5430. 10.2
5430. 11.13
3240. 9.8
4860. 9.066
6480. 8.733
6480. 8.4
5130. 10.73
3420. 11.2
6840. 10.6
5130. 10.06
5130. 9.466
3540. 5.133
3540. 5.333
4720. 5.266
1720. 0.866
860.0 1.2
5960. 10.86
5960. 11.0
5960. 10.86
5960. 11.26
3360. 5.266
4480. 5.066
2240. 6.0
4480. 5.466
4920. 4.066
3690. 4.466
2460. 5.0
1240. 2.0
620.0 2.266
1240. 2.066
620.0 2.266
5700. 5.4
5700. 6.533
3800. 6.533
3300. 5.4
3300. 5.6
4950. 5.133
4950. 4.266
1260. 2.8
1260. 2.6
1890. 2.6
1260. 2.533
1260. 2.866
7350. 6.466
7350. 7.866
2160. 7.733
3240. 7.133
4320. 6.733
3240. 6.8
2160. 7.6
3640. 3.0
2730. 3.933
1820. 4.266
2730. 4.0
6540. 6.333
8720. 7.066
580.0 0.0
5400. 6.733
2700. 7.333
2700. 7.4
5400. 6.733
5400. 5.8
5580. 11.6
7440. 12.06
5580. 11.8
7440. 12.53
2940. 7.733
4410. 7.266
2940. 7.866
5880. 7.2
4410. 6.666
1840. 2.933
1840. 2.6
2760. 2.8
7500. 11.0
7500. 10.4
7500. 11.66
2910. 5.866
1940. 5.666
2910. 5.066
2910. 5.2
1160. 2.533
1160. 2.333
1740. 2.133
1160. 2.2
7140. 7.4
7140. 8.133
2550. 4.8
1700. 4.733
1700. 4.666
3400. 4.4
440.0 0.0
5100. 9.866
5100. 10.13
7650. 8.866
7650. 7.133
5160. 15.26
5160. 15.0
5160. 14.86
5160. 14.53
5160. 14.86
7000. 9.2
7000. 8.6
5250. 9.466
7000. 7.933
3990. 5.6
2660. 6.6
3990. 5.866
3990. 6.133
3120. 8.866
3120. 8.066
4680. 7.733
6240. 7.333
900.0 0.0
1040. 1.2
520.0 1.333
1040. 0.933
1040. 1.133
1200. 1.933
1200. 1.933
900.0 2.133
600.0 2.266
900.0 2.133
1440. 2.466
720.0 2.733
1080. 2.733
720.0 2.733
1080. 2.666
1170. 2.6
1560. 2.266
780.0 2.6
1560. 2.333
1170. 2.466
1720. 1.266
860.0 1.6
860.0 1.666
1290. 1.533
860.0 1.533
1920. 3.133
960.0 3.466
1920. 3.2
1920. 3.0
2120. 4.266
2120. 4.266
1060. 4.6
2120. 4.266
1060. 4.733
2360. 4.533
2360. 4.466
2360. 4.533
2360. 4.666
1360. 4.666
2720. 4.2
2040. 4.466
2720. 4.133
1360. 4.733
1500. 5.666
3000. 4.933
2250. 5.333
3000. 5.0
1500. 5.6
2310. 5.333
3080. 5.0
1540. 5.533
3080. 4.733
3160. 4.8
3160. 4.933
3160. 4.933
1580. 5.533
3440. 4.866
3440. 4.666
2580. 5.066
3440. 4.6
3320. 6.2
1660. 7.0
1660. 7.066
2490. 6.6
3320. 6.133
3880. 7.666
3880. 7.6
3880. 7.466
3880. 7.266
1900. 4.533
1900. 4.666
1900. 4.666
3800. 3.8
2850. 4.4
1620. 7.266
2430. 6.6
2430. 6.666
2430. 6.666
2430. 6.6
3390. 6.2
2260. 6.666
2260. 6.4
4520. 5.733
3390. 6.066
4560. 7.2
2280. 8.0
2280. 8.133
4560. 7.2
2280. 8.133
2480. 4.333
4960. 3.0
2480. 4.266
2480. 4.2
2480. 4.133
5360. 9.6
5360. 9.466
4020. 9.866
2680. 10.46
4020. 10.0
3180. 7.266
3180. 7.2
2120. 7.8
3180. 7.266
2120. 7.8
3000. 7.6
4500. 7.0
3000. 7.733
6000. 6.6
3000. 7.733
3240. 10.6
3240. 10.53
6480. 9.466
4860. 9.866
6480. 9.066
5100. 12.33
3400. 13.06
5100. 12.26
6800. 11.73
5100. 12.26
5490. 11.4
3660. 12.33
5490. 11.4
5490. 10.86
5490. 10.86
6060. 2.6
