300.0 0.997
880.0 0.991
320.0 0.997
4520. 0.639
1720. 0.540
4040. 1.0
2580. 1.0
920.0 0.706
2640. 1.0
1880. 1.0
1600. 0.952
1020. 0.760
2400. 0.893
2580. 1.0
740.0 1.0
3920. 1.0
1830. 0.368
1800. 0.749
5160. 1.0
4840. 1.0
260.0 0.990
240.0 1.0
300.0 1.0
2240. 0.706
3040. 1.0
3440. 1.0
1620. 1.0
520.0 0.992
2310. 0.373
4160. 0.859
3180. 1.0
3900. 1.0
980.0 0.525
1460. 0.701
3960. 1.0
5960. 0.366
6240. 1.0
3270. 1.0
3160. 1.0
2160. 0.944
4530. 0.800
840.0 0.848
1040. 1.0
750.0 1.0
260.0 1.0
660.0 1.0
280.0 0.969
360.0 0.950
420.0 1.0
630.0 1.0
2520. 0.582
1440. 1.0
1440. 1.0
560.0 1.0
990.0 1.0
1320. 0.719
1590. 1.0
480.0 1.0
1920. 1.0
480.0 1.0
2360. 0.716
760.0 1.0
1060. 1.0
4000. 1.0
1770. 1.0
2070. 0.879
2640. 0.826
1040. 1.0
1980. 1.0
2040. 1.0
4960. 0.581
2670. 1.0
1380. 1.0
1600. 1.0
1080. 1.0
1680. 0.764
2610. 0.784
2280. 1.0
1120. 1.0
4680. 1.0
1240. 0.554
2160. 0.999
2730. 1.0
1590. 1.0
1840. 1.0
4650. 0.727
6000. 0.748
3880. 1.0
5100. 1.0
4830. 0.493
2910. 0.736
7480. 1.0
3090. 1.0
2520. 1.0
5200. 0.586
2550. 1.0
1840. 1.0
4200. 1.0
1740. 1.0
3960. 0.576
5790. 1.0
6180. 1.0
