820.0 0.976
5520. 0.840
520.0 0.992
1620. 0.747
3360. 1.0
280.0 0.999
2120. 0.552
2760. 1.0
240.0 0.999
1290. 0.894
4760. 0.904
660.0 0.886
1560. 0.658
840.0 1.0
2960. 1.0
3360. 0.687
2880. 0.698
4320. 1.0
390.0 0.734
200.0 0.932
420.0 1.0
1000. 1.0
2360. 1.0
600.0 0.882
1760. 0.807
4080. 0.787
3240. 1.0
4680. 1.0
5560. 1.0
3040. 0.325
580.0 1.0
5040. 1.0
4620. 1.0
1920. 0.831
1920. 0.896
3060. 1.0
1120. 1.0
4500. 1.0
3900. 0.815
4560. 0.893
440.0 0.842
400.0 1.0
520.0 1.0
320.0 1.0
220.0 1.0
320.0 0.917
220.0 0.912
320.0 1.0
840.0 1.0
750.0 1.0
720.0 0.425
1140. 1.0
600.0 1.0
2520. 1.0
420.0 0.656
1720. 0.788
1720. 1.0
930.0 1.0
380.0 1.0
960.0 1.0
760.0 0.801
2120. 0.876
700.0 1.0
1380. 1.0
260.0 0.814
760.0 0.882
3240. 0.487
1530. 1.0
4360. 1.0
1920. 1.0
400.0 0.828
1140. 0.868
5200. 0.514
1830. 1.0
2560. 1.0
3210. 1.0
3270. 0.816
2760. 0.857
3200. 1.0
780.0 0.603
720.0 0.909
2760. 1.0
3210. 1.0
4360. 1.0
2560. 0.473
5680. 1.0
5080. 1.0
4110. 1.0
4360. 0.416
6360. 1.0
2460. 1.0
2130. 1.0
6400. 0.649
5680. 1.0
1220. 0.920
1340. 1.0
1140. 1.0
660.0 1.0
460.0 0.961
2550. 0.512
3440. 0.742
6160. 1.0
3840. 1.0
5970. 0.604
3990. 1.0
4290. 1.0
2280. 0.522
620.0 0.783
4020. 1.0
4720. 1.0
2020. 1.0
3040. 0.539
2190. 1.0
640.0 1.0
3480. 1.0
5130. 0.794
3720. 0.909
6920. 1.0
3930. 1.0
1360. 0.862
4110. 0.996
