2580. 85999
2100. 69999
340.0 16999
7400. 18499
320.0 15999
3480. 86999
6000. 19999
1160. 89999
260.0 89999
2160. 89999
3600. 89999
2520. 13899
1340. 13899
2520. 13899
3060. 13899
4170. 13899
6800. 16999
2640. 16999
6560. 16999
3030. 16999
2610. 17899
5680. 17899
5370. 17899
150.0 42999
560.0 42999
1040. 42999
1720. 42999
440.0 68999
1840. 68999
460.0 68999
2680. 68999
2070. 68999
4240. 10599
2960. 10599
3240. 10599
1920. 10599
220.0 70999
1440. 70999
1420. 70999
1120. 70999
1000. 70999
1740. 15099
2340. 15099
4530. 15099
420.0 20999
460.0 35999
1080. 35999
3080. 18199
4480. 18199
7280. 18199
1240. 95999
2370. 95999
1240. 95999
3840. 95999
5460. 18199
2420. 18199
2080. 13799
1260. 13799
1520. 13799
5520. 13799
1080. 26999
540.0 26999
3600. 13899
4170. 13899
520.0 99999
160.0 99999
840.0 99999
1040. 99999
630.0 20999
630.0 20999
280.0 20999
600.0 20999
900.0 20999
200.0 99999
1720. 42999
1720. 42999
930.0 42999
750.0 42999
1040. 52999
2200. 52999
2120. 52999
1880. 52999
700.0 63999
2560. 63999
2800. 63999
540.0 63999
2560. 63999
1710. 56999
1920. 56999
1680. 56999
1230. 56999
3000. 82999
3320. 82999
780.0 82999
960.0 82999
690.0 11199
800.0 11199
320.0 11199
1160. 11199
4480. 11199
3720. 92999
1230. 92999
1770. 92999
2840. 92999
600.0 52999
2120. 52999
690.0 52999
1590. 52999
1720. 61999
1300. 61999
1240. 61999
580.0 61999
1320. 61999
4840. 12099
2520. 12099
1180. 12099
1520. 81999
380.0 81999
1420. 81999
1640. 81999
2550. 81999
2160. 12199
4880. 12199
4680. 12199
3660. 12199
480.0 12399
740.0 12399
1580. 12399
4960. 12399
2970. 10699
1160. 10699
3760. 10699
3150. 10699
4280. 10699
1840. 12899
1480. 12899
5160. 12899
3300. 12899
3720. 12899
920.0 10499
860.0 10499
680.0 10499
1380. 10499
4200. 10499
1160. 20399
1180. 20399
3780. 20399
6120. 20399
5940. 19799
4440. 19799
3920. 19799
3120. 19999
1180. 19999
1080. 19999
3480. 19999
6000. 19999
1740. 18199
5460. 18199
3440. 18199
5040. 18199
5720. 18199
1830. 60999
460.0 60999
6330. 21099
5610. 21099
4920. 21099
1500. 74999
1620. 74999
920.0 74999
560.0 74999
8000. 19999
4860. 19999
2240. 55999
240.0 18999
440.0 18999
160.0 18999
100.0 18999
760.0 18999
450.0 14999
450.0 14999
260.0 14999
800.0 14999
720.0 14999
280.0 36999
1480. 36999
960.0 36999
420.0 36999
600.0 36999
1040. 45999
320.0 45999
330.0 45999
1840. 45999
260.0 45999
400.0 45999
520.0 45999
780.0 45999
1960. 45999
480.0 45999
400.0 49999
2000. 49999
1200. 49999
800.0 49999
1160. 24999
630.0 24999
500.0 24999
360.0 24999
800.0 24999
440.0 59999
2400. 59999
620.0 59999
500.0 59999
1160. 59999
300.0 14999
1470. 48999
1840. 48999
1680. 48999
1720. 48999
520.0 48999
1920. 48999
520.0 48999
1470. 48999
1290. 48999
960.0 42999
1720. 42999
460.0 42999
1620. 42999
420.0 42999
320.0 77999
1320. 77999
3120. 77999
780.0 77999
1600. 77999
2520. 53999
1440. 53999
740.0 53999
340.0 53999
660.0 53999
800.0 39999
260.0 39999
720.0 39999
2360. 39999
2160. 39999
2960. 73999
2240. 73999
540.0 73999
1740. 73999
1240. 72999
280.0 72999
340.0 72999
2920. 72999
420.0 67999
2120. 67999
1290. 67999
2040. 67999
2760. 94999
600.0 94999
1840. 94999
3800. 94999
2160. 59999
680.0 59999
1000. 59999
440.0 59999
1800. 59999
1230. 74999
3000. 74999
3640. 74999
1720. 74999
2520. 62999
720.0 62999
2920. 62999
880.0 62999
440.0 62999
3120. 77999
2640. 77999
1890. 77999
1500. 77999
260.0 12999
3480. 11299
1020. 11299
4520. 11299
4040. 11299
200.0 99999
1740. 75999
2280. 75999
680.0 75999
1060. 75999
280.0 13999
2460. 11899
4760. 11899
2760. 11899
1020. 11899
820.0 11899
1100. 11899
3240. 11899
4760. 11899
3640. 11999
780.0 11999
4800. 11999
2320. 11999
990.0 10599
3160. 10599
1040. 10599
4240. 10599
4240. 10899
980.0 10899
3389. 10899
3800. 10899
1760. 13699
2760. 13699
5480. 13699
1980. 13699
2700. 13299
5320. 13299
3960. 13299
2190. 13299
1120. 10099
2820. 10099
3880. 10099
4040. 10099
4040. 10099
2720. 10099
3400. 10099
2720. 10099
620.0 30999
6200. 15499
2970. 15499
3720. 15499
3270. 15499
3300. 15499
3760. 10799
4320. 10799
2640. 10799
1120. 10799
3240. 78999
1520. 78999
1140. 78999
1020. 78999
1580. 78999
2680. 72999
2250. 72999
3440. 72999
1060. 72999
7480. 18699
7240. 18699
5600. 18699
4040. 18699
1400. 11699
920.0 11699
3510. 11699
3040. 11699
1440. 11699
3240. 80999
1720. 80999
2080. 80999
980.0 80999
2820. 17099
3900. 17099
6840. 17099
4260. 17099
3040. 12199
3000. 12199
4880. 12199
2520. 12199
4280. 16299
4760. 16299
3960. 16299
6520. 16299
930.0 30999
4280. 16999
4880. 16999
5100. 16999
7320. 16999
4280. 15499
4480. 15499
6200. 15499
3810. 15499
2850. 13299
3840. 13299
3150. 13299
3990. 13299
4880. 12199
1540. 12199
3420. 12199
3570. 12199
2260. 12199
1460. 14799
3960. 14799
2320. 14799
5920. 14799
4140. 14799
3690. 12299
4170. 12299
2760. 12299
5120. 12299
700.0 18299
1200. 18299
3560. 18299
5490. 18299
3570. 18299
1280. 63999
1980. 63999
1460. 63999
6270. 20399
6120. 20399
4560. 20399
1120. 11499
1380. 11499
4600. 11499
3320. 11499
3150. 11499
3440. 14999
2580. 14999
6000. 14999
4500. 14999
3630. 15399
3270. 15399
1340. 15399
4080. 15399
4620. 15399
5400. 17999
4440. 17999
2730. 17999
1060. 52999
2010. 52999
720.0 52999
900.0 52999
5310. 18399
4400. 18399
3870. 18399
5520. 18399
5400. 18399
1180. 17099
3960. 17099
3300. 17099
1540. 17099
6840. 17099
6480. 24399
5360. 24399
7320. 24399
3660. 24399
5370. 17899
4530. 17899
5520. 17899
7280. 17899
980.0 91999
3440. 91999
3680. 91999
3810. 15099
4620. 15099
3630. 15099
1420. 15099
1100. 19499
3780. 19499
5560. 19499
5850. 19499
2370. 17699
5310. 17699
2970. 17699
4770. 17699
1100. 17499
3030. 17499
5360. 17499
5250. 17499
1560. 17499
6600. 16499
4980. 16499
4710. 16499
4600. 16499
5490. 19499
4320. 19499
5850. 19499
4410. 19499
1580. 16299
1820. 16299
4890. 16299
1880. 16299
1880. 16299
5100. 25899
7770. 25899
