750.0 0.0
3360. 1.2
1260. 0.0
3870. 1.6
3360. 1.4
2240. 1.933
1600. 0.0
2580. 0.8
6120. 2.4
5680. 4.466
4260. 4.2
1040. 0.4
2240. 4.333
3360. 3.866
4480. 3.066
1540. 0.0
8000. 2.6
2320. 0.6
2040. 3.733
2040. 3.466
2040. 3.533
5240. 8.066
3930. 7.666
2620. 8.2
3930. 7.066
3930. 7.333
7960. 2.8
1980. 2.4
2640. 2.333
1320. 2.4
2640. 1.866
5000. 5.466
3750. 5.666
2500. 6.333
2500. 5.533
390.0 0.0
2560. 5.6
5120. 4.8
3840. 4.8
3360. 5.133
2520. 5.466
3360. 4.733
3360. 4.466
2840. 6.866
4260. 6.4
4260. 6.2
5680. 5.533
2370. 3.333
2370. 3.266
1580. 2.933
2370. 2.866
6200. 7.733
3100. 8.133
4650. 7.133
4650. 6.8
6180. 7.533
6180. 7.266
6180. 8.666
2610. 1.0
2360. 3.066
1770. 3.133
1180. 3.133
2360. 2.666
1840. 2.2
920.0 2.133
1380. 1.866
1840. 1.866
920.0 2.133
3200. 3.666
3200. 4.4
2400. 3.933
520.0 0.0
2480. 6.666
2480. 6.466
4960. 5.8
4960. 5.4
2480. 6.2
3480. 7.333
3480. 6.333
4640. 6.8
3480. 6.333
3960. 5.4
3960. 5.733
2970. 5.4
1980. 5.8
1980. 5.666
3640. 3.333
2730. 2.933
6280. 10.4
4710. 10.66
4710. 11.0
4710. 10.93
3680. 4.0
1840. 4.4
1840. 4.2
1840. 4.133
1840. 4.266
620.0 2.6
930.0 2.4
930.0 2.266
5120. 8.733
5120. 8.866
5120. 9.466
5120. 9.733
6000. 15.73
6000. 14.86
8000. 15.26
6000. 14.73
6000. 14.8
4720. 3.866
4720. 3.133
7320. 11.66
5490. 11.73
5490. 12.8
7320. 12.4
3840. 2.8
2880. 2.333
560.0 1.333
560.0 1.266
280.0 1.533
560.0 1.133
280.0 1.533
960.0 1.533
640.0 1.533
640.0 1.533
960.0 1.533
1280. 1.133
680.0 0.666
340.0 0.8
510.0 0.6
340.0 0.8
340.0 0.866
480.0 0.0
640.0 2.466
1280. 2.2
1280. 2.0
640.0 2.6
960.0 2.2
2120. 3.333
2120. 3.6
2120. 3.066
2120. 3.0
1680. 3.133
1120. 3.4
1120. 3.466
1680. 3.0
400.0 0.0
1960. 3.866
1960. 3.533
1960. 3.533
1470. 3.666
3080. 4.333
1540. 4.933
1540. 4.866
3080. 4.133
2310. 4.533
3560. 6.266
3560. 6.333
1780. 6.933
3560. 6.266
1780. 7.0
1780. 3.0
1780. 2.733
3560. 1.933
1780. 2.733
3150. 4.533
4200. 4.2
2100. 5.0
4200. 4.066
4480. 6.4
2240. 7.333
4480. 6.466
3360. 6.8
1220. 3.466
1830. 3.533
1220. 3.2
2440. 2.8
4160. 8.933
3120. 9.0
4160. 9.066
4160. 8.6
2240. 6.133
4480. 5.333
4480. 5.933
3360. 6.0
3880. 6.6
1940. 7.066
2910. 6.6
3880. 6.533
5000. 4.8
2500. 5.8
5000. 5.2
3000. 3.733
2000. 4.133
2000. 3.8
2000. 3.933
4000. 3.133
760.0 0.533
760.0 0.266
3900. 9.533
3900. 9.8
5200. 9.733
3900. 9.533
2600. 10.46
2160. 8.066
2160. 8.466
4320. 8.133
3240. 7.666
4320. 7.2
5400. 9.0
2700. 9.466
5400. 8.466
5400. 8.2
2700. 9.066
6160. 10.73
4620. 11.26
4620. 12.0
4620. 11.53
4620. 11.33
5360. 8.266
5360. 7.8
5360. 7.066
5360. 8.066
3140. 9.266
6280. 9.0
4710. 8.266
6280. 8.066
1200. 0.4
4770. 13.06
6360. 12.4
6360. 13.13
6360. 12.6
2340. 6.933
2340. 6.866
2340. 7.333
4680. 6.2
3510. 6.533
5480. 2.333
4110. 3.533
1080. 0.4
1080. 0.066
1280. 3.533
1280. 3.333
1920. 2.8
1280. 2.733
4740. 6.466
4740. 7.2
3160. 7.6
3160. 7.733
1740. 5.066
2610. 4.266
1740. 4.8
3480. 4.466
6210. 10.6
4140. 10.2
6210. 9.4
6210. 8.4
3180. 7.6
4240. 7.266
3180. 7.0
2120. 7.466
4240. 6.8
2220. 6.666
3330. 6.4
3330. 6.6
4440. 5.933
8130. 6.066
8130. 7.533
2480. 6.8
2480. 6.866
3720. 6.133
2480. 6.866
3720. 6.4
3060. 4.866
3060. 5.466
4080. 4.933
2040. 5.333
6780. 4.733
6780. 6.133
1660. 5.733
3320. 5.933
3320. 5.4
3320. 5.6
1660. 5.733
750.0 0.2
5010. 6.4
3340. 7.8
5010. 7.466
3340. 7.733
1740. 2.333
1740. 2.2
1160. 2.533
7280. 11.66
5460. 11.86
5460. 12.6
5460. 11.26
2540. 5.533
3810. 4.666
3810. 5.266
5080. 4.333
9560. 12.26
7170. 11.4
7170. 12.8
9560. 12.73
5000. 6.133
3750. 6.4
2500. 6.466
3750. 5.6
570.0 0.0
9200. 11.46
9200. 12.6
6900. 10.93
6900. 12.0
1540. 2.266
1540. 2.533
1540. 2.4
1540. 2.2
7200. 6.2
7200. 6.933
5400. 7.333
6800. 8.8
3400. 9.4
6800. 8.666
5100. 7.866
3400. 9.0
3090. 1.2
100.0 1.133
200.0 1.066
200.0 0.866
200.0 0.933
640.0 0.6
640.0 0.666
640.0 0.733
640.0 0.8
200.0 0.8
200.0 0.866
200.0 0.866
300.0 0.8
200.0 0.8
1080. 1.8
720.0 1.933
1440. 1.666
720.0 1.933
1080. 1.733
320.0 0.0
860.0 1.8
1720. 1.533
860.0 1.8
860.0 1.8
1720. 1.466
1920. 3.266
960.0 3.533
1920. 3.2
1920. 3.0
2120. 3.733
1060. 4.266
2120. 3.533
2120. 3.866
1590. 2.6
2120. 2.266
2120. 2.266
1060. 2.666
2040. 2.6
1020. 2.866
1530. 2.733
1020. 2.933
1530. 2.666
1320. 4.8
880.0 5.133
1760. 4.733
1320. 4.8
1320. 4.866
2010. 5.666
2680. 5.266
2010. 5.733
1340. 5.933
2680. 5.266
1360. 3.266
2720. 2.733
2720. 2.666
1360. 3.133
2040. 2.933
2070. 3.733
2070. 3.733
2760. 3.4
1380. 4.066
1380. 4.066
1140. 4.666
2280. 4.133
1710. 4.4
1140. 4.733
1710. 4.333
3240. 5.066
1620. 5.8
3240. 5.066
2430. 5.266
3480. 5.066
2610. 5.333
3480. 5.0
2610. 5.4
3480. 5.4
2610. 6.0
3480. 5.6
2610. 6.0
3600. 6.066
3600. 5.733
1800. 6.6
1800. 6.666
2700. 6.4
3760. 8.266
3760. 8.466
3760. 8.2
3760. 8.466
2520. 4.8
2520. 4.533
2520. 4.666
1680. 5.0
1680. 4.933
1900. 7.0
1900. 6.933
2850. 6.466
3800. 6.266
2850. 6.6
4360. 5.8
2180. 7.0
2180. 6.8
2180. 6.933
4360. 6.0
4440. 9.733
3330. 10.46
3330. 10.46
2220. 10.8
4440. 9.933
4440. 5.133
2220. 6.2
2220. 6.0
3330. 5.533
2220. 6.133
2540. 5.8
2540. 5.8
2540. 5.666
2540. 6.0
5080. 4.466
5280. 8.266
3960. 8.866
3960. 8.933
2640. 9.4
3960. 8.933
2780. 8.466
4170. 7.933
2780. 8.533
5560. 7.333
4170. 8.066
3150. 8.266
2100. 9.066
3150. 8.2
2100. 9.0
3150. 8.266
3900. 9.666
5200. 9.466
2600. 10.33
3900. 9.733
3900. 9.666
2640. 9.733
2640. 9.733
5280. 8.466
3960. 9.133
3960. 9.0
2980. 7.0
4470. 6.333
5960. 5.733
2980. 6.666
2980. 7.066
2500. 8.933
2500. 8.733
3750. 8.4
2500. 8.866
3750. 8.266
5460. 13.8
5460. 13.66
7280. 12.86
5460. 13.73
5460. 13.66
4650. 13.0
4650. 13.06
4650. 13.0
4650. 13.0
4650. 12.8
5310. 14.86
3540. 16.0
5310. 14.8
5310. 14.93
5310. 14.66
8580. 21.26
8580. 20.53
8580. 20.13
8580. 20.26
