1320. 32999
1410. 46999
2490. 82999
1700. 84999
3040. 75999
4760. 11899
680.0 33999
1980. 65999
400.0 19999
2520. 10199
4080. 10199
450.0 80999
380.0 80999
1920. 80999
780.0 80999
3240. 80999
800.0 79999
1120. 79999
1600. 79999
1920. 79999
5000. 98999
1980. 98999
940.0 46999
1200. 57999
960.0 57999
380.0 57999
1740. 57999
1040. 57999
720.0 79999
3200. 79999
980.0 79999
2120. 79999
1440. 79999
1160. 87999
1760. 87999
1800. 87999
3760. 87999
2310. 87999
2070. 10199
780.0 10199
880.0 10199
2040. 10199
3060. 10199
3080. 12199
960.0 12199
4360. 12199
4880. 12199
3480. 19499
5850. 19499
3880. 19499
5640. 19499
800.0 19999
760.0 19999
600.0 19999
760.0 19999
1440. 35999
1040. 35999
390.0 35999
480.0 35999
1880. 50999
2040. 50999
1320. 50999
1680. 50999
1880. 62999
2520. 62999
580.0 62999
660.0 62999
640.0 62999
1840. 26999
540.0 26999
400.0 26999
560.0 26999
1590. 26999
1200. 67999
2560. 67999
1440. 67999
2040. 67999
4200. 11699
4680. 11699
4120. 11699
4840. 11699
920.0 10399
820.0 10399
2240. 10399
4440. 10399
1040. 10399
3960. 13199
2790. 13199
2760. 13199
800.0 96999
2040. 96999
2880. 96999
2910. 96999
1620. 96999
4680. 11899
1460. 11899
1140. 11899
3570. 11899
840.0 78999
1580. 78999
3870. 17299
5600. 17299
5190. 17299
3450. 17299
4530. 17299
2640. 11599
3480. 11599
1220. 11599
2160. 11599
1720. 13999
740.0 13999
2550. 13999
4200. 13999
3720. 13999
1420. 70999
2880. 70999
1980. 70999
1180. 70999
1880. 70999
6440. 20699
5100. 20699
6210. 20699
940.0 46999
160.0 17999
720.0 17999
200.0 17999
400.0 17999
220.0 17999
420.0 19999
600.0 19999
450.0 19999
570.0 19999
220.0 19999
280.0 13999
600.0 37999
1520. 37999
390.0 37999
200.0 37999
100.0 14999
300.0 14999
420.0 32999
840.0 32999
420.0 32999
990.0 32999
930.0 32999
2040. 41999
1680. 41999
1840. 41999
1640. 41999
1880. 46999
960.0 46999
1840. 46999
580.0 46999
460.0 46999
440.0 29999
600.0 29999
340.0 29999
1350. 48999
2240. 48999
720.0 48999
1170. 48999
640.0 48999
2040. 50999
1920. 50999
360.0 50999
640.0 50999
600.0 50999
220.0 10999
3240. 80999
1230. 80999
2640. 80999
320.0 15999
720.0 50999
1290. 50999
2040. 50999
260.0 12999
280.0 12999
360.0 12999
3440. 85999
3360. 85999
3240. 85999
780.0 85999
640.0 85999
800.0 85999
780.0 85999
300.0 85999
3440. 85999
2040. 50999
600.0 50999
780.0 50999
620.0 50999
1650. 50999
540.0 26999
1440. 92999
3720. 92999
900.0 92999
3920. 92999
360.0 17999
3520. 10499
2100. 10499
4200. 10499
2820. 10499
1380. 82999
1140. 82999
2910. 82999
2920. 82999
2490. 82999
450.0 14999
4920. 12299
3840. 12299
2730. 12299
2760. 12299
5400. 13499
1180. 13499
2670. 13499
1640. 64999
540.0 64999
1950. 64999
960.0 64999
2070. 64999
3040. 10499
620.0 10499
1920. 10499
4200. 10499
420.0 13999
2430. 10399
660.0 10399
2760. 10399
1360. 10399
4160. 10399
5200. 12999
1380. 12999
3210. 12999
2790. 12999
4040. 12999
440.0 61999
1770. 61999
1240. 61999
1260. 61999
6960. 17399
3210. 17399
1580. 17399
1530. 96999
520.0 96999
3880. 96999
1340. 96999
940.0 96999
1680. 12499
740.0 12499
4680. 12499
3750. 12499
3880. 12499
2720. 12899
3960. 12899
1200. 12899
3870. 12899
780.0 63999
1280. 63999
640.0 63999
3840. 11599
1540. 11599
3480. 11599
1920. 11599
820.0 82999
320.0 82999
1660. 82999
760.0 82999
5130. 18399
5520. 18399
5040. 18399
740.0 63999
580.0 63999
1280. 63999
4290. 19799
1580. 19799
5250. 19799
5940. 19799
300.0 14999
4280. 15399
1220. 15399
4620. 15399
5560. 15399
390.0 12999
1440. 13799
3270. 13799
4140. 13799
3720. 22999
6900. 22999
3389. 22999
100.0 49999
2760. 21199
4600. 21199
4240. 21199
6360. 21199
3440. 58999
1020. 58999
3040. 58999
1900. 58999
1180. 58999
3960. 13199
2850. 13199
2360. 13199
4320. 13199
3840. 20599
4290. 20599
6180. 20599
700.0 85999
3440. 85999
2880. 85999
1360. 85999
2250. 85999
260.0 12999
1950. 11199
2760. 11199
2370. 11199
2240. 11199
4590. 15299
4280. 15299
5360. 15299
800.0 90999
660.0 90999
980.0 90999
3640. 90999
7120. 17799
6160. 17799
4470. 17799
5370. 17799
2960. 73999
1640. 73999
3680. 73999
1280. 73999
2070. 73999
1580. 78999
2280. 78999
1200. 78999
1900. 78999
680.0 78999
1700. 95999
3320. 95999
1920. 95999
3000. 95999
2000. 95999
620.0 75999
1080. 75999
380.0 75999
3040. 75999
4200. 22299
3560. 22299
1820. 22299
4920. 22299
6690. 22299
240.0 18999
600.0 18999
200.0 18999
760.0 18999
840.0 20999
840.0 20999
960.0 20999
260.0 20999
260.0 20999
1040. 29999
600.0 29999
600.0 29999
300.0 29999
1200. 29999
690.0 16999
1400. 16999
340.0 16999
340.0 16999
360.0 16999
1440. 35999
400.0 35999
1720. 35999
420.0 35999
990.0 35999
420.0 23999
480.0 23999
480.0 23999
1880. 23999
460.0 23999
1920. 47999
1080. 47999
2120. 47999
1110. 47999
1170. 38999
520.0 38999
540.0 38999
2240. 38999
2160. 38999
580.0 62999
580.0 62999
2520. 62999
640.0 62999
1440. 62999
640.0 65999
2640. 65999
2640. 65999
2720. 65999
2760. 68999
1410. 68999
2520. 68999
1530. 68999
700.0 68999
2760. 68999
720.0 68999
740.0 68999
1710. 68999
760.0 68999
740.0 72999
2920. 72999
1770. 72999
760.0 72999
1680. 72999
3400. 81999
3280. 81999
3480. 81999
900.0 81999
860.0 81999
3680. 91999
860.0 91999
2040. 91999
3760. 91999
3760. 93999
2070. 93999
2070. 93999
2100. 93999
2190. 93999
900.0 75999
2280. 75999
2100. 75999
2130. 75999
980.0 75999
4040. 10099
4080. 10099
980.0 10099
2280. 10099
4160. 10399
1060. 10399
4280. 10399
2430. 10399
1120. 10399
1200. 11399
2580. 11399
2670. 11399
2760. 11399
4560. 11399
4920. 11399
4840. 11399
1320. 11399
2760. 11399
2910. 11399
1320. 13999
1260. 13999
1280. 13999
5600. 13999
5080. 13999
1400. 10499
3060. 10499
3060. 10499
1420. 10499
3150. 10499
5800. 15699
3389. 15699
1500. 15699
3300. 15699
6280. 15699
3270. 16899
3660. 16899
3480. 16899
3900. 16899
6760. 16899
6400. 17499
3750. 17499
7200. 17499
4290. 17499
1920. 17499
1880. 18499
4620. 18499
4620. 18499
2100. 18499
5550. 18499
5220. 23799
5550. 23799
7140. 23799
