1380. 0.978
1440. 0.987
2160. 0.773
3480. 1.0
1720. 0.863
420.0 1.0
2120. 1.0
750.0 1.0
740.0 1.0
1980. 0.782
3760. 0.787
6540. 0.763
240.0 0.736
800.0 1.0
1760. 1.0
1920. 1.0
520.0 0.944
600.0 0.738
1470. 1.0
960.0 1.0
2040. 1.0
1000. 0.607
3640. 0.748
2070. 1.0
5440. 1.0
3880. 0.349
3960. 1.0
2130. 1.0
740.0 0.806
320.0 0.746
1820. 1.0
3240. 1.0
6000. 0.348
3240. 1.0
5200. 1.0
2160. 1.0
1830. 0.759
3000. 1.0
1960. 1.0
4290. 1.0
1140. 0.612
1180. 0.999
4280. 1.0
1580. 1.0
3180. 0.408
3510. 1.0
2060. 1.0
5850. 1.0
240.0 0.940
400.0 0.990
300.0 1.0
220.0 1.0
1120. 1.0
280.0 0.925
480.0 0.969
1840. 1.0
2120. 1.0
1920. 1.0
620.0 0.897
2360. 0.675
660.0 1.0
2120. 1.0
2480. 1.0
560.0 0.620
2560. 0.783
1380. 1.0
640.0 1.0
3160. 1.0
1740. 0.590
640.0 0.997
3240. 1.0
2680. 1.0
3840. 0.750
940.0 1.0
3440. 1.0
780.0 1.0
1080. 1.0
4360. 0.736
2610. 1.0
2790. 1.0
2790. 1.0
1280. 1.0
1360. 0.860
2760. 0.725
1400. 1.0
3840. 1.0
5160. 1.0
3480. 0.736
4050. 1.0
3000. 1.0
1560. 1.0
3870. 1.0
3240. 0.556
4500. 1.0
6270. 1.0
6270. 1.0
6660. 1.0
