750.0 24999
3360. 83999
1260. 62999
3870. 12899
3360. 11199
1500. 11199
1600. 79999
2580. 85999
6120. 15299
5160. 14199
4260. 14199
1040. 25999
360.0 11199
1590. 11199
4480. 11199
1540. 76999
8000. 19999
2320. 57999
2010. 67999
2340. 67999
2040. 67999
1520. 13099
2010. 13099
980.0 13099
3930. 13099
3150. 13099
7960. 19899
600.0 65999
1240. 65999
400.0 65999
2640. 65999
4040. 12499
2370. 12499
1240. 12499
2500. 12499
390.0 12999
1440. 12799
5280. 12799
3840. 12799
1720. 83999
450.0 83999
2720. 83999
3360. 83999
600.0 14199
2250. 14199
2580. 14199
5680. 14199
600.0 78999
930.0 78999
1580. 78999
2070. 78999
3160. 15499
1100. 15499
3630. 15499
4650. 15499
5490. 20599
6180. 20599
2940. 20599
2610. 86999
840.0 58999
720.0 58999
500.0 58999
2360. 58999
840.0 45999
460.0 45999
1380. 45999
1440. 45999
580.0 45999
3720. 79999
1840. 79999
2760. 79999
520.0 12999
580.0 12399
1120. 12399
4000. 12399
4960. 12399
1400. 12399
1500. 11599
3480. 11599
3320. 11599
3840. 11599
3640. 98999
2320. 98999
2970. 98999
1380. 98999
1820. 98999
1960. 90999
2730. 90999
6280. 15699
4320. 15699
3630. 15699
4020. 15699
3040. 91999
1320. 91999
1440. 91999
1840. 91999
1880. 91999
620.0 30999
1230. 30999
1680. 30999
5120. 12799
5400. 12799
2920. 12799
2160. 12799
3660. 19999
5610. 19999
5760. 19999
6000. 19999
6030. 19999
2440. 11799
4720. 11799
7320. 18299
5430. 18299
2580. 18299
4520. 18299
1720. 95999
2880. 95999
560.0 13999
720.0 13999
160.0 13999
1280. 13999
220.0 13999
570.0 31999
200.0 31999
320.0 31999
660.0 31999
1280. 31999
840.0 16999
380.0 16999
750.0 16999
260.0 16999
340.0 16999
480.0 23999
420.0 31999
1280. 31999
1120. 31999
160.0 31999
1320. 31999
1040. 52999
400.0 52999
2120. 52999
2320. 52999
1470. 55999
580.0 55999
420.0 55999
1680. 55999
400.0 99999
800.0 48999
2120. 48999
1960. 48999
1230. 48999
3080. 76999
820.0 76999
920.0 76999
3520. 76999
1590. 76999
3880. 88999
3040. 88999
1000. 88999
3760. 88999
900.0 88999
280.0 88999
860.0 88999
3560. 88999
860.0 88999
2040. 10499
2960. 10499
580.0 10499
4200. 10499
4480. 11199
1160. 11199
3880. 11199
2700. 11199
400.0 60999
810.0 60999
1160. 60999
2440. 60999
3440. 10399
2610. 10399
2560. 10399
4160. 10399
960.0 11199
4480. 11199
2520. 11199
1740. 11199
3880. 96999
1440. 96999
3210. 96999
3560. 96999
5000. 12499
1380. 12499
3480. 12499
1440. 99999
360.0 99999
920.0 99999
720.0 99999
4000. 99999
760.0 37999
1040. 37999
3900. 12999
3120. 12999
3840. 12999
3570. 12999
1260. 12999
1540. 10799
1120. 10799
2360. 10799
3240. 10799
4560. 10799
2760. 13499
740.0 13499
4200. 13499
5400. 13499
1460. 13499
6160. 15399
4050. 15399
2400. 15399
3450. 15399
3720. 15399
2280. 13399
3800. 13399
5360. 13399
3120. 13399
2000. 15699
2800. 15699
4710. 15699
6160. 15699
1200. 29999
3750. 15899
6360. 15899
4320. 15899
6480. 15899
1220. 11699
1680. 11699
860.0 11699
4680. 11699
2670. 11699
5480. 13699
1920. 13699
330.0 35999
1080. 35999
920.0 63999
1280. 63999
2670. 63999
2060. 63999
4980. 15799
3540. 15799
1520. 15799
1440. 15799
1020. 86999
2610. 86999
1300. 86999
2840. 86999
990.0 20699
1440. 20699
3870. 20699
6210. 20699
1500. 10599
3000. 10599
2910. 10599
1180. 10599
4240. 10599
1720. 11099
3090. 11099
2460. 11099
4440. 11099
8130. 27099
4740. 27099
1900. 12399
1560. 12399
3720. 12399
1620. 12399
3210. 12399
3060. 10199
1620. 10199
3320. 10199
1280. 10199
6779. 22599
3270. 22599
1660. 82999
2360. 82999
3680. 82999
2920. 82999
1900. 82999
750.0 24999
5010. 16699
1820. 16699
2580. 16699
1740. 16699
1440. 57999
1740. 57999
960.0 57999
5960. 18199
4110. 18199
2190. 18199
5460. 18199
940.0 12699
3270. 12699
1920. 12699
5080. 12699
5760. 23899
7170. 23899
3930. 23899
4880. 23899
2920. 12499
1770. 12499
1320. 12499
3750. 12499
570.0 18999
7200. 22999
3440. 22999
6900. 22999
4260. 22999
1540. 76999
1200. 76999
1340. 76999
1700. 76999
7200. 17999
5040. 17999
2730. 17999
3040. 16999
980.0 16999
3840. 16999
5100. 16999
1820. 16999
3090. 10299
100.0 49999
440.0 49999
520.0 49999
640.0 49999
640.0 15999
640.0 15999
720.0 15999
760.0 15999
200.0 99999
220.0 99999
220.0 99999
570.0 99999
260.0 99999
600.0 35999
320.0 35999
1320. 35999
320.0 35999
750.0 35999
320.0 15999
360.0 42999
1400. 42999
420.0 42999
420.0 42999
1720. 42999
1640. 47999
420.0 47999
1720. 47999
1920. 47999
2040. 52999
520.0 52999
1920. 52999
1920. 52999
1110. 52999
2120. 52999
2160. 52999
520.0 52999
2160. 50999
560.0 50999
1140. 50999
520.0 50999
1290. 50999
1320. 43999
540.0 43999
2160. 43999
1290. 43999
1260. 43999
1440. 66999
2640. 66999
1380. 66999
680.0 66999
2680. 66999
640.0 67999
2760. 67999
2720. 67999
660.0 67999
1530. 67999
1590. 68999
1590. 68999
2880. 68999
680.0 68999
680.0 68999
720.0 56999
2680. 56999
1710. 56999
800.0 56999
1830. 56999
3240. 80999
760.0 80999
3240. 80999
1890. 80999
3480. 86999
1830. 86999
3120. 86999
1770. 86999
3480. 86999
1770. 86999
3440. 86999
1770. 86999
3480. 89999
3480. 89999
880.0 89999
840.0 89999
2040. 89999
3760. 93999
3840. 93999
3880. 93999
3640. 93999
2190. 83999
2250. 83999
2250. 83999
980.0 83999
1020. 83999
940.0 94999
1040. 94999
2460. 94999
3800. 94999
2220. 94999
4360. 10899
980.0 10899
1040. 10899
1080. 10899
4160. 10899
4520. 11099
2370. 11099
2370. 11099
1080. 11099
4800. 11099
4440. 11099
1080. 11099
1140. 11099
2580. 11099
1120. 11099
1160. 12699
1280. 12699
1300. 12699
1280. 12699
5080. 12699
5280. 13199
2730. 13199
2580. 13199
1260. 13199
2850. 13199
1300. 13899
3060. 13899
1200. 13899
5560. 13899
3030. 13899
3150. 10499
1460. 10499
3210. 10499
1320. 10499
3030. 10499
3330. 12999
5200. 12999
1400. 12999
3270. 12999
3420. 12999
1400. 13199
1340. 13199
5280. 13199
3150. 13199
3480. 13199
1500. 14899
3300. 14899
5960. 14899
1640. 14899
1520. 14899
1720. 12499
1720. 12499
3690. 12499
1760. 12499
3750. 12499
3720. 18199
4050. 18199
7280. 18199
3930. 18199
4110. 18199
4650. 15499
4500. 15499
4560. 15499
4650. 15499
5100. 15499
5310. 17699
2320. 17699
5250. 17699
5250. 17699
5550. 17699
5760. 28599
7950. 28599
8580. 28599
8550. 28599
