4050. 0.619
420.0 0.995
480.0 1.0
860.0 1.0
5400. 0.699
2970. 0.618
2190. 0.808
2520. 1.0
2400. 1.0
7520. 1.0
820.0 0.997
3270. 0.611
320.0 0.866
820.0 0.887
3240. 1.0
980.0 1.0
1180. 1.0
3040. 0.398
1700. 1.0
5190. 1.0
3300. 1.0
1280. 0.996
920.0 1.0
1500. 1.0
4620. 0.753
420.0 0.926
390.0 0.847
780.0 1.0
1760. 1.0
1600. 0.598
500.0 1.0
540.0 1.0
2720. 1.0
480.0 1.0
720.0 0.998
1230. 0.985
2560. 1.0
1230. 1.0
1680. 1.0
720.0 0.495
1740. 0.620
4200. 1.0
3400. 1.0
3270. 1.0
1460. 0.854
3780. 0.655
1520. 1.0
4560. 1.0
220.0 0.687
260.0 1.0
1280. 0.758
2960. 0.733
4080. 1.0
2360. 1.0
4140. 1.0
3720. 0.388
1080. 1.0
5440. 1.0
5360. 1.0
680.0 0.992
5880. 0.809
2820. 1.0
4800. 1.0
3880. 1.0
5070. 0.465
2910. 1.0
1520. 1.0
660.0 0.966
1320. 1.0
420.0 0.928
920.0 0.999
280.0 1.0
320.0 1.0
750.0 1.0
1920. 0.618
1920. 1.0
2120. 1.0
2080. 1.0
520.0 0.985
1290. 0.798
1410. 1.0
660.0 1.0
1290. 1.0
2360. 0.455
1680. 1.0
1710. 1.0
3440. 1.0
3640. 0.710
1040. 1.0
3680. 1.0
2580. 1.0
3030. 1.0
1440. 0.810
6000. 0.769
4960. 1.0
2760. 1.0
6160. 0.629
1620. 1.0
3840. 1.0
1460. 1.0
1600. 1.0
3810. 0.626
3420. 1.0
3660. 1.0
4200. 1.0
4920. 1.0
4650. 0.541
4860. 1.0
5130. 1.0
5580. 1.0
