2760. 91999
2760. 12399
2520. 12399
3720. 12399
480.0 78999
1080. 78999
980.0 78999
1950. 78999
3160. 78999
5310. 17699
4840. 17699
1050. 51999
1080. 51999
1560. 51999
1140. 51999
640.0 51999
360.0 17999
2560. 12599
1640. 12599
860.0 12599
5040. 12599
6080. 15199
4290. 15199
3870. 15199
1420. 15199
1220. 60999
320.0 47999
560.0 47999
1440. 47999
660.0 47999
1320. 75999
1530. 75999
560.0 75999
560.0 75999
2280. 75999
3680. 10799
2480. 10799
2340. 10799
3240. 10799
920.0 10799
2880. 15499
1710. 15499
1520. 15499
1360. 15499
4650. 15499
1580. 13799
2970. 13799
4140. 13799
3440. 13799
1260. 13799
560.0 19999
200.0 19999
800.0 19999
720.0 19999
2000. 63999
1380. 63999
2560. 63999
1440. 63999
1350. 87999
1560. 87999
840.0 87999
3520. 87999
3160. 78999
2320. 78999
600.0 78999
2340. 78999
380.0 18999
640.0 48999
360.0 48999
980.0 48999
1240. 72999
2400. 72999
700.0 72999
2080. 72999
2920. 72999
2560. 14799
5920. 14799
1580. 14799
880.0 90999
1060. 90999
2730. 90999
2640. 90999
4720. 19999
2240. 19999
8000. 19999
4620. 19999
2280. 19299
2070. 19299
3870. 19299
5790. 19299
3270. 19299
2250. 82999
2840. 82999
2760. 82999
1660. 82999
1140. 82999
3810. 20099
2730. 20099
5340. 20099
6030. 20099
1020. 11899
2100. 11899
3570. 11899
2120. 11899
3440. 11899
4110. 13699
3840. 13699
1180. 13699
1180. 13699
4320. 13699
1040. 20199
3640. 20199
6080. 20199
6060. 20199
1240. 13599
4080. 13599
2640. 13599
2010. 13599
560.0 20999
200.0 20999
720.0 20999
840.0 20999
540.0 35999
1440. 35999
220.0 35999
570.0 35999
880.0 35999
340.0 39999
840.0 39999
1600. 39999
2160. 39999
460.0 39999
540.0 42999
1720. 42999
380.0 42999
1440. 42999
1920. 42999
2360. 58999
1600. 58999
2240. 58999
2520. 58999
160.0 40999
620.0 40999
1640. 40999
1080. 40999
2320. 40999
2240. 55999
1620. 55999
400.0 55999
1530. 55999
1410. 55999
2160. 53999
380.0 53999
480.0 53999
760.0 53999
1960. 53999
3240. 80999
2800. 80999
2320. 80999
520.0 43999
600.0 43999
720.0 43999
1380. 43999
880.0 43999
640.0 58999
580.0 58999
940.0 58999
2360. 58999
1530. 58999
3640. 90999
3200. 90999
1740. 90999
1080. 90999
380.0 18999
4240. 10599
1000. 10599
3120. 10599
960.0 10599
2280. 10599
1140. 96999
1000. 96999
3880. 96999
1200. 96999
2560. 96999
4240. 11499
4480. 11499
1240. 11499
3160. 11499
400.0 86999
1180. 86999
2610. 86999
2490. 11899
4760. 11899
4240. 11899
2520. 11899
420.0 20999
4640. 11599
1320. 11599
2370. 11599
2910. 11599
400.0 19999
1520. 15199
5680. 15199
6080. 15199
1360. 15199
2720. 15199
4520. 11299
2480. 11299
2280. 11299
3360. 11299
2550. 11899
1920. 11899
1260. 11899
900.0 11899
3570. 11899
2720. 11899
1640. 11899
1280. 11899
4760. 11899
460.0 93999
1360. 93999
2190. 93999
1290. 93999
3760. 93999
1770. 12399
1140. 12399
1560. 12399
3720. 12399
3570. 12399
1140. 92999
1710. 92999
2790. 92999
1380. 92999
3900. 12999
1120. 12999
3520. 12999
2520. 12999
1080. 12199
2520. 12199
1560. 12199
4360. 12199
4880. 12199
2340. 77999
1480. 77999
1020. 77999
700.0 77999
1580. 77999
2160. 14399
2310. 14399
3450. 14399
4320. 14399
1500. 14399
1680. 12899
4400. 12899
5160. 12899
2520. 12899
3960. 99999
3000. 99999
2580. 99999
2080. 99999
540.0 26999
1620. 14299
1300. 14299
6160. 14299
4200. 14299
1460. 14299
1650. 70999
2240. 70999
1420. 70999
2490. 70999
800.0 70999
4400. 10999
3040. 10999
4960. 10999
1920. 10999
540.0 10599
660.0 10599
2880. 10599
2970. 10599
4240. 10599
2300. 16499
4950. 16499
2010. 66999
700.0 66999
1710. 66999
400.0 19999
8320. 20799
3570. 20799
3030. 20799
2040. 10799
1320. 10799
4320. 10799
660.0 86999
1040. 86999
3480. 86999
2880. 86999
8190. 27299
5160. 27299
1260. 13899
1680. 13899
4280. 13899
5560. 13899
2400. 13899
1280. 14599
5120. 14599
3120. 14599
2790. 14599
4380. 14599
5160. 16599
2280. 16599
4080. 16599
4980. 16599
500.0 24999
6870. 22899
3300. 22899
960.0 47999
2880. 12399
1200. 12399
2320. 12399
4960. 12399
4080. 10199
1320. 10199
1420. 10199
1480. 10199
2070. 10199
6480. 16199
5310. 16199
3120. 16199
580.0 28999
560.0 13999
330.0 13999
160.0 13999
600.0 13999
390.0 13999
450.0 99999
200.0 99999
220.0 99999
220.0 99999
800.0 99999
480.0 24999
1000. 24999
540.0 24999
280.0 24999
1120. 24999
300.0 23999
720.0 23999
320.0 23999
340.0 23999
360.0 23999
1680. 40999
1720. 40999
440.0 40999
1720. 40999
420.0 40999
1640. 40999
1020. 40999
440.0 40999
1920. 40999
460.0 40999
480.0 53999
520.0 53999
2160. 53999
540.0 53999
540.0 53999
2280. 56999
2360. 56999
1440. 56999
1440. 56999
2720. 73999
700.0 73999
1590. 73999
2960. 73999
680.0 73999
2720. 78999
1590. 78999
800.0 78999
3160. 78999
3080. 76999
1740. 76999
3120. 76999
1890. 76999
780.0 76999
860.0 82999
780.0 82999
840.0 82999
3320. 82999
820.0 82999
3600. 89999
1920. 89999
1980. 89999
900.0 89999
3880. 89999
920.0 97999
2190. 97999
940.0 97999
3920. 97999
2160. 97999
3680. 98999
3960. 98999
4360. 98999
4080. 98999
1120. 80999
2340. 80999
1020. 80999
2430. 80999
2490. 80999
1080. 11899
2400. 11899
1200. 11899
4760. 11899
2520. 11899
2700. 11899
2730. 11899
4800. 11899
4760. 11899
4760. 12099
4840. 12099
1180. 12099
5120. 12099
4760. 13099
3000. 13099
5240. 13099
2880. 13099
5560. 13899
3090. 13899
3120. 13899
2970. 13899
5360. 13099
1320. 13099
1460. 13099
3030. 13099
1300. 13099
1320. 15199
6080. 15199
1440. 15199
5880. 15199
3389. 15199
3180. 11299
3389. 11299
3480. 11299
3180. 11299
1500. 11299
1480. 12999
1540. 12999
1560. 12999
3720. 12999
3900. 12999
7040. 17599
1700. 17599
4380. 17599
1780. 17599
4710. 17599
2100. 23499
4860. 23499
5880. 23499
6330. 23499
7050. 23499
