2320. 0.06587892428294204
1120. 0.19615865642663666
380.0 0.21213648637492843
3060. 0.6419154376748576
1620. 0.6539063188652752
4740. 0.6373144591626976
660.0 1.046370645054699
1320. 0.7067541419503511
2760. 0.7422613226428156
1180. 0.9300426416508587
630.0 0.5220779225260533
1580. 1.9448595108106979
5640. 1.8506312988559765
2280. 1.6756410422652817
1280. 1.6821801537649201
3440. 1.527939133945723
1680. 1.8975798285328074
860.0 1.9851589681508355
1100. 2.0340334714294173
2610. 1.8790205540507574
220.0 1.7227706223244756
1560. 2.0665360529450068
690.0 1.10950969803921
3760. 2.1320510738854477
3040. 2.6740742587203172
2960. 2.473646025209541
960.0 2.7136483676678678
1180. 2.9821845964868405
1890. 2.469783497759275
4960. 4.056545232941499
3360. 3.4787058153692794
1400. 3.93794718248194
2220. 3.421959176439975
2850. 3.687664489966601
2840. 3.9917045170509082
540.0 3.7836365842539537
3270. 4.603126986466106
1840. 3.640823771878205
2970. 4.404164917156947
4760. 4.665829309522216
1480. 4.802699637744726
1680. 4.329431590321228
1500. 4.277907736091823
380.0 4.170015850518981
4050. 5.782487301081797
6210. 6.087084793140774
5310. 5.401918972876954
5200. 4.998632580832734
1280. 5.4046594569809985
600.0 4.63459248859236
220.0 5.453390611141679
840.0 4.121602708774487
260.0 3.842095646812899
1720. 5.60135998223896
1040. 3.8673502538701907
400.0 4.8539030731040675
2360. 6.241764108970245
560.0 5.80881124870195
2760. 6.339334828068339
1920. 5.216552151852284
1740. 6.825735340398932
1590. 5.69651282984226
1980. 6.440486296193498
3040. 6.113724690211401
3880. 7.132305218877762
1320. 4.840878905209252
640.0 6.3029262178403185
580.0 5.880313097444695
280.0 4.318811343984775
320.0 4.4173953830967685
1180. 8.397630908091244
2480. 6.257449593529288
5160. 8.286900311756604
3360. 8.811195954800027
980.0 7.831523249179636
420.0 5.942642764040594
3270. 8.7859544974715
3160. 6.911244881974689
1080. 6.205594648509481
3330. 9.778915629074937
3880. 8.426221060211537
7160. 10.488894399888043
3840. 8.185108449301234
1440. 10.031146820242633
1920. 8.727056928667349
1620. 8.256438891748132
2460. 8.964700775622461
4720. 9.042188781427456
920.0 9.524672252213687
2370. 9.745449228705219
5680. 10.367453755518689
1560. 10.56045113804301
1900. 11.011681446295606
3660. 11.187903734404038
1620. 11.118721968002987
2120. 9.295294695188364
1040. 9.910971523894613
1640. 9.843167440801324
2080. 9.84923912278043
1340. 10.63039148136771
4860. 12.669830775063332
4680. 12.531407326959835
3160. 11.130069140330193
3150. 11.679504823039565
5400. 13.031405681788105
5400. 13.815926308057069
4520. 12.714271376382197
1820. 13.125908208674677
5250. 13.178290172880367
1440. 13.308097852032116
460.0 13.216206099778052
3210. 13.581395430177352
5130. 13.916707833153032
1740. 13.64543679511833
3450. 15.202870472284738
5560. 15.080559564935918
3120. 15.054614419109575
7170. 15.390039891911623
4410. 15.145645698188844
160.0 14.205124535462984
100.0 8.65691205486851
600.0 10.872526763400286
960.0 15.058805072070648
160.0 8.422656984241659
200.0 9.529430677462631
200.0 10.130086476338
720.0 9.310752379578163
810.0 15.36659920310686
1360. 14.527878563194504
360.0 15.12877215439074
570.0 12.238792980416733
1600. 17.020722446818766
900.0 16.69118796703946
460.0 18.56885233338862
840.0 10.116728006161871
1480. 16.324713133867025
220.0 11.322296160749318
260.0 12.162471582792787
200.0 10.315686082901394
480.0 17.718261178043782
1140. 19.125788588453112
540.0 18.99507240088686
1480. 14.77460473789756
2240. 18.44912587596071
1840. 17.482915424189347
1140. 18.51361371391294
460.0 17.245790839985297
1560. 21.720067662513728
1920. 17.03968534813084
1520. 16.04801683668499
2440. 20.752038844452272
1440. 21.266538372373848
2960. 22.588017065242393
1440. 21.607605452889523
680.0 22.185229267561198
1620. 22.830419406808268
900.0 16.833852527732574
3160. 23.86711282758467
1650. 23.811489056819713
2640. 22.114239890318018
1740. 24.013848189384376
3440. 25.39775761288282
2800. 23.769760718724108
2160. 20.89251495292971
1980. 26.430855079779555
720.0 23.67072268956281
3640. 27.245938668196835
940.0 27.23060707643812
1290. 21.370604691863157
540.0 21.22553294258296
200.0 16.638937059088203
1040. 17.556120993690385
940.0 27.82721340629564
3640. 28.720126490903333
2160. 29.37618812194497
3600. 28.00468567667486
1230. 22.677391657149766
640.0 25.366550591312
800.0 27.63851142041902
2360. 24.590443248399595
1080. 19.899865259006056
480.0 22.8787237544836
1020. 31.492616299749315
480.0 20.324382566937512
2250. 31.157104901245695
1680. 27.504667484163214
2240. 24.950292625815777
880.0 30.167025975095676
740.0 27.905357676973686
2610. 32.99437248198203
1040. 31.47178325864235
700.0 27.183272368387648
2700. 34.51796672044965
700.0 28.31014306722153
880.0 30.525041719745897
920.0 30.901767789566144
920.0 30.89768270808442
780.0 24.71443740170841
920.0 31.366420276386886
2040. 31.136358510821378
3160. 31.313598304438678
2190. 33.265447802844754
4920. 35.993027765169856
4160. 33.71190694876016
1440. 26.983991901878294
940.0 33.41864392732572
920.0 33.13161910160194
4280. 34.76678928715665
4880. 37.97002637550672
1680. 32.49100781344802
4200. 35.77704690443361
2520. 31.16183212788845
880.0 34.989838261990805
1350. 31.88280524170624
2460. 36.66378544368939
2520. 31.905585590210258
160.0 27.517782117881232
780.0 34.83542823972681
2120. 32.14991321359922
1400. 40.31852708523326
1960. 31.569375096590882
4760. 39.71212103384105
2490. 38.2668486740159
3400. 35.64071690198311
260.0 30.74426894077535
700.0 35.79870469145156
1660. 44.221145635582204
1480. 42.59932623846504
3810. 44.302954004622194
2880. 40.51202273822007
960.0 39.03145783751045
2070. 38.66373275729673
3560. 38.397937877259466
4880. 40.964172910420366
5200. 42.96238869181177
2520. 37.22407448260354
2400. 36.97880650940655
4260. 46.857828859345204
1350. 38.162125740061995
1960. 37.222858292018984
1500. 44.58318377244517
4760. 42.2985204132696
4960. 44.39861679631254
3240. 45.423819030531114
1480. 45.66544169626868
4480. 42.97896223532217
6320. 47.838409571918994
2850. 45.56063709069259
2340. 43.63215742865939
3720. 42.75972604702269
740.0 43.02957059468871
1720. 49.58834398403422
2430. 45.18115695801132
3150. 47.272369405563275
3240. 43.15090617868633
1480. 48.86036458298602
620.0 43.41490007403411
1740. 50.494791966719326
2000. 42.64986890386609
6880. 50.159829271446995
5920. 49.9860900665794
2370. 47.24403946996241
5430. 55.350895469639276
3480. 50.12389762035801
1080. 48.714414398119345
3180. 50.584697359908034
4560. 48.8595728131285
6480. 51.35211644441494
1980. 48.97053665262211
880.0 48.893937036097775
2560. 47.579085130038166
4050. 53.72761924841722
5130. 56.21940605313026
3540. 53.689443623851865
2520. 51.21673423260316
3760. 50.220956037346056
1840. 48.48580188795542
640.0 49.339507758072685
5960. 55.451770219272504
5560. 54.866037140551015
6280. 55.69715362734418
4280. 53.19617703119707
3030. 56.00652154231302
4480. 54.88813610762823
1520. 56.75284382495391
3920. 54.13550376205782
4920. 56.389915765571814
2880. 56.46141524712155
1360. 56.80019253630108
1920. 54.22865343416325
620.0 54.84487625755472
1720. 53.945055175620965
680.0 55.05838771991078
5700. 64.35656843427388
2970. 58.88554703257208
2220. 62.431835405065875
1540. 60.96184672693542
1240. 59.54592927606913
2580. 59.05420270573136
4950. 63.205043424236635
900.0 59.45663231971465
1260. 60.84576409943305
1620. 58.66679438859821
1420. 61.462072995800966
560.0 58.018225698419755
7350. 69.10546528701586
4110. 63.09517152387859
1240. 63.311203368219175
2670. 63.012828567053376
4320. 62.471233450897756
3360. 63.810692927007054
1200. 62.72217915929073
3520. 63.17753780288285
1290. 62.1087194342135
700.0 62.515508339415206
1200. 61.95363146349493
6540. 70.88596121604463
6000. 65.77356520245438
580.0 63.281968487222386
2120. 65.13306747519565
820.0 66.0581497948284
360.0 64.5111595925394
2760. 65.51159408488147
5400. 67.50663059405089
5580. 72.76053884288363
5640. 69.18041945381816
5190. 71.5811072630153
3600. 67.761589998021
1320. 70.96524216654956
2670. 70.4691759832638
1240. 70.48555718482518
3440. 69.45661562732873
4410. 72.12210257634516
1520. 71.99089436235946
1840. 72.51715139109288
1590. 69.9043102672415
6150. 75.9859889100259
7500. 77.04577800633642
4740. 74.31625633331942
1050. 72.4925595656994
1300. 74.06846757193412
3030. 74.03413745158089
2910. 73.63365010015733
560.0 73.76741383279928
1160. 74.72009884496617
1470. 73.86938008256585
1120. 74.5310573126811
7140. 78.92296138516365
5340. 77.50596196025035
1740. 76.59959374465664
1700. 77.54301625803964
1920. 77.70967393982102
3840. 76.66928519543453
440.0 76.41558407285034
1240. 78.97862988071809
420.0 78.04903660003042
3570. 79.05832845172245
7650. 80.35069879050302
3480. 81.78948147467966
4080. 81.84115777152017
4290. 81.80532495817882
5160. 81.98835397781285
4650. 81.71101904102997
2080. 82.96839590953348
4680. 83.25052465625407
1620. 82.97344748379075
7000. 83.30799150372249
3990. 85.45479926094535
1340. 84.87618818675287
2820. 84.84692447237764
2790. 84.80224592269596
1060. 86.6541027875766
2260. 86.87191046832774
4170. 86.5861780325572
6240. 86.5186639522698
900.0 86.86676429890751
600.0 84.57361891177493
220.0 86.75178466032376
840.0 81.42091799539187
1040. 82.85828545708999
1200. 87.78502954892268
1200. 84.71552715591625
690.0 86.38488551180069
320.0 83.38141001707784
780.0 85.83583842006651
1440. 89.2584933982785
360.0 88.69829503888901
810.0 87.1038004232119
360.0 85.77108130259222
870.0 83.58568716619112
870.0 84.34217493431744
1560. 84.86257171312005
400.0 86.54105652098026
1640. 87.76562897052156
930.0 87.3889584320501
1720. 89.90730532485512
420.0 86.91110331697206
440.0 90.37446927144649
960.0 86.43522958074126
460.0 89.00700575218626
1920. 91.92477989651428
460.0 86.22125582839934
1960. 86.34385757079268
1960. 85.58264227061579
2160. 91.57055645094408
2120. 89.287808537551
560.0 92.8118994987067
2120. 86.78617028466769
600.0 93.35219795319975
2320. 90.25636028850131
2360. 90.88394172424506
2360. 89.70750182757195
2400. 90.27680371583422
620.0 92.83536082649454
2520. 90.02673694683689
1470. 90.35288159094638
2720. 93.56747449652588
700.0 91.75517809137793
700.0 92.80254847889363
3000. 94.45323783067381
1620. 90.85100283700494
3160. 96.29042197762946
740.0 90.41020079979211
1680. 91.9897973106005
3080. 92.97339962405005
760.0 91.90801946919363
3280. 97.88283135086711
3160. 95.77054171904305
3040. 92.41774924203241
3040. 91.77060000384022
800.0 95.4329915177428
3280. 98.23975994144885
3440. 99.51714445770621
1920. 98.64924245877239
3440. 96.97183190482812
3320. 94.65035065085411
840.0 95.07098842285711
860.0 96.97892044566711
1890. 94.62287176946255
3520. 97.95471782004756
3480. 95.11014502679335
3840. 102.20328458256506
3760. 99.21091997951787
3880. 100.38553054299551
920.0 96.49308539453862
960.0 98.8920225723062
1020. 102.81203851120424
3920. 96.87011678936585
2220. 96.99695756328786
1040. 102.41225024055292
2280. 99.97693661731773
2280. 99.77206310399694
2280. 98.79572553329969
2430. 103.01481912592278
2280. 98.48672289736609
1080. 102.13578520451279
1120. 104.10441242755032
4520. 103.23469231405046
2520. 100.8485462988769
4560. 100.84846223987029
1180. 103.281887333523
1220. 105.16237711863327
4640. 100.50745749768787
1160. 100.1148264340438
1200. 102.72008203537442
4960. 104.44428573060007
1240. 104.00609355842782
1280. 106.62089913633756
1320. 107.25829872445922
5000. 103.11859749401296
5360. 107.91344044562939
3060. 107.30810970026239
1400. 107.77879758706761
3000. 103.5193624156643
3210. 109.533836275668
3180. 108.71143234569367
1400. 106.67116429754665
3210. 107.0293433069829
1460. 108.79272544871341
1480. 110.65117198609492
3330. 109.04653787901789
1520. 110.78940270593375
6000. 108.85522201357506
1520. 107.94335582913446
1460. 106.03179461390276
1620. 111.74585613128292
6200. 107.75708556705382
3570. 106.13906479423387
6480. 107.64987517642443
3660. 109.43532461476016
1620. 109.05334967530794
3870. 112.69769974896127
6800. 107.93229038526324
3960. 110.7363776157903
4020. 110.66291356867322
1880. 111.61403047288665
4290. 110.9323638721755
5490. 115.01002983877784
5670. 114.14307780329318
6060. 110.73081897664434
