3760. 0.664
2580. 0.543
800.0 1.0
6990. 0.613
400.0 0.769
300.0 1.0
320.0 1.0
760.0 1.0
2320. 0.562
3360. 1.0
1620. 1.0
1440. 1.0
3750. 1.0
4860. 0.394
3510. 0.740
6080. 1.0
6000. 1.0
1020. 0.977
3960. 0.744
520.0 0.783
330.0 1.0
330.0 1.0
320.0 1.0
1120. 1.0
800.0 0.937
460.0 1.0
920.0 1.0
320.0 1.0
300.0 1.0
2120. 0.669
2400. 1.0
630.0 1.0
620.0 1.0
280.0 0.807
1080. 0.828
2160. 1.0
760.0 1.0
2040. 0.692
3640. 1.0
940.0 1.0
930.0 0.512
1000. 0.915
480.0 1.0
2430. 1.0
520.0 0.841
2640. 0.994
2520. 1.0
1220. 1.0
2790. 1.0
4760. 0.624
1160. 1.0
980.0 0.986
480.0 1.0
1080. 1.0
840.0 1.0
400.0 0.889
4360. 0.396
4720. 1.0
6680. 1.0
1640. 0.954
580.0 1.0
480.0 1.0
3570. 0.743
4320. 0.912
3240. 1.0
3760. 1.0
2120. 0.553
1520. 1.0
1360. 1.0
820.0 1.0
2920. 1.0
3510. 0.905
4920. 0.740
2070. 1.0
1820. 1.0
2850. 1.0
1400. 0.815
5280. 0.771
3330. 1.0
6930. 1.0
320.0 0.986
320.0 1.0
740.0 0.796
3120. 0.659
5840. 0.282
3960. 1.0
5440. 1.0
4710. 1.0
4410. 0.565
5760. 1.0
2850. 1.0
4170. 1.0
1260. 0.775
3660. 0.753
2730. 1.0
2760. 1.0
720.0 0.998
1000. 0.717
3300. 1.0
4280. 1.0
3330. 1.0
1540. 0.745
780.0 0.999
980.0 1.0
2550. 1.0
4620. 1.0
3800. 0.808
