1580. 78999
320.0 15999
960.0 47999
800.0 19999
420.0 31999
2120. 31999
640.0 31999
7280. 18199
3440. 15699
700.0 15699
6280. 15699
1860. 15699
1020. 10099
4040. 10099
1100. 10099
1280. 10099
440.0 21999
240.0 36999
220.0 36999
1110. 36999
1520. 36999
520.0 36999
840.0 55999
2360. 55999
1680. 55999
1200. 55999
940.0 55999
4360. 10899
2580. 10899
960.0 10899
1020. 10899
2580. 10899
3960. 10199
2960. 10199
4280. 10199
980.0 10199
500.0 24999
340.0 24999
1600. 13899
3750. 13899
5680. 13899
4170. 13899
5800. 13899
740.0 15699
2370. 15699
4710. 15699
4980. 16599
5960. 16599
3510. 16599
1240. 10399
1240. 10399
4160. 10399
2130. 10399
4470. 14899
2250. 14899
3040. 14899
840.0 37999
1520. 37999
320.0 30999
150.0 30999
200.0 30999
600.0 30999
1240. 30999
300.0 39999
280.0 39999
300.0 39999
1600. 39999
1720. 39999
630.0 47999
1920. 47999
800.0 47999
380.0 47999
220.0 17999
360.0 17999
420.0 17999
300.0 17999
1960. 43999
1320. 43999
2240. 43999
2440. 43999
1600. 52999
2120. 52999
660.0 52999
1920. 52999
300.0 30999
620.0 30999
2480. 61999
2040. 61999
2320. 61999
640.0 61999
1860. 60999
2640. 60999
2520. 60999
840.0 60999
3360. 83999
1640. 83999
820.0 83999
2320. 83999
640.0 83999
3440. 85999
860.0 85999
2640. 85999
2360. 85999
560.0 62999
2360. 62999
1890. 62999
640.0 62999
4080. 11099
3040. 11099
4440. 11099
4320. 11099
760.0 96999
2920. 96999
860.0 96999
3840. 96999
3880. 96999
740.0 80999
3360. 80999
780.0 80999
2400. 80999
1290. 80999
1740. 64999
900.0 64999
1710. 64999
1720. 64999
680.0 64999
2880. 71999
1100. 71999
940.0 71999
1100. 71999
340.0 55999
1530. 55999
2010. 55999
1120. 55999
1180. 55999
560.0 63999
2520. 63999
2370. 63999
2920. 63999
1280. 63999
6160. 15399
3270. 15399
2340. 15399
2240. 11899
1160. 11899
1860. 11899
4760. 11899
1120. 11899
1480. 12999
3680. 12999
1580. 12999
3900. 12999
3750. 12999
2910. 96999
2100. 96999
1440. 96999
4000. 96999
920.0 95999
1230. 95999
1220. 95999
1830. 95999
3840. 95999
4470. 14899
3870. 14899
1360. 14899
4760. 14899
1280. 63999
1440. 63999
2560. 63999
2920. 63999
4600. 14299
4240. 14299
4290. 14299
3870. 14299
990.0 88999
820.0 88999
1780. 88999
4620. 16699
6880. 16699
4650. 16699
1780. 16699
320.0 21599
2080. 21599
4760. 21599
8640. 21599
820.0 81999
870.0 81999
2400. 81999
2460. 81999
3660. 12199
3880. 12199
1920. 12199
3680. 12199
2580. 12199
1240. 18499
2160. 18499
7400. 18499
6880. 17499
7000. 17499
4710. 17499
1680. 12399
920.0 12399
1340. 12399
3720. 12399
520.0 25999
3900. 20199
2850. 20199
4840. 20199
6060. 20199
2760. 20199
1860. 18999
7600. 18999
2310. 13199
940.0 13199
5280. 13199
2910. 13199
560.0 27999
720.0 27999
2360. 11799
1540. 11799
2040. 11799
4280. 11799
1500. 11799
4980. 16599
4260. 16599
5760. 16599
4640. 16599
7400. 18499
2520. 18499
1360. 12299
1300. 12299
460.0 12299
1020. 12299
3690. 12299
1880. 12199
1380. 12199
4880. 12199
4080. 12199
2240. 12199
5729. 23599
5200. 23599
3920. 23599
7080. 23599
2730. 14799
2400. 14799
5920. 14799
1980. 14799
3720. 14799
4110. 14599
1660. 14599
1540. 14599
2790. 14599
4380. 14599
4440. 14599
4530. 14599
1660. 14599
1230. 40999
180.0 10999
100.0 10999
100.0 10999
440.0 10999
440.0 10999
640.0 15999
160.0 15999
200.0 15999
720.0 15999
420.0 15999
840.0 10999
220.0 10999
540.0 10999
480.0 10999
220.0 10999
220.0 13999
260.0 13999
280.0 13999
280.0 13999
300.0 13999
1040. 35999
320.0 35999
320.0 35999
340.0 35999
1440. 35999
1440. 35999
360.0 35999
840.0 35999
400.0 35999
930.0 35999
1720. 42999
440.0 42999
380.0 42999
900.0 42999
1720. 42999
420.0 21999
440.0 21999
1840. 21999
440.0 21999
1020. 21999
1080. 51999
2080. 51999
2040. 51999
2040. 51999
1840. 52999
1230. 52999
560.0 52999
2360. 52999
580.0 52999
2320. 53999
1290. 53999
580.0 53999
2160. 53999
1200. 53999
1350. 59999
620.0 59999
2400. 59999
2240. 59999
620.0 59999
2320. 57999
1440. 57999
2560. 57999
1530. 57999
640.0 57999
700.0 65999
2560. 65999
2640. 65999
2760. 65999
2960. 68999
3000. 68999
2640. 68999
680.0 68999
720.0 68999
740.0 78999
740.0 78999
2880. 78999
3160. 78999
1710. 78999
740.0 73999
2800. 73999
2960. 73999
740.0 73999
1890. 73999
3360. 83999
3240. 83999
3360. 83999
1860. 83999
1740. 75999
820.0 75999
3240. 75999
3200. 75999
820.0 75999
800.0 91999
1950. 91999
900.0 91999
2040. 91999
3680. 91999
820.0 95999
3840. 95999
940.0 95999
900.0 95999
960.0 95999
1000. 98999
900.0 98999
4000. 98999
1040. 98999
1000. 98999
3800. 10599
4240. 10599
2430. 10599
4240. 10599
1120. 96999
4000. 96999
1060. 96999
2430. 96999
980.0 96999
4080. 10099
2220. 10099
2220. 10099
4040. 10099
2610. 11699
2580. 11699
4280. 11699
4680. 11699
4760. 11899
2700. 11899
1320. 11899
3030. 11899
4960. 11899
4800. 12899
2580. 12899
5160. 12899
5160. 12899
1240. 13399
5360. 13399
3120. 13399
1200. 13399
3000. 13399
2730. 13699
4960. 13699
5480. 13699
1360. 13699
2910. 13699
1440. 13899
5160. 13899
5560. 13899
3000. 13899
2850. 13899
3240. 14899
3420. 14899
5960. 14899
1500. 14899
3180. 14899
3120. 15799
6320. 15799
6080. 15799
3360. 15799
5600. 13999
1560. 13999
3420. 13999
1640. 13999
1560. 13999
1620. 11899
3270. 11899
1680. 11899
1600. 11899
3570. 11899
6200. 15499
1640. 15499
1720. 15499
3840. 15499
1660. 15499
6760. 18399
3810. 18399
3660. 18399
7640. 18399
1900. 18399
4410. 14199
1820. 14199
4260. 14199
4110. 14199
4710. 14199
4440. 19699
4800. 19699
5040. 19699
2160. 19699
7880. 19699
2120. 19699
4980. 19699
5040. 19699
5010. 19699
5910. 19699
5190. 22099
5310. 22099
2380. 22099
2480. 22099
6630. 22099
6240. 21499
6450. 21499
6960. 21499
