2840. 0.17185352369731063
2120. 0.6061898219541062
1920. 0.6621241499181176
1040. 1.3970092682194488
2200. 1.4565705828063817
2000. 1.3788778448797157
1920. 1.2783560457579628
720.0 2.3632827390243465
2160. 2.217700067717681
3300. 2.4366105944365946
3640. 2.130159432661499
880.0 2.48531722074838
1220. 2.4327389494757323
160.0 3.207572078172282
800.0 2.5228745785397133
1160. 3.0972855748700816
1230. 3.4876430841987065
930.0 2.889746894271665
1040. 3.2835291785911975
1200. 3.437884929669726
2320. 4.336467577629621
1960. 3.901571850717202
220.0 4.10176652867478
760.0 5.457169911615443
420.0 4.529359192922527
840.0 5.539712768834875
420.0 4.379610947901753
1530. 6.405170412917963
1020. 7.147981073889167
680.0 6.191863992627308
4480. 7.00071931916815
4320. 6.61990829420494
2070. 7.194431392640915
2080. 6.555187668844946
6000. 7.859915665817339
500.0 7.704578671440368
1320. 7.791974734035275
1180. 8.438766141303839
3690. 8.551698609959322
1080. 7.922318970474569
5010. 10.212435305466167
4020. 9.599306537706475
4260. 9.486530716586492
7650. 10.141567578703649
1420. 10.28703179603874
1380. 9.826605619033327
5040. 9.699670817611105
6450. 11.123363320578054
5700. 10.270124690010796
840.0 10.214098794612301
1900. 10.861436030175106
1260. 10.610350883071625
100.0 10.002314114545806
160.0 11.766293279742662
160.0 9.772405385515684
100.0 5.465527002675929
540.0 10.038104556258563
220.0 9.581503018353619
280.0 10.16239519295663
420.0 7.697234011980729
1320. 10.005741490248496
1520. 10.858986792716179
990.0 13.812771710816337
1140. 15.083757101434175
1720. 13.476624952342295
2120. 14.77090277487975
300.0 10.225413699330963
390.0 8.959293254573712
540.0 14.920302937162724
1520. 12.014254818566345
2120. 16.529349456679565
2360. 17.584682643743406
1440. 13.11955691773589
2440. 17.165306180733715
500.0 16.871860278839222
1200. 17.172897016861832
640.0 18.551991264148292
1480. 14.431946383942385
740.0 19.168232302774786
600.0 18.76077294531164
2160. 17.8403800171209
1440. 15.21406469499003
840.0 20.96551069106608
420.0 15.663816560838647
520.0 18.492369725361552
2760. 20.181380818458802
1710. 20.969338165138453
3480. 21.561270458382822
1770. 20.61227921414506
1640. 18.660319891383317
600.0 20.626839589200426
1620. 21.872338276967486
760.0 22.287241747386254
1560. 21.548492660101903
600.0 21.806161785440523
340.0 19.185560676524176
1040. 18.368786296259614
580.0 21.554253670339946
4080. 28.00606206874042
2070. 26.75024806219626
3080. 25.059514422004955
880.0 25.922267853130908
1440. 23.585900247042073
2130. 27.837946596310445
3760. 27.76991378851048
1230. 24.041009809819787
1220. 29.79664765825476
660.0 25.82426810483335
2360. 24.928744420392647
3880. 30.010955287634648
2670. 31.666805854064524
3680. 29.34236010625768
1890. 28.652278422850557
4960. 33.519445900803234
2520. 28.324758259140474
1830. 29.677066497913923
1200. 32.6397710910567
1290. 29.876874434756715
480.0 29.078202392676445
1120. 33.807849682829854
870.0 28.23684106215308
640.0 30.08226496406594
4040. 34.775446836149996
5680. 37.662769124073634
1240. 36.26430883883558
2670. 35.81518787078413
1320. 36.71914194393408
1920. 32.011124198193606
1240. 37.02691429793437
1120. 36.17102612324406
4960. 38.42176558702736
5880. 39.68233826840624
1300. 38.45444264433738
1770. 37.1614916192406
820.0 37.29012440424589
1440. 40.9391534329517
1640. 34.488518065592146
3900. 42.591151948808935
200.0 33.58067135878079
4280. 40.78810115811781
3270. 43.002758423052654
2040. 39.75391119946873
5160. 41.97124405366503
1110. 39.47926112126521
3280. 41.366591378137585
1780. 46.61062180907096
860.0 41.39587723937478
1140. 39.401305232538625
580.0 40.136388111677554
3960. 44.37260346825137
3810. 47.96993638841027
7600. 49.05843304532265
3420. 46.970733821651706
4280. 46.92437078271686
5000. 47.864038935488466
1580. 49.58203805899836
4140. 50.81108567001328
3570. 49.223792865866464
4760. 49.50397075161117
3360. 50.983891709297225
1700. 51.92591160915769
4860. 54.12563946128529
5080. 49.75593031047592
4410. 54.05382134870617
4110. 53.339135688970735
4050. 53.108666652883
1060. 51.69482207582295
2280. 49.37792068144386
1800. 54.92920166299902
2070. 50.91506838285802
3270. 53.265518284646426
860.0 52.20713687990529
1300. 54.117843345552224
1890. 52.050015122233205
1440. 49.92772243636962
3270. 56.150594966173465
5010. 59.32443867702391
4160. 54.04361939326112
1040. 55.60346459380154
1160. 56.117944256584664
4360. 55.68292909454336
1020. 55.37451315560123
5250. 62.18766319837951
2580. 57.083334666219834
4160. 56.56365105638888
760.0 57.488552004159246
2520. 56.907158763967594
1160. 58.89780859920034
3630. 60.5715611156808
1380. 59.66973780844663
1360. 61.61424141596255
2360. 58.74872975148188
1920. 59.68329687386344
1440. 61.55893177762322
940.0 59.8170983800174
4200. 64.80588008128642
1780. 64.39429734997809
5360. 62.797745938765814
740.0 60.80751408508752
680.0 62.20208255537085
3000. 62.38203463118275
1440. 64.38397037054156
2820. 63.707080008376195
5160. 66.69128483310806
1680. 64.85026343351055
1480. 66.81017704312798
3570. 67.00806109990579
2280. 65.43495475614243
1020. 67.17319890274652
3389. 68.47389910925429
5850. 71.34754622943021
2880. 67.82852719052745
1120. 69.46436360171597
1200. 69.58955671197972
1040. 69.15879204412519
700.0 68.23762250564221
3780. 70.48480285279443
2730. 71.93122542871215
1920. 71.09140970533589
3800. 71.28218007697245
3780. 72.70406581636863
5820. 74.49765045445459
1540. 74.10021196654169
2580. 73.25298966218682
4500. 74.97835589963447
8730. 78.75523048020428
2580. 75.62458742029665
1360. 76.01702109285785
1300. 75.89594660074638
1780. 76.74614230071242
6680. 76.51981617920092
870.0 75.28812907710707
700.0 75.78336470327802
820.0 75.98239764586938
4600. 79.1278713297514
4860. 80.88550070079782
6400. 79.7542574188621
5160. 79.1502387700926
1980. 82.66031005228851
4680. 81.42479386062995
1460. 81.84993922675075
2730. 81.45353783147057
3440. 80.72257024249875
1980. 82.1082758383554
1640. 82.82335398814494
2430. 82.19959042032187
800.0 82.54523048171191
580.0 82.94541527291486
540.0 82.84039538284414
3960. 86.52979194237307
6060. 87.08058389684066
2080. 86.49531039979998
5080. 85.633176691199
220.0 85.43892558930028
320.0 85.37499417747117
3780. 89.33671034562798
4040. 88.88614981026726
4470. 89.02525772990975
1760. 88.8793441737496
4620. 88.9021583917471
5700. 89.45045004698517
440.0 85.22868060659503
160.0 90.07871140806269
640.0 88.02841122817826
560.0 76.32959435853485
600.0 82.97644321559241
330.0 78.53340908805995
390.0 89.84087888096022
420.0 78.02373490340928
840.0 82.5683603228447
920.0 84.42801631927794
540.0 85.46859609978424
1000. 87.35742018072276
600.0 94.47290242476743
920.0 81.09444302474766
1080. 93.95536273427291
1120. 93.66289751896585
1000. 85.32414175824897
630.0 87.51474107872217
320.0 95.83897691072453
300.0 87.57720733593275
780.0 95.60466587552152
780.0 91.27047217292666
840.0 95.98898619968273
1560. 98.37089219821016
360.0 91.202777168359
1440. 91.19537822601325
1600. 100.28332557459456
1360. 86.58117794767631
1440. 90.66440263982504
360.0 89.59273771822517
840.0 93.90403086496643
870.0 94.49053264280278
990.0 104.38594378485163
1480. 89.67222709049834
990.0 102.68610672200631
1640. 98.33892836470122
1720. 100.53395346770279
420.0 95.48863963517627
1600. 91.28444239027772
1640. 94.67076153309796
480.0 107.26775180213754
1080. 106.9398530160532
1720. 95.46724374230512
1880. 104.17704675078218
2000. 108.6544829631955
1920. 104.20656154591043
520.0 109.988897384687
1050. 100.75399289502556
460.0 99.13500439035249
520.0 104.38972780279096
540.0 107.32863571564901
560.0 110.4417463462315
600.0 114.07588883835923
580.0 109.05652505172358
580.0 107.9320227488564
620.0 111.8818205388983
580.0 103.52537622687773
640.0 113.53237368054698
1380. 108.80451995840235
580.0 104.35405329695216
1290. 103.39216564827854
560.0 100.82052982190496
1290. 105.00111745331996
2640. 116.38849918449709
600.0 107.37164016375102
2480. 109.88314681912416
600.0 105.62994493994292
640.0 112.61814549005484
1380. 108.60631140206226
2560. 111.67046878059838
1590. 119.67924273741285
700.0 118.60716159905408
1380. 109.72603394961642
680.0 117.65050757107608
2680. 115.64414221905682
660.0 113.01095339831247
2720. 115.19985857520868
2840. 120.84924372465966
1560. 118.06229355421641
2480. 109.25822756770432
760.0 123.06378873837835
2960. 123.06008391224488
720.0 119.66527886605184
1710. 123.64944378764817
2960. 120.82565479334262
1680. 121.34767271757322
2800. 117.77623786956899
1800. 128.42364028485105
2880. 118.96130782849822
2760. 114.86789801429254
1860. 130.94693793662802
1710. 122.8934370918244
1830. 127.43544641415068
720.0 117.33043627741446
1800. 125.43134346887703
1680. 121.82887399844962
840.0 130.9458792816946
2880. 118.40712160459992
3440. 131.61746527320707
3160. 126.7286854396218
820.0 128.4960655622648
3360. 129.10018100299038
820.0 126.75213110677831
1770. 122.91887330395481
860.0 131.60723541158936
940.0 138.22922945101342
3400. 129.7756167946465
800.0 124.92861008726582
3560. 132.4183965402944
940.0 139.15644655966528
3160. 125.2105428010221
880.0 133.3165591125358
880.0 132.49340113545608
3920. 141.08371357235416
3440. 131.46161906585786
3840. 140.43022658348934
3680. 136.59999782435779
3960. 141.9537869949907
3560. 135.3675147224591
1920. 131.0324206375728
3960. 142.92897716156875
3440. 131.22320478441628
3640. 137.40599324485936
3840. 141.54508556899265
1950. 133.50315076929124
1020. 144.74923750782824
3560. 136.11529270028313
880.0 135.01968585685862
4240. 149.7984554987609
900.0 136.42606528346982
2340. 147.83586549035027
4000. 145.71899192054366
4240. 150.6545107594812
4240. 150.419584459
4360. 152.18453891015076
2070. 140.3324493944072
1020. 148.29073417797906
2310. 148.55993304372578
4160. 149.50010623946477
980.0 144.26569485250707
940.0 142.64755638494628
2370. 151.52710807869022
2490. 154.97687458295883
4240. 151.29098161474332
1100. 153.8287964818659
4440. 156.36999424916738
3760. 143.12451951027253
2490. 155.75518214799231
2280. 148.38615808051446
4120. 151.93781765129157
1040. 152.28827096690034
1060. 153.25458165066456
4280. 153.9123244885272
1000. 147.86309156520198
4080. 152.23678286453972
4480. 159.679556876009
1020. 152.00706813991818
2280. 151.25114120985455
2280. 151.1213028206051
2550. 161.94520673436512
1100. 159.27630746720467
4320. 157.10715855475092
2640. 163.93683456479638
4440. 159.1074746896262
1220. 167.67402075327558
2370. 155.56559563080927
2370. 155.4204537121936
1240. 168.3759990976125
2580. 161.55668220050308
1260. 171.13624147702626
2430. 158.31161375961324
5000. 170.26044387355012
2850. 171.18448785436777
1180. 164.75949777881877
2670. 166.95725515234017
4880. 169.16017540885397
2580. 163.7174996122287
5000. 168.8093916203497
2550. 163.12349856074735
1260. 171.3945927956188
2820. 170.52374702422148
2550. 161.0171850527632
1280. 170.4670873798713
3000. 176.3779552719382
1140. 163.25574830034083
1240. 169.76598405299782
2850. 170.9157548162542
2610. 163.61491598464409
2910. 173.67536822327773
4600. 164.48601920120134
5520. 179.10641883063192
2790. 169.83232202996157
2910. 175.22371327313346
1380. 180.15591796807922
3180. 182.10964198606794
1260. 171.71229114427757
5280. 175.39301561682032
2970. 177.10200283763322
4800. 169.58304993758136
3000. 177.50365746048575
2970. 176.4320098569489
4920. 173.63563387623225
1240. 172.92768558750504
3030. 179.22961852333145
1260. 174.00921194833685
1460. 185.98175112586785
3180. 184.60138158352612
3060. 181.09645867036585
2850. 175.57129019350594
5360. 179.3149863859997
3180. 183.19997601680842
2970. 180.15937512028222
1360. 181.85256575402173
1400. 183.19003770730703
1340. 179.09012934929993
3270. 184.9870014491016
3360. 189.13902111911523
1340. 180.35023821997314
1440. 185.85208406205118
3570. 193.93309834037822
3389. 189.40813882308152
3210. 187.19676332834015
1460. 187.49605417099298
1580. 193.59218088053404
5960. 188.2322999048346
1500. 188.73638870556766
1380. 184.96197720803713
3360. 189.823636903037
5840. 187.95066651775002
3720. 197.2301926730564
1420. 184.70512318197257
1520. 191.3616811590795
3810. 200.12647581497325
3510. 192.8279687275566
3750. 195.62805175177198
3840. 197.1194909793477
3540. 192.0119061084186
3660. 194.09635544093916
6560. 194.57272152966726
7280. 202.73293163519475
3900. 201.21668121378525
1640. 195.14050121812681
3870. 198.41133358053168
1720. 198.36483379796326
4020. 200.4458900789926
1620. 195.30904845575785
4170. 205.77064948946722
1640. 195.9995934657617
1620. 194.7250126629339
1800. 202.0567368412697
4260. 208.1957378763471
4020. 203.09350107290646
1940. 209.7542249780847
3870. 199.79426474276875
7720. 208.6499196344944
1860. 207.7751274148818
3810. 200.44773109286248
3990. 202.81879186191293
3900. 200.3883263254593
2060. 214.15074900512332
4110. 206.8279632847516
4470. 213.2201244489878
4080. 205.15784598155207
4710. 216.16200426134688
7680. 208.77342571292203
1920. 209.8623268298717
4860. 219.29254937774644
4230. 207.21309992346428
4920. 218.96193307996776
2000. 211.2154069604192
5160. 223.34277833378968
2220. 219.5051949733117
4890. 217.46316014846647
5250. 222.0372118480289
4410. 208.0358791256822
2300. 220.69561828715914
4800. 213.9686647245938
4920. 211.5362502042573
5160. 214.6985214085965
5250. 212.73275840572205
5340. 215.2153752952524
6390. 223.9546913946965
5850. 216.67803240976806
6060. 215.52212010258674
6779. 215.87918529164452
