220.0 0.03541570125546847
2910. 0.06824815068962538
2520. 0.08736265385504996
1440. 0.20003009078381864
520.0 0.16731656121491773
4880. 0.32294949051319516
2360. 0.5322908230245191
4760. 0.6538592654688543
7230. 0.6926152619824283
4320. 0.6023437673330501
320.0 0.591773820443198
520.0 0.2773744353591079
3080. 1.402795380861329
2160. 1.14978837342861
920.0 1.2824724160112013
800.0 1.1828444494732826
1180. 1.3002170046665924
3420. 1.4074394978439957
150.0 0.7348526438794751
750.0 1.2232298589020651
1380. 1.451245108698062
380.0 1.0219621591748873
820.0 1.314217739894409
1220. 2.5335411904232266
2250. 2.123799969382449
1860. 1.7519898188284255
4360. 1.7461798015943701
5430. 2.110481542020098
1720. 1.75666683942215
3800. 1.7934377188878479
150.0 1.1558038424483938
420.0 2.378756431224326
1480. 2.124405706166371
380.0 2.0955519287469007
1140. 2.226502526749444
840.0 1.8401759655917678
2320. 2.5238999429354116
700.0 2.564327058097897
760.0 2.6859586347092725
2680. 3.5661794549545096
1920. 3.5866157595612482
3480. 3.5173812371354782
3160. 3.121850034323443
1060. 4.413339085378276
1980. 3.950379028381575
3560. 3.9348106910341247
2520. 4.0982726452800495
1740. 3.593837664245032
2670. 4.736964229167841
5040. 4.687207437531614
3150. 4.70744569945908
1860. 4.2143349489883715
520.0 4.4907262197092805
2520. 4.40928139914376
820.0 4.508396625414333
4410. 5.9443072843344655
4470. 5.867057345946871
1460. 5.363910538365781
1590. 5.9862629462061285
780.0 6.016867658207571
3540. 6.305216708703428
2320. 5.86816287135917
4400. 6.032724578426306
3660. 7.203762330409061
5640. 7.125051479667795
1740. 7.013639200896955
3240. 6.804769621696261
330.0 7.094484817487278
160.0 5.8290237416865125
880.0 4.707429357225404
1120. 5.284916308092342
380.0 6.274926704025022
1560. 7.441424677037064
420.0 7.650952834797761
520.0 8.204609712270132
960.0 4.687034156774195
540.0 7.864743507221492
1840. 7.65707598240516
2800. 8.988168978348615
1720. 6.413681281219637
780.0 9.285488862883316
300.0 5.422274368511625
3040. 10.108244439861132
2240. 8.18399062245043
800.0 9.582799133913714
1980. 10.177266781320279
3440. 10.873461705686069
2520. 9.1344935040967
1290. 8.681493388903707
1140. 8.05460916629927
500.0 9.12506101998137
280.0 7.399830900314491
1920. 8.79247594214705
1890. 11.02895690216057
3320. 10.888752080232369
4080. 13.058800974950433
4240. 13.220744218473413
980.0 12.515425290447364
2680. 10.508817813519272
1160. 13.295806655736165
3160. 12.145134115878966
1120. 13.589141871429756
4240. 13.066070524088683
1920. 10.167683705178437
2760. 12.522593415622762
2400. 14.169647358270485
4040. 13.872304877839296
2310. 13.652540930995738
840.0 12.759047115707716
2970. 15.789488685379068
2880. 13.21210947118818
1440. 16.063760788615383
4240. 14.439803942095011
1300. 15.18519455301946
2280. 15.092519398969712
1540. 16.88287291384698
5360. 16.137767526566485
1140. 15.312864955255819
3120. 16.02439899346458
1480. 17.527085850998933
1260. 16.695753402616088
4400. 16.11593414695599
2560. 14.671224027988515
3720. 15.462963881479133
460.0 14.636556922569326
740.0 15.306534630462936
1460. 17.11357591695855
1720. 18.971042096597287
4140. 19.216303564918494
2480. 15.948817964265581
4840. 17.37829474576639
560.0 16.813505169914315
1830. 17.392380765126315
2920. 17.11471013251731
3280. 17.31812545496973
6000. 20.38831592372577
6520. 20.67413934337604
4650. 21.63678121496117
3360. 20.242975096185567
1180. 20.394411792841517
2100. 22.41987172888769
7400. 21.780795838352162
1720. 21.32456520915705
680.0 20.315153240587854
620.0 20.160140210005522
2160. 20.85219551334798
1660. 22.2593739617442
4240. 21.00445338174903
940.0 21.998936677632084
2200. 24.229788518311803
5190. 24.212366796809004
3560. 21.622935585173238
6520. 22.76761815163134
1340. 23.560503038958515
3330. 23.722730772239245
1700. 23.980852524801172
3160. 22.635839122582567
4680. 24.439566173653663
5880. 24.529712320350498
5550. 25.680709001554277
6330. 25.72123493466836
1640. 25.267420149268666
2440. 23.99010391802346
4080. 25.22720366583475
500.0 24.134539649549467
1710. 25.66235560279482
3320. 25.6986251183232
980.0 25.80114988349453
2970. 26.066707399472875
800.0 25.62948640174974
4170. 27.711726722240364
4020. 27.4361796828436
3389. 27.091736156800913
2020. 27.368454582761924
600.0 26.735403110147466
4760. 28.61095271906793
5340. 29.137852373391738
6660. 29.194787281810882
4240. 28.264499892324658
680.0 28.95062755133668
1400. 28.904229216145517
1200. 28.810221665310046
2730. 30.327009815770758
4440. 30.25939977628911
3240. 30.10529224159232
5190. 30.290101109344207
6360. 30.50539227973246
180.0 19.488885583320126
520.0 26.855548746467818
640.0 29.661342685437095
160.0 29.299375170773274
390.0 30.734388805219872
160.0 27.629915775876324
100.0 17.569671232358562
330.0 24.540439481231648
600.0 24.64970994892865
420.0 27.834088806314476
220.0 32.049429399020674
220.0 31.444582852338456
450.0 28.884871137754935
160.0 22.142973482029113
1040. 31.722241351945648
640.0 21.11045289056922
260.0 32.672540316184936
280.0 33.53478336840914
300.0 34.82875897465187
840.0 25.385987788210926
200.0 23.984315990931638
600.0 31.47697756021249
280.0 32.37370173941392
320.0 35.6056328804538
1240. 33.53396641526801
160.0 19.87605613428139
780.0 36.52077602616297
480.0 25.27627102680566
280.0 29.962392708657127
320.0 32.72412025830097
480.0 24.342391948529066
360.0 35.08662572136264
160.0 21.179689115183656
400.0 37.52741036885429
1360. 32.91285482262579
460.0 40.21369238045807
1440. 36.634983961161645
220.0 25.755095114001087
870.0 36.599766527785654
280.0 29.6336152805424
1760. 38.9686920684027
400.0 37.69707440433703
1640. 37.817231177974705
260.0 28.649534310144034
340.0 33.33970976186495
360.0 34.395450912128815
1920. 42.80673068764764
1240. 32.36933723605092
1360. 33.95389358759465
780.0 33.98518144953297
840.0 27.848906156855612
960.0 39.628651838681336
440.0 40.19871575734326
1960. 42.484165435521085
540.0 45.0727394108137
360.0 36.90486587310693
2160. 46.246153367194424
380.0 37.680205109790236
1600. 38.652347286097296
1080. 42.440349034009344
560.0 47.805858548351324
570.0 32.03612155923396
1720. 40.90040513212081
1320. 35.302121182127685
2320. 48.86987950080059
810.0 38.099466554520504
520.0 45.76490880452947
2520. 50.371833272782126
460.0 42.3428209361375
630.0 35.09811984767984
1440. 51.832594429600476
620.0 50.86041903076035
2640. 52.33714107673731
540.0 46.68920596399852
1640. 42.230461773446905
1760. 43.51035776008797
1960. 45.66196884302599
1380. 51.02050645984154
2680. 54.815378497911915
1720. 43.88234899824302
2760. 54.662326362851715
750.0 38.896321436368744
420.0 43.93523347075261
440.0 44.412419761619205
560.0 49.29017537491539
540.0 48.36318970028644
2760. 56.076202081467926
2760. 55.57704328942721
2720. 55.016976782024415
2320. 50.67119608224076
2160. 50.61376422445609
460.0 47.318912407168725
780.0 58.456092497124864
1140. 48.13871727614629
760.0 57.684029581283944
2360. 53.06758786131827
1920. 48.812986701930484
2280. 51.975536721117926
720.0 57.30061362712696
660.0 55.067864954758
1720. 47.71843982148853
2520. 54.741756784284405
480.0 49.432599525956206
2640. 55.75754952511392
3200. 61.61795511908416
1320. 54.12080468013231
2520. 55.46715896625503
560.0 53.82987300483911
420.0 48.908345785341524
1590. 60.308449085312944
820.0 64.05099184052202
840.0 48.61631086500646
1350. 56.15125546275141
3280. 63.40599650363864
3280. 64.95289115049553
900.0 67.2508991228657
1720. 51.59927457406614
1520. 49.830278937603225
600.0 57.824080818659105
780.0 64.49603912553962
1920. 66.87644136917541
3040. 63.759039390569185
940.0 69.42622799177664
3280. 65.4675554241023
780.0 65.35550482997013
820.0 66.39433844674365
1920. 67.42798986390805
880.0 67.98967879544215
600.0 59.19170657709573
3080. 65.92333296126962
1600. 54.28817454243952
1440. 61.35276545568639
1590. 63.31152625717474
440.0 55.55433137570203
480.0 57.12621427667899
1760. 57.702400367873594
980.0 73.65723113427143
740.0 66.28262116763081
1980. 69.94158601683961
3080. 66.77352163077168
2760. 66.08405466287014
2680. 65.27066848890001
4360. 76.84045452294116
2320. 62.511335866955996
720.0 67.77258989716594
560.0 63.06678414638946
720.0 67.1422419440742
3440. 70.67630554460212
3840. 74.80338220338287
900.0 72.34473863118987
2490. 77.11182471701783
4400. 76.82681173684038
740.0 70.08315507625916
2120. 64.39799020527614
2360. 65.8442080318362
2400. 77.68995562859457
1140. 63.73293955611199
2480. 68.08853868844201
4760. 82.15057518223995
2560. 68.52145502570573
2190. 76.4592782344101
480.0 66.32650521609301
1710. 73.02327986746975
1240. 84.64669584186981
3480. 75.56694344958862
3920. 78.16551033727531
4960. 85.95231112609491
3760. 78.59176420239893
4800. 84.7152965512574
3680. 77.82366506620994
740.0 75.43354700255182
2040. 78.8204666962981
3600. 78.59958505284419
940.0 79.4067374771386
820.0 76.5698502525497
4040. 82.00508256861455
2730. 86.49144142221371
4440. 84.13349380083226
1320. 88.59826915158841
2440. 74.35198287918197
3680. 80.72559962047748
1240. 87.21133849461897
2040. 79.9469956947752
2760. 77.08602939475259
780.0 78.96748463592907
2730. 87.93680750104
3120. 91.37376816272432
1300. 89.47521356148246
2550. 87.68740196058265
3060. 92.31903756769302
1360. 92.13521977006613
2320. 75.99574135940045
3270. 93.24115688615646
1100. 87.89159277885435
2790. 90.64019187816777
4160. 86.64896009303524
1980. 83.44333317131156
1520. 96.06660384175696
4920. 91.84629715276206
5360. 93.72217391526637
2010. 84.96033997547545
1520. 96.59174524441293
3360. 85.69301045683
1540. 98.73359241649948
2280. 88.81736996941899
2440. 81.1943503684206
2160. 87.74428190821581
2130. 89.4032757347853
2250. 90.07064672771472
1600. 100.66858231388284
3080. 85.60802769367523
1060. 90.76556381562102
4280. 92.95735364568841
2430. 93.09049442645833
2280. 91.88696166236642
1260. 96.17857615684679
3240. 88.26819538347198
2460. 95.43130979237966
1600. 104.24666839970726
3840. 93.01826025118535
3040. 89.32469034579464
2340. 94.0826914764288
3450. 103.96836878713732
5480. 101.1032269400016
5920. 102.68133086199524
2920. 90.1346071497623
1100. 98.26139646759299
1560. 104.94661942059194
3990. 107.60868397428914
3240. 102.31517851526647
2580. 97.57215724326329
2640. 99.30274992672628
5960. 103.94279005952852
3320. 93.80075741087269
1890. 95.85189898737713
820.0 95.43038774234532
1320. 102.86175539375401
4800. 100.89506723370502
7120. 110.714561168822
3270. 105.62876563629227
1900. 112.17113009716293
860.0 98.69185783299565
1080. 101.926488467586
1640. 110.05026025639623
1380. 106.17877197576927
2370. 101.35962592356051
860.0 100.91260823332055
3760. 101.95192799619235
4600. 104.80817718944692
1860. 114.85986453503325
1440. 108.86048048575964
1020. 104.48032287531665
1420. 110.13611556566401
4240. 105.01441342774338
1440. 110.25378311634844
8440. 120.17457921839863
1460. 113.02539039485623
1320. 110.88436116533171
1140. 108.37282583513225
3440. 104.45884298622926
4880. 109.3532586945019
4120. 108.51513894707156
4770. 123.3024098178527
3440. 106.07550354098862
3840. 117.46649511034032
2670. 112.64167245863612
3540. 117.75961880193447
3000. 114.36322821860198
6640. 118.47191062269425
2000. 122.91471966599656
1660. 119.62757543299224
4410. 122.88862915933889
1940. 122.41085497641444
2180. 125.209637293552
1020. 112.83389210560244
3300. 118.19160685874432
6640. 120.55723510621368
1640. 120.18907080797659
3570. 119.29925530738198
5310. 130.81733498521945
3990. 123.4574054677186
6200. 120.80001302284592
3420. 120.32608719408483
1660. 121.48663759921025
1560. 122.95657957837341
5800. 121.50251385447508
5400. 120.30028411722944
1280. 119.34963415991629
4020. 124.90299192191446
3540. 124.93786602950838
2910. 121.82280621749808
5360. 122.33019847661481
1400. 122.97227021398729
1500. 123.83314695783292
6360. 126.38128080561876
4720. 122.03777383508046
6180. 138.4070531926174
5010. 132.39834528566806
1480. 127.18036247109109
6160. 127.52847366907488
5080. 124.54402089848571
5640. 125.8991711539806
5610. 139.1856332066717
7050. 144.14668207970018
3480. 127.78755908068212
4080. 130.05720092599697
1760. 132.36279092299043
3389. 129.5812633345006
5760. 128.91453771185917
4950. 135.39615693230323
6000. 138.97182145395388
5640. 139.0117838102111
1720. 132.12608047030034
1980. 133.8473551946124
4410. 133.59004350687178
1560. 132.58207637219076
4980. 136.32988124741684
7640. 133.92965274537696
6150. 143.9541590884763
5580. 141.91558686472482
5280. 140.29842855515014
4620. 138.09279603200352
4170. 135.58738485777602
5880. 140.24694177706846
7860. 143.74542273301591
