2320. 57999
1120. 27999
380.0 27999
3060. 15799
1620. 15799
4740. 15799
660.0 68999
1320. 68999
2760. 68999
1180. 68999
630.0 20999
1580. 14099
5640. 14099
2280. 14099
1280. 14099
3440. 14099
1680. 86999
860.0 86999
1100. 86999
2610. 86999
220.0 93999
1560. 93999
690.0 93999
3760. 93999
3040. 75999
2960. 75999
960.0 75999
1180. 75999
1890. 75999
4960. 12099
3360. 12099
1400. 12099
2220. 12099
2850. 12099
2840. 10899
540.0 10899
3270. 10899
1840. 10899
2970. 10899
4760. 11899
1480. 11899
1680. 11899
1500. 11899
380.0 18999
4050. 20699
6210. 20699
5310. 20699
5200. 20699
1280. 63999
600.0 42999
220.0 42999
840.0 42999
260.0 42999
1720. 42999
1040. 58999
400.0 58999
2360. 58999
560.0 58999
2760. 58999
1920. 65999
1740. 65999
1590. 65999
1980. 65999
3040. 96999
3880. 96999
1320. 39999
640.0 39999
580.0 39999
280.0 39999
320.0 39999
1180. 12899
2480. 12899
5160. 12899
3360. 12899
980.0 10899
420.0 10899
3270. 10899
3160. 10899
1080. 35999
3330. 17899
3880. 17899
7160. 17899
3840. 17899
1440. 11799
1920. 11799
1620. 11799
2460. 11799
4720. 11799
920.0 14199
2370. 14199
5680. 14199
1560. 14199
1900. 14199
3660. 12199
1620. 12199
2120. 12199
1040. 12199
1640. 66999
2080. 66999
1340. 66999
4860. 15599
4680. 15599
3160. 15599
3150. 15599
5400. 17999
5400. 17999
4520. 17999
1820. 17999
5250. 17999
1440. 17099
460.0 17099
3210. 17099
5130. 17099
1740. 17099
3450. 23899
5560. 23899
3120. 23899
7170. 23899
4410. 23899
160.0 23999
100.0 23999
600.0 23999
960.0 23999
160.0 23999
200.0 99999
200.0 26999
720.0 26999
810.0 26999
1360. 26999
360.0 26999
570.0 39999
1600. 39999
900.0 39999
460.0 39999
840.0 39999
1480. 33999
220.0 33999
260.0 33999
200.0 33999
480.0 33999
1140. 55999
540.0 55999
1480. 55999
2240. 55999
1840. 45999
1140. 45999
460.0 45999
1560. 45999
1920. 45999
1520. 73999
2440. 73999
1440. 73999
2960. 73999
1440. 78999
680.0 78999
1620. 78999
900.0 78999
3160. 78999
1650. 85999
2640. 85999
1740. 85999
3440. 85999
2800. 69999
2160. 69999
1980. 69999
720.0 69999
3640. 90999
940.0 90999
1290. 90999
540.0 26999
200.0 46999
1040. 46999
940.0 46999
3640. 89999
2160. 89999
3600. 89999
1230. 89999
640.0 55999
800.0 55999
2360. 55999
1080. 55999
480.0 55999
1020. 74999
480.0 74999
2250. 74999
1680. 74999
2240. 74999
880.0 86999
740.0 86999
2610. 86999
1040. 86999
700.0 86999
2700. 89999
700.0 89999
880.0 89999
920.0 89999
920.0 89999
780.0 67999
920.0 67999
2040. 67999
3160. 12299
2190. 12299
4920. 12299
4160. 12299
1440. 10699
940.0 10699
920.0 10699
4280. 10699
4880. 12199
1680. 12199
4200. 12199
2520. 12199
880.0 81999
1350. 81999
2460. 81999
2520. 81999
160.0 79999
780.0 69999
2120. 69999
1400. 69999
1960. 69999
4760. 11899
2490. 11899
3400. 11899
260.0 12999
700.0 12699
1660. 12699
1480. 12699
3810. 12699
2880. 12699
960.0 12199
2070. 12199
3560. 12199
4880. 12199
5200. 14199
2520. 14199
2400. 14199
4260. 14199
1350. 11899
1960. 11899
1500. 11899
4760. 11899
4960. 12399
3240. 12399
1480. 12399
4480. 12399
6320. 15799
2850. 15799
2340. 15799
3720. 15799
740.0 10499
1720. 10499
2430. 10499
3150. 10499
3240. 10499
1480. 17199
620.0 17199
1740. 17199
2000. 17199
6880. 17199
5920. 18099
2370. 18099
5430. 18099
3480. 18099
1080. 16199
3180. 16199
4560. 16199
6480. 16199
1980. 17099
880.0 17099
2560. 17099
4050. 17099
5130. 17099
3540. 11799
2520. 11799
3760. 11799
1840. 42999
640.0 42999
5960. 14899
5560. 14899
6280. 14899
4280. 14899
3030. 11199
4480. 11199
1520. 11199
3920. 11199
4920. 12299
2880. 12299
1360. 12299
1920. 30999
620.0 30999
1720. 30999
680.0 30999
5700. 18999
2970. 18999
2220. 18999
1540. 16499
1240. 16499
2580. 16499
4950. 16499
900.0 62999
1260. 62999
1620. 62999
1420. 62999
560.0 62999
7350. 24499
4110. 24499
1240. 10799
2670. 10799
4320. 10799
3360. 10799
1200. 10799
3520. 90999
1290. 90999
700.0 90999
1200. 90999
6540. 21799
6000. 21799
580.0 28999
2120. 13499
820.0 13499
360.0 13499
2760. 13499
5400. 13499
5580. 18599
5640. 18599
5190. 18599
3600. 18599
1320. 14699
2670. 14699
1240. 14699
3440. 14699
4410. 14699
1520. 91999
1840. 91999
1590. 91999
6150. 24999
7500. 24999
4740. 24999
1050. 96999
1300. 96999
3030. 96999
2910. 96999
560.0 57999
1160. 57999
1470. 57999
1120. 57999
7140. 23799
5340. 23799
1740. 84999
1700. 84999
1920. 84999
3840. 84999
440.0 21999
1240. 25499
420.0 25499
3570. 25499
7650. 25499
3480. 17199
4080. 17199
4290. 17199
5160. 17199
4650. 17199
2080. 17499
4680. 17499
1620. 17499
7000. 17499
3990. 13299
1340. 13299
2820. 13299
2790. 13299
1060. 15599
2260. 15599
4170. 15599
6240. 15599
900.0 44999
600.0 25999
220.0 25999
840.0 25999
1040. 25999
1200. 29999
1200. 29999
690.0 29999
320.0 29999
780.0 29999
1440. 35999
360.0 35999
810.0 35999
360.0 35999
870.0 35999
870.0 38999
1560. 38999
400.0 38999
1640. 38999
930.0 38999
1720. 42999
420.0 42999
440.0 42999
960.0 42999
460.0 42999
1920. 47999
460.0 47999
1960. 47999
1960. 47999
2160. 52999
2120. 52999
560.0 52999
2120. 52999
600.0 52999
2320. 58999
2360. 58999
2360. 58999
2400. 58999
620.0 67999
2520. 67999
1470. 67999
2720. 67999
700.0 67999
700.0 74999
3000. 74999
1620. 74999
3160. 74999
740.0 74999
1680. 76999
3080. 76999
760.0 76999
3280. 76999
3160. 78999
3040. 78999
3040. 78999
800.0 78999
3280. 85999
3440. 85999
1920. 85999
3440. 85999
3320. 82999
840.0 82999
860.0 82999
1890. 82999
3520. 82999
3480. 96999
3840. 96999
3760. 96999
3880. 96999
920.0 94999
960.0 94999
1020. 94999
3920. 94999
2220. 94999
1040. 80999
2280. 80999
2280. 80999
2280. 80999
2430. 80999
2280. 11299
1080. 11299
1120. 11299
4520. 11299
2520. 11299
4560. 11399
1180. 11399
1220. 11399
4640. 11399
1160. 11399
1200. 12399
4960. 12399
1240. 12399
1280. 12399
1320. 12399
5000. 13399
5360. 13399
3060. 13399
1400. 13399
3000. 13399
3210. 10599
3180. 10599
1400. 10599
3210. 10599
1460. 10599
1480. 14999
3330. 14999
1520. 14999
6000. 14999
1520. 14999
1460. 16199
1620. 16199
6200. 16199
3570. 16199
6480. 16199
3660. 16999
1620. 16999
3870. 16999
6800. 16999
3960. 16999
4020. 18299
1880. 18299
4290. 18299
5490. 18299
5670. 18299
6060. 20199
