1520. 0.953
300.0 0.996
1520. 0.683
1800. 1.0
540.0 1.0
2160. 1.0
780.0 1.0
1600. 0.727
1860. 1.0
1420. 1.0
4440. 0.614
1140. 1.0
1260. 1.0
460.0 0.984
420.0 1.0
1180. 1.0
3780. 0.577
5160. 1.0
3450. 1.0
4800. 1.0
200.0 0.803
960.0 0.884
2160. 1.0
1140. 1.0
2720. 0.378
2160. 1.0
2360. 1.0
1890. 1.0
3360. 0.668
4280. 1.0
1760. 1.0
2360. 1.0
1380. 0.625
1830. 0.905
3840. 1.0
4760. 1.0
1760. 1.0
4840. 0.407
3810. 1.0
3000. 1.0
3570. 1.0
480.0 0.789
5250. 0.396
6000. 0.766
5000. 1.0
160.0 0.990
1780. 0.922
2220. 0.999
4740. 1.0
2730. 1.0
980.0 0.800
2160. 0.821
1380. 1.0
3360. 1.0
1780. 1.0
4760. 0.551
4770. 1.0
330.0 0.671
220.0 0.737
280.0 1.0
930.0 1.0
2080. 1.0
2000. 0.469
1720. 1.0
1960. 1.0
620.0 1.0
2040. 0.608
2520. 1.0
720.0 1.0
640.0 1.0
1620. 1.0
640.0 0.822
780.0 0.724
3840. 1.0
3280. 1.0
3160. 1.0
3080. 0.528
1000. 1.0
1060. 1.0
1100. 1.0
3560. 1.0
1380. 0.749
2310. 0.708
3180. 1.0
1120. 1.0
1360. 1.0
1160. 0.734
5040. 0.649
3750. 1.0
4530. 1.0
6600. 0.266
6210. 1.0
6240. 1.0
7350. 1.0
