3040. 0.18102526790037582
3160. 0.9200639284191366
1240. 0.8923257951626637
3900. 0.9487367623386114
400.0 1.367903435275837
440.0 1.3574241180132338
1020. 1.2889886045746741
1120. 1.2436773413131508
5280. 2.882399951444568
2520. 2.3874563940981792
3840. 2.756997463195072
2130. 2.3845220610089566
3960. 4.020643244726487
1760. 4.23592541380028
4520. 4.0226537092303145
960.0 3.9335348905232097
4080. 3.8929563947101715
3880. 4.067723401984727
300.0 4.886384632150828
660.0 3.6169395073363093
360.0 3.9166427871756837
720.0 2.4180422408658786
1720. 6.117303723921388
1640. 5.038636622947131
1080. 5.2225122115860065
2760. 6.322896638065094
600.0 7.16931759348144
2360. 7.0020944568107355
2920. 7.588856756087536
800.0 7.583389840538187
620.0 6.485174289732273
880.0 8.69274804947798
3640. 8.669855372214286
3920. 8.673799543112084
1290. 7.015897577096717
3440. 9.284376077870059
1100. 10.09398007020491
680.0 8.63346805211631
3440. 9.203901223548248
1530. 8.604423203978467
4960. 11.375731172538462
3440. 10.055790552412823
4600. 10.376558902561158
1170. 10.573332631201843
820.0 11.390713071987406
1560. 10.899765868510157
4080. 11.71834479332918
1380. 12.45735456126388
5200. 13.20353005047412
2430. 12.481012926296481
1580. 13.54904018145634
1760. 12.793706127215085
780.0 12.578525352231413
400.0 12.656837744107277
1620. 13.313277006782815
2610. 14.19324458697368
5440. 15.647534005146918
3760. 14.635901272947784
4760. 15.091538654338208
260.0 13.85200499720413
870.0 14.097773058280227
4680. 17.219284558531733
1780. 17.856902579372324
2940. 17.149239800578755
5010. 18.326569543390352
2880. 16.974622648635957
480.0 16.11397967546913
390.0 16.01428544785891
6600. 19.221863160362453
5850. 19.751470171599447
8120. 18.90911478096507
1720. 20.018767574117454
1320. 19.55302534339151
820.0 19.04998805607283
6560. 19.227343662643392
8080. 21.32394429979926
5880. 20.91160795778795
4080. 20.917055416327674
5460. 21.10419514701607
2320. 21.942835259389113
3640. 21.956181866577378
4080. 21.943169063436123
1620. 21.833610447330244
860.0 23.638834180948628
4040. 23.646197736879834
2400. 23.645666041903755
3990. 23.77374368671083
1960. 23.59423233611519
200.0 18.37261545816827
520.0 24.507316252900615
330.0 19.44939721823723
840.0 24.509292880274046
600.0 18.85042273806412
560.0 16.414531686924317
260.0 27.22246760396848
840.0 22.443437245137403
260.0 25.67181435806406
1000. 27.200117049323662
300.0 17.175535191234758
630.0 29.086376689131917
160.0 19.149420846217417
840.0 22.822467367171257
640.0 21.199768425990335
1160. 30.470310314697734
630.0 29.21756247957876
280.0 29.17213680001684
300.0 18.17496097555803
200.0 14.35646728927917
320.0 31.792988525284727
320.0 30.760170644757103
1000. 25.357124536331305
420.0 34.12592907120884
260.0 27.33951292196477
400.0 33.690251134284296
200.0 22.563479886620307
920.0 23.780362999441575
380.0 30.421506385230483
1480. 31.46611700344876
2120. 37.929041864728944
2160. 37.979869994487004
1200. 27.763083699912656
520.0 38.75585587650901
2200. 39.94055189701807
520.0 37.93221217732332
1080. 36.164584152119545
600.0 40.58762586630198
360.0 32.80430979091494
460.0 36.58368008229447
1380. 42.08062805278367
400.0 33.94403498253261
2360. 43.90005208215876
1800. 37.605866630112864
1080. 38.577293398200055
1040. 30.443061743563046
380.0 37.22542268905707
320.0 34.93968588431111
1230. 42.967182959190346
1640. 37.74932464624794
280.0 33.05588716637702
2120. 44.12907456939147
1440. 47.98730202482559
620.0 47.16633749600321
2360. 45.38023308938373
380.0 38.266434481975544
760.0 33.91876340502434
1290. 46.54607773443979
1140. 44.187796630560186
2240. 45.67119154645349
220.0 35.827072697779876
440.0 42.49319109194745
1680. 54.15926642012194
2960. 53.45741364917608
2120. 46.81052977922732
2840. 52.27621292927385
3040. 55.61024224744373
1710. 54.861263096706786
2680. 51.860419703551074
2000. 46.44029346669357
460.0 48.40754161481412
420.0 46.147341173408435
2160. 49.12887403326921
2640. 52.2630558248024
330.0 40.85019836028248
420.0 48.0622295931598
1440. 53.559025408956764
860.0 59.17929745154541
760.0 56.58694288246851
1380. 54.900632796089106
360.0 48.35009728496394
2520. 55.26001133583042
3040. 58.5467615135193
1200. 48.913450805289045
660.0 57.84004373972013
920.0 64.26703943199692
450.0 46.24207713889268
200.0 48.05111960070385
700.0 60.423796478814225
2960. 61.1027682015442
3640. 65.06172982785965
900.0 67.7426372797212
760.0 63.5468336903214
1680. 63.08342497399957
2760. 61.7215376448735
3400. 65.37853054113859
900.0 68.66187839606707
3120. 65.8230410927532
920.0 68.67585436698252
3120. 65.40579470909408
960.0 69.53060370586627
3840. 71.24396447703303
3840. 70.99314100436843
4080. 72.21596702785457
3640. 69.4894136783256
760.0 68.66029689730703
2040. 71.46300175615305
1960. 62.44364611552285
560.0 63.89559239997255
540.0 63.273961490727345
750.0 61.0024835326696
1040. 75.74600080766774
1470. 67.32267376380717
500.0 64.18952679134989
2400. 78.59357503664494
1920. 65.97481967024147
3280. 72.53055329678904
4160. 76.89403352032527
280.0 63.85089748324221
1920. 67.66100123680681
920.0 76.21218445375881
2580. 80.64406247452575
1100. 82.03885204146025
800.0 75.90082536234003
4600. 82.46934230962239
2610. 82.58295590848653
3600. 77.45823713209586
720.0 75.99118412090453
3560. 79.0428822248118
3800. 80.12552419100206
4560. 83.64976648268342
340.0 70.5604921202706
1380. 75.63483527449804
2610. 85.75133027989298
960.0 81.87222799810887
3960. 85.08375343961832
2320. 77.22312635141837
3480. 82.54425731266166
2160. 84.13181256710972
840.0 83.78687643949937
1140. 89.05021663531382
3360. 83.61486749242921
4080. 86.79144965442218
4640. 91.11903697601245
3160. 83.88830666914345
2970. 92.84329252719077
1140. 81.37923605368864
500.0 80.97141305566893
880.0 87.4426325008173
1040. 76.7796792519099
4240. 92.68566951403542
960.0 90.51970109696644
3280. 88.1450645243358
5360. 96.48424027449434
820.0 90.35317988830019
2430. 94.41337708059169
2880. 97.51970728550593
2280. 93.17390064830835
2430. 94.23758099908119
1360. 100.88036957096523
870.0 85.22856376844102
5680. 101.65394069722308
3180. 101.53451782633809
3180. 101.46764549125753
2880. 101.60706741639869
1420. 103.70765434764876
1740. 93.4618467451228
1320. 101.98189785629374
1320. 101.9536974373211
2250. 99.23990277814406
4200. 99.75172753034268
1920. 96.57530269105446
3960. 98.57987451111123
2040. 99.68573588013284
1560. 109.3213853627986
3240. 107.49867053268247
2730. 104.03437377458785
980.0 100.36263520492017
1160. 105.57256529379521
1890. 100.93381360043232
1060. 104.03931208639256
3760. 102.32463844615779
2370. 103.84578495073147
2160. 104.84522637363716
2070. 104.09228616981844
2250. 105.0426303022962
1040. 105.33790472900314
420.0 97.68856714997018
3930. 117.84014979520082
5280. 111.68894676903103
3510. 114.64057705704312
3440. 105.46618059443006
880.0 108.26744183760383
920.0 108.73337965991907
1680. 106.45279863847007
3360. 107.61787683035902
3780. 118.47199975278673
1300. 115.86736631398394
2760. 114.92086151153451
860.0 110.0663937970462
3870. 121.02377028369877
1460. 117.54070476940132
3600. 121.25847088545903
1320. 117.68858482274142
1740. 122.90770915083984
1770. 110.90695291012379
900.0 114.97181192932644
1180. 118.13059992677773
3600. 123.0150678772379
3180. 120.65726889467236
3480. 114.10930344106384
3720. 125.5739834835664
2460. 118.78037240486948
3880. 117.25261481692539
3760. 116.7687502777567
1720. 113.41450666034001
2850. 122.75422594797584
900.0 118.56733667563817
4170. 128.92530020256373
1600. 115.57800906656293
920.0 121.20831245733436
3800. 121.52080536066833
3360. 120.26691697747047
680.0 120.47793333038959
1580. 129.77397590717496
1420. 128.08014693321417
1160. 125.29307728087203
6560. 132.50414264400703
3210. 129.84390633329897
1540. 130.91502830867464
1120. 128.95283223812518
1260. 130.34942417922187
3600. 133.67826430994361
4680. 138.43248492070356
4080. 135.66246552521972
740.0 127.03350148638773
920.0 121.9593723867336
640.0 125.98191383451683
1060. 130.06270024699228
4950. 142.32888797104755
1600. 136.15487642155745
1920. 131.96172012266567
760.0 131.0027390621084
2070. 132.498565101757
3330. 137.85844550590434
5250. 145.86725326971342
1040. 135.43769656652486
1120. 136.106909415066
1180. 136.549678196926
1600. 140.29664268892952
4710. 147.35647461904298
5220. 149.18085758828502
3400. 135.7323310721835
5550. 150.3126881971485
660.0 136.66310888608433
420.0 134.42305400513277
2120. 135.40309729095142
1140. 140.85025725297606
1960. 148.0304666343336
1920. 140.78953173158948
5760. 145.85419084341066
1380. 145.28874122208475
2640. 138.99163238054516
780.0 143.12943875794957
2730. 146.83333170077992
4360. 145.7639139163293
2560. 141.91475872374548
3570. 149.80366815039906
3680. 146.68632844598613
6120. 161.53230380346443
5440. 150.1524542901019
5490. 158.84551002307606
4280. 150.9141183181579
2640. 147.50847798943255
1530. 147.64102325131017
2240. 160.14341613776713
2370. 150.60809866603975
5760. 165.07705249835422
5940. 165.5855313437232
4240. 153.17616709384922
7120. 158.79972968829662
6720. 160.06064772535225
4950. 163.68707053499108
6600. 159.44798423527706
1500. 155.29910317983894
1600. 153.2249087046177
3120. 160.6312882969498
1860. 164.0268104033187
3570. 161.98867188438567
5190. 169.78906854729354
1840. 166.2000136137605
1880. 166.22593072089745
4640. 161.00211113408463
640.0 159.1179245608344
1720. 157.4011569581192
3060. 163.89088856684197
3680. 164.60092338985618
3750. 169.70597247879834
3000. 167.20757221969092
4440. 165.61626235472644
1600. 168.95496946490286
2400. 167.83148639967632
1360. 169.80855041163554
960.0 167.0065461067472
2730. 168.5391327962402
6750. 183.16786833183923
3480. 173.15719522644892
5310. 178.2838712560342
2260. 177.61148492202304
2040. 171.94672456143917
4760. 173.6826366863222
3270. 175.31034058965722
4640. 173.28863880676116
5040. 176.61152366834827
1820. 179.85978295512876
3810. 178.92087114887156
3840. 174.49755501009042
1840. 174.37526650100452
840.0 176.2978916963236
2220. 177.1049669689478
3780. 180.94224351293664
4560. 185.9464217256625
2340. 187.23010211950412
5130. 186.67150060743276
2760. 180.59321584263515
1740. 181.1254847589799
2880. 183.68607678594725
2360. 179.98974127356848
3680. 181.63742331843116
2070. 185.07287954445943
1040. 185.63337150763934
1440. 183.604355389123
1600. 182.41861109716763
5160. 186.61456419121325
4410. 192.74614585587594
2560. 186.50336504932523
3120. 189.84231640091144
2760. 186.5057098158475
1890. 190.4636727803394
3600. 190.7194389169077
4140. 194.69031191805405
6600. 193.7992734972675
4230. 197.78445522220235
6000. 200.81638680852842
5120. 195.2589016537185
5220. 199.0570256135587
1660. 199.21707992457254
3120. 195.84243113647594
2820. 197.560561086773
1240. 197.43701595597645
6810. 206.38318042782348
6090. 204.9446045149728
5080. 199.86948697621443
3160. 201.80853439432025
1520. 200.34051649895815
1220. 203.16423192213256
1540. 204.21549654845603
2430. 202.6078468444915
780.0 204.94828704298806
1280. 206.60350328595328
4080. 205.68361732114175
2220. 205.53120295217985
3280. 204.9762514707407
2160. 213.38630985634862
6240. 211.48894882538818
4560. 210.11349347409734
5460. 214.0628155530175
4860. 212.84578405554922
3960. 212.90398284170163
6600. 214.69604579372103
2970. 213.60453479906113
5840. 213.79263922778154
2600. 214.8499183186988
1740. 215.11193256173163
4440. 215.94651510240973
1620. 217.19881724013374
820.0 218.47951616399075
1920. 221.16157211526252
3320. 218.46381325658814
1600. 220.11038049744312
1380. 219.5828248494427
1200. 221.46617416347013
5360. 221.71888106198807
4770. 223.26333659073657
5040. 225.5918706006388
7590. 227.1956505266834
800.0 226.04644645583602
1280. 226.79176220086293
1500. 227.1440844510117
4020. 227.63067456889246
6360. 227.0444187576691
5600. 229.22462017591366
4860. 230.2888395798747
3900. 229.2995200429524
1440. 231.666605066303
2040. 231.31897823224378
1200. 232.18953785042598
1260. 232.17823125731888
3780. 232.5291082907198
2100. 236.47183139044927
5720. 235.8693766247004
1920. 235.3724347446099
2790. 235.44838106917115
3040. 235.08003211624606
6750. 239.301306042772
4680. 238.3277638354691
6360. 238.35269984431247
660.0 239.06486016316126
1340. 239.13477414568618
2910. 241.1298523401623
5640. 241.23726902357623
7470. 242.7131998179045
2190. 244.53000513471267
1650. 244.47262339472093
3960. 244.45262335453862
220.0 245.17703644507935
360.0 244.6311744826129
990.0 244.8176838764205
1200. 245.21532308866765
1290. 245.53799756652157
600.0 245.60684623038156
1440. 246.40220279452146
660.0 245.45111966988523
1620. 246.67428738298338
2960. 245.63360714816366
3080. 247.25129331993122
780.0 247.25740256622157
1860. 247.7220841319335
3480. 247.1138743380562
3640. 248.14095843203032
2070. 248.4138126101828
3880. 248.40236049811787
2280. 249.0715267003626
2640. 250.91165549480343
1320. 250.26274146525714
5440. 250.1283267498041
1380. 250.12229938406807
3750. 250.93791772325346
1740. 251.57882383793978
4230. 251.43048252679037
4470. 251.59318606890338
