1440. 0.885
1720. 0.655
700.0 1.0
3680. 1.0
1760. 1.0
1480. 0.778
380.0 1.0
1440. 1.0
2910. 0.439
4640. 0.740
7120. 1.0
4960. 1.0
3440. 0.551
840.0 1.0
1620. 1.0
6920. 1.0
7800. 0.590
2720. 0.527
1520. 1.0
600.0 0.953
630.0 1.0
1320. 1.0
930.0 1.0
1920. 0.675
320.0 1.0
1320. 1.0
600.0 1.0
2760. 0.826
2640. 1.0
3760. 1.0
1800. 1.0
440.0 1.0
2430. 0.884
2250. 0.800
4240. 1.0
4960. 1.0
4280. 0.430
940.0 1.0
4400. 1.0
1280. 1.0
1980. 1.0
920.0 0.540
1700. 0.706
5480. 1.0
5440. 1.0
4470. 1.0
3440. 0.386
1380. 1.0
1040. 1.0
5480. 1.0
1590. 0.881
720.0 1.0
600.0 1.0
4980. 0.350
4050. 0.722
4480. 1.0
4880. 1.0
2970. 0.509
5200. 0.822
5220. 1.0
640.0 0.871
450.0 1.0
260.0 1.0
570.0 1.0
630.0 1.0
400.0 0.791
300.0 0.935
400.0 1.0
960.0 1.0
1290. 1.0
1680. 0.605
3240. 0.775
2320. 1.0
3120. 1.0
600.0 0.619
1710. 0.763
2480. 1.0
700.0 1.0
3560. 1.0
1590. 0.429
2040. 0.719
1890. 1.0
740.0 1.0
3640. 1.0
3680. 0.503
4240. 1.0
2220. 1.0
2340. 1.0
3440. 0.666
4480. 1.0
2490. 1.0
980.0 1.0
1320. 1.0
1200. 0.718
2580. 0.987
1080. 1.0
2640. 1.0
3270. 1.0
5040. 0.539
1420. 1.0
2880. 1.0
2820. 1.0
5080. 1.0
2820. 0.447
1680. 0.815
6080. 1.0
6760. 1.0
6680. 0.501
3210. 1.0
3900. 1.0
3630. 1.0
1360. 0.742
4410. 0.843
5940. 1.0
