450.0 0.2
1320. 1.066
1320. 1.0
4720. 7.266
3540. 6.733
3540. 6.733
4720. 7.2
2360. 7.333
100.0 0.066
150.0 0.066
3000. 6.666
3000. 6.0
3000. 6.333
1500. 7.0
1500. 6.933
1200. 3.066
1200. 3.2
1800. 3.266
1800. 2.933
1800. 3.0
4880. 5.6
3660. 5.733
2440. 5.666
3660. 4.933
2440. 5.666
3390. 6.533
3390. 6.333
4520. 6.533
2240. 2.933
1680. 2.866
2240. 2.466
1120. 2.933
7800. 4.733
5850. 5.0
840.0 0.0
840.0 1.2
840.0 1.2
1260. 1.133
840.0 1.066
1260. 0.866
1020. 2.8
2040. 2.066
1020. 2.866
1020. 2.733
1530. 2.266
400.0 0.266
400.0 0.066
2840. 5.866
2130. 5.666
2840. 5.733
2840. 5.533
1640. 6.066
2460. 5.666
3280. 5.266
3280. 5.266
1640. 5.933
2760. 5.733
2760. 5.6
2070. 5.866
2760. 5.6
2670. 6.0
3560. 5.733
3560. 5.933
3560. 6.333
2140. 2.8
4280. 2.0
2140. 2.866
2760. 3.0
2760. 3.0
2760. 3.133
1380. 3.066
3270. 6.6
4360. 6.666
2180. 7.2
4360. 6.333
5400. 8.933
5400. 8.266
5400. 8.733
4050. 8.866
1110. 0.333
740.0 0.266
3450. 8.533
3450. 8.266
4600. 8.4
4600. 7.8
3160. 5.533
3160. 5.333
4740. 4.333
4740. 4.0
4950. 5.733
6600. 6.333
3300. 6.733
3450. 2.866
2300. 3.0
2300. 2.933
2300. 2.2
6330. 5.8
8440. 6.533
3720. 8.066
3720. 8.466
2480. 8.666
3720. 7.733
3720. 7.466
3640. 10.73
5460. 10.0
5460. 10.8
7280. 9.533
5460. 9.333
5240. 7.533
3930. 7.533
2620. 8.2
5240. 7.533
3600. 5.666
3600. 6.0
2700. 5.933
2700. 5.8
5130. 7.666
3420. 9.066
3420. 8.8
5130. 7.466
1120. 1.466
560.0 1.6
840.0 1.6
560.0 1.533
1120. 1.266
460.0 2.0
690.0 2.0
690.0 1.866
690.0 1.933
920.0 1.733
860.0 1.8
860.0 1.733
860.0 1.733
1720. 1.066
860.0 1.733
1840. 1.933
1840. 2.0
1840. 2.266
920.0 2.266
920.0 2.266
1720. 2.0
860.0 2.333
1720. 2.0
1290. 2.266
880.0 1.666
880.0 1.4
880.0 1.466
1320. 1.266
2120. 3.666
2120. 3.733
1590. 3.933
2120. 4.066
1260. 2.933
1260. 2.8
1260. 2.866
2520. 2.2
2520. 2.4
640.0 2.533
960.0 2.533
640.0 2.8
640.0 2.733
1280. 2.133
580.0 3.133
580.0 3.133
870.0 2.933
580.0 3.2
1160. 2.6
1640. 2.466
1640. 2.333
1640. 2.533
820.0 2.866
1220. 4.066
1830. 3.733
2440. 3.6
1220. 4.066
2440. 3.333
2160. 3.4
1620. 3.733
1620. 3.866
1080. 3.8
2160. 3.533
1590. 3.133
2120. 2.933
2120. 2.733
1060. 3.0
1060. 3.2
2520. 3.8
3360. 3.933
3360. 3.266
1140. 4.6
1710. 4.533
1710. 4.066
1710. 4.0
2280. 3.866
880.0 1.266
880.0 1.333
880.0 1.2
880.0 1.0
3680. 5.266
3680. 5.2
3680. 5.533
2760. 5.4
1480. 4.266
2220. 3.933
2220. 4.0
2960. 3.6
3440. 7.533
3440. 7.6
3440. 7.8
3440. 7.666
2280. 4.333
1520. 4.2
2280. 3.666
3040. 3.866
2280. 3.933
2160. 2.533
1440. 2.933
2160. 3.066
2160. 2.666
1600. 1.0
800.0 0.933
800.0 0.933
800.0 0.933
3160. 3.266
2370. 3.4
2370. 4.0
1500. 1.133
1000. 1.133
1000. 1.0
1500. 0.933
4680. 5.866
4680. 5.266
4680. 5.533
1140. 1.4
1140. 1.466
1140. 1.0
1140. 1.333
4760. 8.0
2380. 8.733
3570. 8.333
2380. 8.6
4760. 7.733
1740. 4.266
1740. 4.266
3480. 3.533
2610. 3.733
420.0 0.0
3810. 8.733
5080. 7.733
5080. 8.533
5080. 8.2
2040. 4.8
2040. 4.666
3060. 4.733
4080. 3.933
2040. 4.733
2670. 5.533
2670. 5.866
3560. 5.266
2670. 5.866
1780. 6.066
2380. 9.4
3570. 9.0
4760. 8.466
2380. 9.066
4760. 8.066
5680. 7.6
4260. 7.2
5680. 6.666
5680. 7.533
5200. 4.8
5200. 4.8
5200. 3.666
2600. 4.933
2850. 5.0
1900. 5.4
3800. 5.2
1900. 5.2
740.0 2.533
1480. 2.133
1110. 2.266
6320. 7.0
6320. 6.066
4740. 6.933
4470. 5.4
2980. 5.533
2980. 5.4
2980. 5.133
5960. 4.133
2680. 8.0
4020. 7.133
4020. 7.333
5360. 6.666
4020. 7.4
3090. 7.8
3090. 7.4
3090. 7.466
4120. 6.933
2060. 8.0
2680. 7.533
5360. 6.266
5360. 6.266
4020. 7.333
1940. 6.666
1940. 6.733
2910. 6.333
3880. 5.733
3880. 5.8
5840. 6.666
4380. 7.2
5840. 6.4
6280. 7.866
4710. 8.0
6280. 7.266
6280. 6.266
4440. 5.933
5920. 5.466
2960. 6.8
2960. 6.8
1740. 0.8
1740. 0.333
5480. 8.466
4110. 8.733
4110. 8.733
4110. 9.266
7000. 5.933
5250. 7.066
5250. 6.6
3750. 7.2
2500. 7.8
5000. 7.066
3750. 6.6
2500. 7.2
1840. 4.333
1840. 4.2
3680. 3.666
2760. 4.0
4410. 9.533
4410. 10.06
4410. 10.4
2940. 10.53
5880. 9.8
4740. 10.53
6320. 10.8
3160. 11.73
4740. 10.86
4740. 11.0
5760. 9.933
5760. 10.4
4320. 9.866
4320. 10.4
3990. 5.533
2660. 5.666
3990. 5.866
3990. 5.133
1720. 1.8
3440. 1.0
6080. 9.8
4560. 9.533
4560. 9.466
3040. 10.86
3040. 10.53
2500. 4.333
2500. 4.466
2500. 4.266
3750. 3.333
2500. 6.6
2500. 6.533
3750. 6.0
2500. 6.333
3750. 5.666
4410. 11.6
4410. 11.0
5880. 11.4
4410. 11.93
4410. 10.86
1540. 1.266
1540. 1.133
1540. 1.066
6480. 10.2
6480. 9.866
8640. 11.0
1300. 4.6
1300. 4.8
2600. 4.333
2600. 4.133
1300. 4.6
3900. 5.0
3900. 4.4
2600. 4.933
3200. 9.6
3200. 9.4
6400. 8.266
4800. 8.066
6400. 8.866
3500. 9.466
5250. 8.266
3500. 9.466
7000. 8.4
1760. 4.4
2640. 3.866
3520. 3.866
1760. 4.4
1760. 3.933
6600. 10.26
4950. 9.533
6600. 10.0
4950. 10.2
2280. 6.4
2280. 6.066
2280. 6.2
4560. 5.266
3420. 5.733
3060. 8.533
6120. 7.6
4590. 7.733
4590. 7.533
2800. 9.066
2800. 8.933
5600. 7.733
4200. 7.866
2800. 8.733
6760. 11.13
3380. 12.4
5070. 11.4
6760. 11.26
3380. 12.46
3020. 8.933
3020. 8.866
4530. 7.866
3020. 8.933
6040. 7.6
4860. 10.6
6480. 10.46
3240. 11.73
4860. 10.8
2780. 12.86
4170. 11.86
5560. 11.6
4170. 11.86
4170. 12.0
7410. 15.33
7410. 16.13
7410. 16.2
7410. 16.13
7410. 16.06
5910. 6.866
5910. 6.6
