3680. 0.14944145092790417
1980. 1.6092451982958447
2610. 1.6623010928559976
2610. 1.642238674083166
5720. 1.5789063616345647
3600. 1.5482748470410757
1170. 2.5261341418435554
320.0 1.8728696678617178
1320. 2.385994038796303
720.0 2.3489700871548607
780.0 2.366325109184994
960.0 3.076957283912177
1040. 2.209585088904091
1100. 2.7932615922193316
1980. 2.5952029741824525
4860. 4.31003583815403
2580. 3.469480658827685
4200. 3.4019070343733726
900.0 4.146247024077923
1220. 4.217830930687096
5000. 4.15145078840227
4530. 4.247271613847642
4500. 4.90922555049061
2970. 4.427226925190693
960.0 4.418009914191821
240.0 4.579143703784803
440.0 4.455457643984156
300.0 5.083081454713051
570.0 4.127178042111263
810.0 5.104556671935205
1600. 6.7102401613167375
840.0 6.270387548672581
280.0 5.16267056049642
1140. 6.417569559650134
420.0 3.9529313268787405
1320. 8.114819465633438
580.0 8.023440286069045
600.0 5.759246246816409
1720. 6.86334848370228
620.0 8.090771605071224
200.0 6.424824948093941
400.0 7.5989062890834385
2240. 8.436173120116568
1260. 8.32914505307556
580.0 8.342181332062907
1020. 9.173844713404236
2320. 9.664217272096934
2760. 10.125448731746156
820.0 10.319861999321208
520.0 8.870346055447754
870.0 9.126359517522134
1290. 9.718116463048892
420.0 9.074511022966037
3240. 12.025910638454729
2490. 13.054848845684937
940.0 12.12059189589112
3040. 11.412954226303023
520.0 11.506002957971482
840.0 12.498493128089923
1200. 13.637961007704668
2700. 13.504223980092881
2280. 14.339470358844768
3800. 13.853519400178422
1360. 15.088486931310008
3440. 13.545592417881712
780.0 13.239750237388831
2120. 13.710564502671755
1290. 13.742135732015187
1380. 15.619264271529737
5120. 17.051430451836726
2490. 16.2339007150015
3440. 15.480336383752554
1200. 16.11210004780568
7400. 18.954340915694146
3880. 17.01964862648709
4760. 17.385625998767562
3720. 16.840095726669936
1840. 17.068873307372034
940.0 18.009368631716107
280.0 16.649158201852142
1280. 18.473096168942924
4770. 21.878879384160516
5680. 20.029996317087804
3930. 20.555998531534414
1820. 20.625449329706303
620.0 18.964482780963284
700.0 19.093453375150858
4840. 21.41956061820028
5100. 23.103734406245298
4080. 21.07632547598008
4560. 21.240858884885608
4560. 22.334108658155074
4040. 22.101539035695343
6760. 22.382542021702314
1080. 22.91221613248768
820.0 23.120379306611806
1640. 23.690889413399937
2360. 22.701649817722842
2920. 22.782095026104408
4740. 24.473354052647956
2760. 23.348288444275923
1400. 24.40829580372109
520.0 24.49053085887845
780.0 24.62866540479596
3320. 24.557596142881543
6990. 27.386379263138593
3870. 26.500917947707876
4980. 26.647571960090072
6000. 26.228049077359856
1560. 26.377056456868104
90.00 25.7331851796936
560.0 27.829849145640516
100.0 18.528669468361116
390.0 27.100346515720595
600.0 21.48061037385914
150.0 12.141121361804004
100.0 14.048223569451892
600.0 19.157038649313353
720.0 21.813616784349364
880.0 25.123334808964366
570.0 25.99722507827068
1400. 31.934927390752144
780.0 30.848169169236492
200.0 19.64427906498923
1360. 30.965875148565324
640.0 18.533889555387862
400.0 33.43162145898471
1400. 28.739627217639637
660.0 25.55868255958621
1480. 29.512009502133072
480.0 21.04429194417815
320.0 26.80428465777873
220.0 23.535475996063905
1040. 25.47100290980024
480.0 36.75868584778031
260.0 25.232933374663418
1840. 35.57084169777042
1960. 39.01471687992085
420.0 35.1540109349081
1000. 26.34702429035236
520.0 39.80578346369771
1480. 32.20369150323421
2000. 39.99235241527078
1720. 36.41920951878007
2000. 39.50343114083107
2120. 40.661965646832996
220.0 28.06900086029255
1140. 41.23233086081393
380.0 35.28325890695019
1720. 37.13059936561004
420.0 35.87437871817956
1080. 40.535605414734164
1000. 30.563581628268878
460.0 39.46462792010778
600.0 44.912983286827185
520.0 41.51486120407459
1440. 47.697591317481596
440.0 39.2124172954455
480.0 40.78140255113666
2560. 46.57326805220637
1200. 33.37010263524661
2280. 45.34849108643377
420.0 39.325900224745
2160. 43.64664580987301
380.0 37.63012921478881
300.0 36.93830864403297
300.0 36.6221247983223
520.0 44.072123791355025
1440. 38.25874427125657
1650. 50.81065278717992
3160. 54.0684990397058
1320. 38.664737796810954
800.0 53.61490015041284
1440. 39.5110455665165
1720. 43.78351010597442
570.0 38.133403242406175
3040. 53.85187562881076
2360. 48.5316957335629
2400. 50.959863859997384
1770. 56.69239409927627
2120. 48.193230062279454
1440. 42.76830798459979
380.0 45.47819319526419
680.0 54.06498458739816
1710. 56.176633211191614
3240. 57.5526648542076
3040. 56.10179486974384
1620. 56.701176315087224
2040. 61.45129522603027
1110. 49.83806544899582
3720. 61.85851520287947
340.0 47.79373581305154
2000. 52.039430059420965
960.0 64.47397129975508
2640. 56.284156793920545
720.0 57.46614258459426
640.0 56.8518499851598
1860. 61.707890589963675
880.0 63.07551214210485
960.0 64.84349790906676
400.0 52.409954432851634
1720. 52.88341392363466
2840. 59.95416610669923
640.0 58.122447825140505
3040. 63.128181217773005
3680. 66.9138287780603
2220. 68.56793716288006
1830. 64.05089309103667
2220. 70.09068569280747
700.0 62.92273451475509
3960. 70.05761652737544
1440. 61.400080383031884
760.0 53.009475370415345
1920. 59.98432904936439
480.0 53.449216725401655
520.0 60.72919756370609
1040. 73.02785481881416
2400. 75.37865218148993
3440. 70.50053766562361
2760. 66.47662974441877
3160. 68.78236464676023
880.0 72.7399026767526
1000. 75.41564344270466
900.0 73.07682186859824
1000. 75.25353303372349
2800. 68.22323029900227
1980. 74.41169019043558
1020. 77.5347660467777
1140. 80.23059389701223
4000. 76.89810851258288
2400. 78.26493290694631
2280. 78.07005352371563
1100. 79.5234203514824
2560. 69.52267778074079
420.0 66.71652776859642
500.0 68.3368072435692
1200. 83.10943899581437
2760. 72.20232980297381
3760. 79.74776701766736
760.0 75.58071966307573
2220. 80.0737974747149
3480. 77.56891597050901
1520. 69.92380012840492
2430. 84.04009949015875
1280. 88.04751665735668
2640. 75.48930521317985
1620. 76.4662760244826
5160. 89.07411673168924
5000. 88.13845269459593
5280. 89.51158446999901
1440. 78.58885934802554
900.0 83.41433773501907
2370. 86.34248907677086
1950. 82.69015017362206
2360. 77.26670273541038
400.0 75.69110457264344
880.0 84.83452331832586
1200. 90.89025143177338
3560. 84.89076544257392
2640. 90.24191017817336
1160. 91.92512578198341
1830. 85.26857994373019
1200. 92.4659307664083
2730. 92.68297529606275
3060. 95.2527107107656
5280. 95.53521129493768
2840. 84.11035011664121
1100. 93.23546537888987
1100. 93.00757914504211
1000. 91.19143853123255
1420. 98.65331014038031
5040. 95.66242840564423
820.0 89.66414960772575
940.0 91.74357465920205
1720. 82.68194582886136
1040. 79.68277618158217
5480. 101.51771948292937
1770. 90.97518181408765
2880. 99.55918997149018
4760. 97.88586017192081
870.0 85.77633883292185
1340. 102.0394372107078
1420. 103.3957493801315
5480. 102.44205543558428
1620. 93.7130083273152
1240. 102.51953803661067
720.0 93.61687729475132
1280. 103.04967433104488
3560. 96.32655232053929
4040. 100.22858013541354
5680. 106.84614184798784
1400. 105.81728035787202
5040. 103.57108691062702
2080. 94.55886486502858
4240. 102.83438825408174
1440. 108.839736918342
4320. 102.81363518883927
1440. 108.35532238233777
3680. 102.32715139134099
780.0 99.96388144044582
1440. 109.58285834711442
1740. 113.7442059332496
1560. 111.03325571845772
700.0 100.25480665490888
1280. 108.15707843596851
1440. 110.32935490471621
860.0 102.0795635141301
3960. 117.3426046420951
2280. 100.25898240188792
2680. 101.49290758774254
4140. 117.41928280488041
3040. 105.27663976911833
3680. 107.44578949521585
3320. 106.11508977594791
940.0 107.57779832617639
2670. 113.18789058311498
3120. 107.74384510947226
960.0 110.07464342912785
2320. 105.03867597061442
4480. 114.18546016615909
4260. 124.10499428791482
4080. 122.8626814963314
4760. 114.78607793780192
680.0 110.81571304945737
2580. 116.7922218765763
960.0 114.38226609323944
880.0 113.33143893293615
900.0 113.55597803322897
5080. 120.04730409218466
6680. 125.10628662740743
3160. 113.8759582784965
1180. 121.25048912079282
2320. 113.71880998881633
1580. 126.141660121958
1300. 122.52209603594292
5000. 121.86319055816614
1040. 110.99498675410233
460.0 113.16698084853702
3640. 120.65742135598848
6080. 127.64064605423995
7720. 132.20148979651626
2280. 124.07209680598646
1620. 120.62634016741318
1200. 126.14293857872816
5360. 127.64873395882223
1560. 129.99572451715275
1720. 134.31016843165483
1940. 136.73347585987986
2720. 122.50795198986954
5200. 129.24149889790914
3180. 130.42425078903278
2440. 123.3915745196923
980.0 127.36095314876712
4110. 136.40578000161
5190. 143.24430678487764
4710. 140.78838256062332
2730. 131.15764503666225
2760. 128.2435315618568
1480. 136.64555143469258
1600. 137.87517597561782
1200. 133.601102033163
1280. 134.33277414151613
4050. 142.67295710889346
3960. 134.20558729486544
2730. 136.39285612370867
2670. 135.83951908904987
1280. 136.6644040657795
1720. 143.75008563211202
3330. 141.16830212668214
1320. 139.36984111467558
2850. 138.8129431625494
3330. 140.81260349159524
5960. 142.60605183759924
2580. 139.2632648628087
2360. 150.7677895756426
540.0 135.6095933197189
760.0 137.679708365676
3040. 137.63926324397087
1860. 147.89197507723964
2400. 155.38226249443414
2680. 139.04233653586982
4410. 150.88806071623983
5480. 145.42492151503444
1380. 141.55501622577412
840.0 143.50145106369186
3180. 148.6737285608151
3480. 149.7057040529098
2920. 142.38531484928905
2910. 149.69430036980464
4050. 153.78682039428384
5160. 149.17547091311735
6540. 162.67234713012633
900.0 143.4888376194039
720.0 145.79434647418068
920.0 147.24429784829337
4080. 157.8149173026233
3680. 150.382781743646
4480. 151.61280500819527
5680. 153.96728222305632
4440. 154.1334812945406
2640. 154.6275078424136
1830. 151.80025556216637
8440. 161.82128122226356
1720. 161.00791439819722
1560. 153.01533325507103
5220. 165.44187726605028
3660. 160.07033584609655
1140. 158.79179460495823
2640. 155.10195888139123
3060. 160.32114099081258
2280. 157.71884023916792
5960. 164.23274936755266
2800. 158.16165926424088
1840. 166.4598185539468
3040. 158.49362794613805
2850. 164.76283138107016
2320. 159.8185605688062
2610. 163.94658813618764
3780. 167.56139749101635
4240. 165.25773702617155
6660. 178.21942335586724
6200. 168.2778011657293
700.0 165.63313547493235
1140. 168.45124101869368
3600. 171.5101621406892
3360. 170.72296241626452
1540. 170.90505050549376
2400. 177.4218126455827
5490. 177.64112963192227
1060. 171.47238363781955
520.0 167.959120810945
680.0 168.98222945504554
2400. 171.42403548997214
1640. 175.03949726644473
7920. 178.48800220109217
5640. 181.4804468926703
2550. 175.64162313305002
980.0 174.6570057066072
2310. 174.71387163500765
780.0 173.1411446233227
460.0 172.79656157130574
760.0 174.48408771446285
1420. 178.11685673948466
4600. 179.17794709390805
5560. 180.5185208761332
7680. 183.1044009828092
1290. 179.02758780633866
1000. 181.41420950623422
3960. 181.23073516357104
2000. 186.727939124886
3300. 183.78549758705688
4320. 183.9053879761727
1320. 185.14188425550498
6680. 186.9696658472248
1400. 187.8401022455751
1440. 187.96210617760838
1100. 186.07865204560645
2910. 186.89210449239096
5790. 194.96532174135024
6030. 195.17547634197587
1680. 188.55638289305318
1340. 191.51467922342613
1080. 190.181323567492
620.0 187.88902666407546
1260. 191.00134507031515
4050. 195.74236335033655
4500. 196.45280120321578
2850. 192.83084075322927
1040. 193.55744150714938
1040. 193.32797064994475
1060. 193.14684908245943
3870. 199.69437505793698
5760. 198.1574799091518
7200. 199.3398844215001
4860. 200.83871071407427
4050. 202.44199626130893
1220. 199.8480138065649
5600. 200.35237842284477
5130. 203.81611462492987
660.0 200.92344229656996
2100. 201.90953549880928
3840. 204.78785921114417
2180. 206.11032349403428
5700. 207.25952878859385
4400. 205.79167684403905
1400. 206.83948645446185
1080. 205.68797349308994
5000. 206.0888910080585
1100. 205.5585308608187
2910. 209.1797703640788
4440. 208.58595424973902
2310. 208.24036651956123
4920. 208.86987542080965
5190. 215.6236008571112
3320. 211.02426685673643
6360. 212.9825902638211
4760. 211.74818324310112
1380. 215.5621024194769
1160. 214.76720029068505
1200. 214.71402748212586
1320. 214.92054351392142
2280. 214.12141353221864
5130. 220.66800824410973
5400. 220.91520662131072
4110. 219.58603184182823
4920. 219.9975571413987
1360. 222.60623697045764
3270. 222.24910171778234
4650. 223.31714807182763
5490. 223.48183305842483
5490. 223.38052256930217
6570. 225.81505605916917
4290. 224.2208808127413
