220.0 10999
2910. 96999
2520. 83999
1440. 47999
520.0 47999
4880. 12199
2360. 24099
4760. 24099
7230. 24099
4320. 10799
320.0 25999
520.0 25999
3080. 58999
2160. 58999
920.0 58999
800.0 58999
1180. 58999
3420. 11399
150.0 45999
750.0 45999
1380. 45999
380.0 45999
820.0 45999
1220. 18099
2250. 18099
1860. 18099
4360. 18099
5430. 18099
1720. 94999
3800. 94999
150.0 36999
420.0 36999
1480. 36999
380.0 36999
1140. 36999
840.0 60999
2320. 60999
700.0 60999
760.0 60999
2680. 86999
1920. 86999
3480. 86999
3160. 86999
1060. 83999
1980. 83999
3560. 83999
2520. 83999
1740. 83999
2670. 12599
5040. 12599
3150. 12599
1860. 12599
520.0 62999
2520. 62999
820.0 62999
4410. 14899
4470. 14899
1460. 14899
1590. 11799
780.0 11799
3540. 11799
2320. 11799
4400. 11799
3660. 14099
5640. 14099
1740. 14099
3240. 14099
330.0 27999
160.0 27999
880.0 27999
1120. 27999
380.0 27999
1560. 38999
420.0 38999
520.0 38999
960.0 38999
540.0 38999
1840. 69999
2800. 69999
1720. 69999
780.0 69999
300.0 14999
3040. 75999
2240. 75999
800.0 75999
1980. 75999
3440. 85999
2520. 85999
1290. 85999
1140. 85999
500.0 82999
280.0 82999
1920. 82999
1890. 82999
3320. 82999
4080. 10599
4240. 10599
980.0 10599
2680. 10599
1160. 10599
3160. 10599
1120. 10599
4240. 10599
1920. 10599
2760. 10099
2400. 10099
4040. 10099
2310. 10099
840.0 10099
2970. 10599
2880. 10599
1440. 10599
4240. 10599
1300. 10599
2280. 13399
1540. 13399
5360. 13399
1140. 13399
3120. 13399
1480. 10999
1260. 10999
4400. 10999
2560. 10999
3720. 10999
460.0 72999
740.0 72999
1460. 72999
1720. 13799
4140. 13799
2480. 13799
4840. 13799
560.0 81999
1830. 81999
2920. 81999
3280. 81999
6000. 16299
6520. 16299
4650. 16299
3360. 16299
1180. 18499
2100. 18499
7400. 18499
1720. 18499
680.0 82999
620.0 82999
2160. 82999
1660. 82999
4240. 82999
940.0 17299
2200. 17299
5190. 17299
3560. 17299
6520. 17299
1340. 15599
3330. 15599
1700. 15599
3160. 15599
4680. 15599
5880. 21099
5550. 21099
6330. 21099
1640. 13599
2440. 13599
4080. 13599
500.0 24999
1710. 98999
3320. 98999
980.0 98999
2970. 98999
800.0 98999
4170. 13399
4020. 13399
3389. 13399
2020. 13399
600.0 29999
4760. 22199
5340. 22199
6660. 22199
4240. 22199
680.0 59999
1400. 59999
1200. 59999
2730. 17299
4440. 17299
3240. 17299
5190. 17299
6360. 15899
180.0 12999
520.0 12999
640.0 12999
160.0 12999
390.0 12999
160.0 10999
100.0 10999
330.0 10999
600.0 10999
420.0 10999
220.0 10999
220.0 25999
450.0 25999
160.0 25999
1040. 25999
640.0 25999
260.0 13999
280.0 13999
300.0 13999
840.0 13999
200.0 13999
600.0 15999
280.0 15999
320.0 15999
1240. 15999
160.0 15999
780.0 25999
480.0 25999
280.0 25999
320.0 25999
480.0 25999
360.0 17999
160.0 33999
400.0 33999
1360. 33999
460.0 33999
1440. 43999
220.0 43999
870.0 43999
280.0 43999
1760. 43999
400.0 40999
1640. 40999
260.0 40999
340.0 40999
360.0 40999
1920. 47999
1240. 47999
1360. 47999
780.0 47999
840.0 31999
960.0 31999
440.0 31999
1960. 31999
540.0 31999
360.0 53999
2160. 53999
380.0 53999
1600. 53999
1080. 53999
560.0 42999
570.0 42999
1720. 42999
1320. 42999
2320. 62999
810.0 62999
520.0 62999
2520. 62999
460.0 62999
630.0 65999
1440. 65999
620.0 65999
2640. 65999
540.0 65999
1640. 43999
1760. 43999
1960. 43999
1380. 43999
2680. 66999
1720. 66999
2760. 66999
750.0 66999
420.0 27999
440.0 27999
560.0 27999
540.0 27999
2760. 68999
2760. 68999
2720. 68999
2320. 68999
2160. 53999
460.0 53999
780.0 53999
1140. 53999
760.0 53999
2360. 58999
1920. 58999
2280. 58999
720.0 58999
660.0 58999
1720. 65999
2520. 65999
480.0 65999
2640. 65999
3200. 79999
1320. 79999
2520. 79999
560.0 27999
420.0 27999
1590. 81999
820.0 81999
840.0 81999
1350. 81999
3280. 81999
3280. 81999
900.0 81999
1720. 81999
1520. 81999
600.0 29999
780.0 81999
1920. 81999
3040. 81999
940.0 81999
3280. 81999
780.0 38999
820.0 38999
1920. 38999
880.0 38999
600.0 38999
3080. 76999
1600. 76999
1440. 76999
1590. 76999
440.0 21999
480.0 23999
1760. 76999
980.0 76999
740.0 76999
1980. 76999
3080. 76999
2760. 10899
2680. 10899
4360. 10899
2320. 10899
720.0 85999
560.0 85999
720.0 85999
3440. 85999
3840. 10999
900.0 10999
2490. 10999
4400. 10999
740.0 79999
2120. 79999
2360. 79999
2400. 79999
1140. 79999
2480. 11899
4760. 11899
2560. 11899
2190. 11899
480.0 97999
1710. 97999
1240. 97999
3480. 97999
3920. 97999
4960. 12399
3760. 12399
4800. 12399
3680. 12399
740.0 89999
2040. 89999
3600. 89999
940.0 89999
820.0 89999
4040. 10099
2730. 10099
4440. 10099
1320. 10099
2440. 91999
3680. 91999
1240. 91999
2040. 91999
2760. 10399
780.0 10399
2730. 10399
3120. 10399
1300. 10399
2550. 10199
3060. 10199
1360. 10199
2320. 10199
3270. 10199
1100. 96999
2790. 96999
4160. 96999
1980. 96999
1520. 96999
4920. 12299
5360. 12299
2010. 12299
1520. 12299
3360. 76999
1540. 76999
2280. 76999
2440. 76999
2160. 76999
2130. 79999
2250. 79999
1600. 79999
3080. 79999
1060. 79999
4280. 10699
2430. 10699
2280. 10699
1260. 10699
3240. 10699
2460. 81999
1600. 81999
3840. 81999
3040. 81999
2340. 81999
3450. 13699
5480. 13699
5920. 13699
2920. 13699
1100. 13299
1560. 13299
3990. 13299
3240. 13299
2580. 13299
2640. 14899
5960. 14899
3320. 14899
1890. 11999
820.0 11999
1320. 11999
4800. 11999
7120. 17799
3270. 17799
1900. 17799
860.0 81999
1080. 81999
1640. 81999
1380. 81999
2370. 81999
860.0 11499
3760. 11499
4600. 11499
1860. 11499
1440. 11499
1020. 10599
1420. 10599
4240. 10599
1440. 10599
8440. 21099
1460. 72999
1320. 72999
1140. 72999
3440. 72999
4880. 72999
4120. 15899
4770. 15899
3440. 15899
3840. 15899
2670. 16599
3540. 16599
3000. 16599
6640. 16599
2000. 16599
1660. 14699
4410. 14699
1940. 14699
2180. 14699
1020. 16599
3300. 16599
6640. 16599
1640. 16599
3570. 16599
5310. 17699
3990. 17699
6200. 17699
3420. 17699
1660. 17699
1560. 14499
5800. 14499
5400. 14499
1280. 14499
4020. 14499
3540. 13399
2910. 13399
5360. 13399
1400. 13399
1500. 13399
6360. 20599
4720. 20599
6180. 20599
5010. 20599
1480. 15399
6160. 15399
5080. 15399
5640. 15399
5610. 23499
7050. 23499
3480. 23499
4080. 23499
1760. 19999
3389. 19999
5760. 19999
4950. 19999
6000. 19999
5640. 18799
1720. 18799
1980. 18799
4410. 18799
1560. 19099
4980. 19099
7640. 19099
6150. 20499
5580. 20499
5280. 20499
4620. 20499
4170. 20499
5880. 26199
7860. 26199
