5480. 0.392
2880. 0.743
3270. 1.0
1900. 1.0
1380. 0.974
6570. 0.875
220.0 0.999
4040. 0.466
5360. 1.0
300.0 0.911
720.0 0.859
2120. 1.0
780.0 1.0
1000. 1.0
1200. 0.785
4080. 0.881
660.0 0.662
1470. 0.674
3000. 1.0
1020. 1.0
5840. 1.0
6240. 0.409
3210. 1.0
1600. 1.0
2070. 1.0
2440. 0.772
5000. 1.0
2700. 1.0
4320. 1.0
1300. 1.0
400.0 0.627
1040. 1.0
660.0 1.0
1560. 1.0
720.0 0.662
860.0 1.0
2040. 1.0
2400. 0.529
3040. 1.0
3160. 1.0
1620. 1.0
740.0 0.640
420.0 0.989
3760. 1.0
2520. 1.0
3210. 0.913
5560. 0.942
2970. 1.0
780.0 0.750
1740. 0.715
580.0 0.878
2880. 1.0
2560. 1.0
6240. 0.398
3880. 1.0
1400. 1.0
3440. 1.0
3270. 0.633
1920. 0.924
1160. 1.0
2340. 1.0
1680. 1.0
3240. 0.498
1240. 1.0
1470. 1.0
2190. 1.0
8040. 0.477
5970. 1.0
4830. 1.0
1680. 0.724
3240. 0.762
2370. 1.0
1520. 0.785
380.0 1.0
2120. 1.0
600.0 1.0
2560. 1.0
1530. 0.470
720.0 0.842
1740. 1.0
900.0 1.0
3440. 1.0
960.0 0.491
4080. 0.531
2640. 1.0
1120. 1.0
2820. 1.0
4800. 0.411
3630. 1.0
4350. 1.0
5220. 1.0
