q
4.0 19.0 8.0 6.0 27.0 24.0 33.0 9.0 10.0 20.0 4.0 4.0 5.0 1.0 15.0 11.0 21.0 1.0 27.0 9.0 14.0 22.0 
l
0.0 0.0 0.0 1.0 0.0 0.0 0.0 0.0 0.0 0.0 0.0 0.0 0.0 0.0 0.0 0.0 0.0 0.0 0.0 0.0 0.0 3.0 
0.0 0.0 0.0 0.0 0.0 4.0 0.0 0.0 0.0 7.0 0.0 0.0 0.0 0.0 0.0 0.0 2.0 0.0 6.0 0.0 0.0 0.0 
0.0 0.0 0.0 0.0 0.0 4.0 2.0 0.0 0.0 0.0 0.0 0.0 0.0 0.0 0.0 0.0 2.0 0.0 0.0 0.0 0.0 0.0 
1.0 0.0 0.0 0.0 0.0 0.0 0.0 0.0 0.0 2.0 0.0 0.0 0.0 0.0 0.0 0.0 0.0 0.0 0.0 0.0 3.0 0.0 
0.0 0.0 0.0 0.0 0.0 0.0 0.0 3.0 0.0 2.0 0.0 0.0 0.0 0.0 5.0 0.0 3.0 0.0 0.0 0.0 7.0 7.0 
0.0 4.0 4.0 0.0 0.0 0.0 0.0 0.0 0.0 0.0 4.0 0.0 5.0 0.0 0.0 0.0 0.0 0.0 7.0 0.0 0.0 0.0 
0.0 0.0 2.0 0.0 0.0 0.0 0.0 0.0 4.0 0.0 0.0 0.0 0.0 0.0 0.0 5.0 7.0 0.0 8.0 6.0 0.0 0.0 
0.0 0.0 0.0 0.0 3.0 0.0 0.0 0.0 2.0 0.0 0.0 0.0 0.0 0.0 0.0 0.0 4.0 0.0 0.0 0.0 0.0 0.0 
0.0 0.0 0.0 0.0 0.0 0.0 4.0 2.0 0.0 0.0 0.0 0.0 0.0 0.0 0.0 2.0 0.0 0.0 0.0 2.0 0.0 0.0 
0.0 7.0 0.0 2.0 2.0 0.0 0.0 0.0 0.0 0.0 0.0 0.0 0.0 0.0 6.0 0.0 3.0 0.0 0.0 0.0 0.0 0.0 
0.0 0.0 0.0 0.0 0.0 4.0 0.0 0.0 0.0 0.0 0.0 0.0 0.0 0.0 0.0 0.0 0.0 0.0 0.0 0.0 0.0 0.0 
0.0 0.0 0.0 0.0 0.0 0.0 0.0 0.0 0.0 0.0 0.0 0.0 0.0 0.0 2.0 0.0 0.0 0.0 0.0 0.0 1.0 0.0 
0.0 0.0 0.0 0.0 0.0 5.0 0.0 0.0 0.0 0.0 0.0 0.0 0.0 0.0 0.0 0.0 0.0 0.0 0.0 0.0 0.0 0.0 
0.0 0.0 0.0 0.0 0.0 0.0 0.0 0.0 0.0 0.0 0.0 0.0 0.0 0.0 0.0 0.0 0.0 0.0 0.0 0.0 1.0 0.0 
0.0 0.0 0.0 0.0 5.0 0.0 0.0 0.0 0.0 6.0 0.0 2.0 0.0 0.0 0.0 0.0 0.0 1.0 0.0 0.0 0.0 0.0 
0.0 0.0 0.0 0.0 0.0 0.0 5.0 0.0 2.0 0.0 0.0 0.0 0.0 0.0 0.0 0.0 0.0 0.0 0.0 0.0 0.0 4.0 
0.0 2.0 2.0 0.0 3.0 0.0 7.0 4.0 0.0 3.0 0.0 0.0 0.0 0.0 0.0 0.0 0.0 0.0 0.0 0.0 0.0 0.0 
0.0 0.0 0.0 0.0 0.0 0.0 0.0 0.0 0.0 0.0 0.0 0.0 0.0 0.0 1.0 0.0 0.0 0.0 0.0 0.0 0.0 0.0 
0.0 6.0 0.0 0.0 0.0 7.0 8.0 0.0 0.0 0.0 0.0 0.0 0.0 0.0 0.0 0.0 0.0 0.0 0.0 0.0 0.0 6.0 
0.0 0.0 0.0 0.0 0.0 0.0 6.0 0.0 2.0 0.0 0.0 0.0 0.0 0.0 0.0 0.0 0.0 0.0 0.0 0.0 0.0 0.0 
0.0 0.0 0.0 3.0 7.0 0.0 0.0 0.0 0.0 0.0 0.0 1.0 0.0 1.0 0.0 0.0 0.0 0.0 0.0 0.0 0.0 2.0 
3.0 0.0 0.0 0.0 7.0 0.0 0.0 0.0 0.0 0.0 0.0 0.0 0.0 0.0 0.0 4.0 0.0 0.0 6.0 0.0 2.0 0.0 
