q
2.0 13.0 15.0 9.0 57.0 19.0 1.0 16.0 8.0 46.0 38.0 18.0 2.0 20.0 34.0 12.0 49.0 42.0 28.0 18.0 67.0 57.0 21.0 
l
0.0 0.0 0.0 0.0 0.0 0.0 0.0 0.0 0.0 0.0 0.0 0.0 1.0 0.0 0.0 0.0 0.0 0.0 0.0 0.0 0.0 0.0 1.0 
0.0 0.0 0.0 0.0 0.0 2.0 0.0 0.0 0.0 0.0 0.0 0.0 0.0 0.0 0.0 0.0 0.0 0.0 0.0 0.0 11.0 0.0 0.0 
0.0 0.0 0.0 0.0 5.0 0.0 0.0 0.0 0.0 5.0 0.0 0.0 0.0 0.0 4.0 0.0 0.0 0.0 0.0 0.0 0.0 0.0 0.0 
0.0 0.0 0.0 0.0 0.0 2.0 0.0 0.0 0.0 0.0 0.0 0.0 0.0 0.0 0.0 0.0 0.0 4.0 0.0 0.0 0.0 3.0 0.0 
0.0 0.0 5.0 0.0 0.0 0.0 0.0 0.0 0.0 9.0 0.0 5.0 0.0 0.0 11.0 0.0 0.0 0.0 12.0 0.0 14.0 0.0 0.0 
0.0 2.0 0.0 2.0 0.0 0.0 0.0 0.0 0.0 0.0 0.0 0.0 0.0 0.0 0.0 0.0 0.0 4.0 0.0 0.0 0.0 8.0 0.0 
0.0 0.0 0.0 0.0 0.0 0.0 0.0 0.0 0.0 0.0 0.0 0.0 0.0 0.0 0.0 0.0 1.0 0.0 0.0 0.0 0.0 0.0 0.0 
0.0 0.0 0.0 0.0 0.0 0.0 0.0 0.0 0.0 0.0 10.0 0.0 0.0 0.0 0.0 0.0 3.0 0.0 0.0 2.0 0.0 0.0 0.0 
0.0 0.0 0.0 0.0 0.0 0.0 0.0 0.0 0.0 0.0 0.0 0.0 0.0 0.0 0.0 0.0 0.0 0.0 6.0 0.0 0.0 0.0 2.0 
0.0 0.0 5.0 0.0 9.0 0.0 0.0 0.0 0.0 0.0 11.0 0.0 0.0 4.0 7.0 0.0 0.0 0.0 0.0 7.0 0.0 0.0 0.0 
0.0 0.0 0.0 0.0 0.0 0.0 0.0 10.0 0.0 11.0 0.0 0.0 0.0 0.0 0.0 0.0 0.0 0.0 0.0 2.0 13.0 0.0 0.0 
0.0 0.0 0.0 0.0 5.0 0.0 0.0 0.0 0.0 0.0 0.0 0.0 0.0 0.0 5.0 0.0 7.0 0.0 1.0 0.0 0.0 0.0 0.0 
1.0 0.0 0.0 0.0 0.0 0.0 0.0 0.0 0.0 0.0 0.0 0.0 0.0 0.0 0.0 0.0 0.0 0.0 0.0 0.0 1.0 0.0 0.0 
0.0 0.0 0.0 0.0 0.0 0.0 0.0 0.0 0.0 4.0 0.0 0.0 0.0 0.0 7.0 0.0 8.0 0.0 0.0 0.0 0.0 0.0 0.0 
0.0 0.0 4.0 0.0 11.0 0.0 0.0 0.0 0.0 7.0 0.0 5.0 0.0 7.0 0.0 0.0 0.0 0.0 0.0 0.0 0.0 0.0 0.0 
0.0 0.0 0.0 0.0 0.0 0.0 0.0 0.0 0.0 0.0 0.0 0.0 0.0 0.0 0.0 0.0 0.0 11.0 0.0 0.0 0.0 0.0 0.0 
0.0 0.0 0.0 0.0 0.0 0.0 1.0 3.0 0.0 0.0 0.0 7.0 0.0 8.0 0.0 0.0 0.0 0.0 0.0 6.0 0.0 19.0 0.0 
0.0 0.0 0.0 4.0 0.0 4.0 0.0 0.0 0.0 0.0 0.0 0.0 0.0 0.0 0.0 11.0 0.0 0.0 0.0 0.0 15.0 6.0 0.0 
0.0 0.0 0.0 0.0 12.0 0.0 0.0 0.0 6.0 0.0 0.0 1.0 0.0 0.0 0.0 0.0 0.0 0.0 0.0 0.0 0.0 8.0 0.0 
0.0 0.0 0.0 0.0 0.0 0.0 0.0 2.0 0.0 7.0 2.0 0.0 0.0 0.0 0.0 0.0 6.0 0.0 0.0 0.0 0.0 0.0 0.0 
0.0 11.0 0.0 0.0 14.0 0.0 0.0 0.0 0.0 0.0 13.0 0.0 1.0 0.0 0.0 0.0 0.0 15.0 0.0 0.0 0.0 0.0 9.0 
0.0 0.0 0.0 3.0 0.0 8.0 0.0 0.0 0.0 0.0 0.0 0.0 0.0 0.0 0.0 0.0 19.0 6.0 8.0 0.0 0.0 0.0 6.0 
1.0 0.0 0.0 0.0 0.0 0.0 0.0 0.0 2.0 0.0 0.0 0.0 0.0 0.0 0.0 0.0 0.0 0.0 0.0 0.0 9.0 6.0 0.0 
