q
9.0 62.0 81.0 49.0 20.0 22.0 2.0 31.0 34.0 19.0 19.0 12.0 14.0 13.0 1.0 35.0 19.0 8.0 18.0 11.0 60.0 36.0 67.0 
l
0.0 6.0 0.0 0.0 0.0 0.0 0.0 1.0 0.0 0.0 0.0 0.0 0.0 0.0 0.0 0.0 0.0 2.0 0.0 0.0 0.0 0.0 0.0 
6.0 0.0 0.0 0.0 0.0 0.0 0.0 5.0 0.0 0.0 0.0 8.0 0.0 0.0 0.0 3.0 0.0 0.0 0.0 0.0 15.0 0.0 20.0 
0.0 0.0 0.0 19.0 8.0 0.0 0.0 0.0 14.0 0.0 0.0 0.0 0.0 0.0 0.0 14.0 0.0 0.0 0.0 8.0 13.0 0.0 0.0 
0.0 0.0 19.0 0.0 0.0 0.0 1.0 0.0 0.0 12.0 6.0 0.0 0.0 0.0 0.0 0.0 4.0 0.0 0.0 0.0 0.0 4.0 0.0 
0.0 0.0 8.0 0.0 0.0 0.0 0.0 6.0 4.0 0.0 0.0 0.0 0.0 0.0 0.0 2.0 0.0 0.0 0.0 0.0 0.0 0.0 0.0 
0.0 0.0 0.0 0.0 0.0 0.0 0.0 0.0 0.0 0.0 3.0 0.0 0.0 0.0 0.0 0.0 5.0 0.0 0.0 0.0 14.0 0.0 0.0 
0.0 0.0 0.0 1.0 0.0 0.0 0.0 0.0 0.0 0.0 0.0 0.0 0.0 0.0 0.0 0.0 0.0 0.0 0.0 0.0 0.0 1.0 0.0 
1.0 5.0 0.0 0.0 6.0 0.0 0.0 0.0 0.0 0.0 0.0 4.0 0.0 0.0 0.0 7.0 0.0 0.0 7.0 0.0 0.0 0.0 0.0 
0.0 0.0 14.0 0.0 4.0 0.0 0.0 0.0 0.0 0.0 0.0 0.0 2.0 4.0 0.0 0.0 0.0 0.0 0.0 0.0 0.0 0.0 9.0 
0.0 0.0 0.0 12.0 0.0 0.0 0.0 0.0 0.0 0.0 2.0 0.0 0.0 0.0 0.0 0.0 4.0 0.0 0.0 0.0 0.0 0.0 0.0 
0.0 0.0 0.0 6.0 0.0 3.0 0.0 0.0 0.0 2.0 0.0 0.0 0.0 0.0 0.0 0.0 0.0 0.0 0.0 0.0 0.0 6.0 0.0 
0.0 8.0 0.0 0.0 0.0 0.0 0.0 4.0 0.0 0.0 0.0 0.0 0.0 0.0 0.0 0.0 0.0 0.0 0.0 0.0 0.0 0.0 0.0 
0.0 0.0 0.0 0.0 0.0 0.0 0.0 0.0 2.0 0.0 0.0 0.0 0.0 0.0 0.0 0.0 0.0 0.0 3.0 0.0 0.0 0.0 7.0 
0.0 0.0 0.0 0.0 0.0 0.0 0.0 0.0 4.0 0.0 0.0 0.0 0.0 0.0 0.0 0.0 0.0 0.0 0.0 1.0 0.0 0.0 7.0 
0.0 0.0 0.0 0.0 0.0 0.0 0.0 0.0 0.0 0.0 0.0 0.0 0.0 0.0 0.0 0.0 0.0 0.0 0.0 0.0 1.0 0.0 0.0 
0.0 3.0 14.0 0.0 2.0 0.0 0.0 7.0 0.0 0.0 0.0 0.0 0.0 0.0 0.0 0.0 0.0 5.0 0.0 0.0 0.0 0.0 0.0 
0.0 0.0 0.0 4.0 0.0 5.0 0.0 0.0 0.0 4.0 0.0 0.0 0.0 0.0 0.0 0.0 0.0 0.0 0.0 0.0 6.0 0.0 0.0 
2.0 0.0 0.0 0.0 0.0 0.0 0.0 0.0 0.0 0.0 0.0 0.0 0.0 0.0 0.0 5.0 0.0 0.0 0.0 0.0 0.0 0.0 0.0 
0.0 0.0 0.0 0.0 0.0 0.0 0.0 7.0 0.0 0.0 0.0 0.0 3.0 0.0 0.0 0.0 0.0 0.0 0.0 0.0 0.0 0.0 8.0 
0.0 0.0 8.0 0.0 0.0 0.0 0.0 0.0 0.0 0.0 0.0 0.0 0.0 1.0 0.0 0.0 0.0 0.0 0.0 0.0 0.0 2.0 0.0 
0.0 15.0 13.0 0.0 0.0 14.0 0.0 0.0 0.0 0.0 0.0 0.0 0.0 0.0 1.0 0.0 6.0 0.0 0.0 0.0 0.0 10.0 0.0 
0.0 0.0 0.0 4.0 0.0 0.0 1.0 0.0 0.0 0.0 6.0 0.0 0.0 0.0 0.0 0.0 0.0 0.0 0.0 2.0 10.0 0.0 11.0 
0.0 20.0 0.0 0.0 0.0 0.0 0.0 0.0 9.0 0.0 0.0 0.0 7.0 7.0 0.0 0.0 0.0 0.0 8.0 0.0 0.0 11.0 0.0 
