q
19.0 18.0 17.0 52.0 36.0 20.0 14.0 18.0 57.0 33.0 46.0 42.0 1.0 1.0 36.0 67.0 17.0 15.0 15.0 60.0 80.0 44.0 
l
0.0 0.0 0.0 0.0 2.0 0.0 0.0 0.0 0.0 0.0 6.0 0.0 0.0 0.0 0.0 0.0 0.0 0.0 0.0 7.0 0.0 4.0 
0.0 0.0 2.0 0.0 0.0 0.0 0.0 5.0 10.0 0.0 0.0 0.0 0.0 0.0 0.0 0.0 0.0 0.0 0.0 0.0 0.0 0.0 
0.0 2.0 0.0 0.0 0.0 0.0 0.0 3.0 0.0 0.0 0.0 0.0 0.0 0.0 0.0 9.0 0.0 1.0 1.0 0.0 0.0 0.0 
0.0 0.0 0.0 0.0 0.0 0.0 0.0 0.0 10.0 10.0 8.0 0.0 0.0 0.0 0.0 0.0 8.0 0.0 0.0 13.0 0.0 0.0 
2.0 0.0 0.0 0.0 0.0 0.0 4.0 0.0 0.0 0.0 0.0 0.0 0.0 0.0 8.0 0.0 0.0 0.0 0.0 9.0 0.0 10.0 
0.0 0.0 0.0 0.0 0.0 0.0 0.0 0.0 5.0 7.0 0.0 0.0 0.0 0.0 0.0 7.0 0.0 0.0 0.0 0.0 0.0 0.0 
0.0 0.0 0.0 0.0 4.0 0.0 0.0 0.0 0.0 0.0 0.0 0.0 0.0 0.0 8.0 0.0 0.0 0.0 0.0 0.0 0.0 0.0 
0.0 5.0 3.0 0.0 0.0 0.0 0.0 0.0 0.0 0.0 0.0 0.0 0.0 0.0 0.0 0.0 0.0 0.0 0.0 0.0 0.0 10.0 
0.0 10.0 0.0 10.0 0.0 5.0 0.0 0.0 0.0 0.0 12.0 0.0 0.0 0.0 0.0 5.0 0.0 0.0 12.0 0.0 0.0 0.0 
0.0 0.0 0.0 10.0 0.0 7.0 0.0 0.0 0.0 0.0 0.0 14.0 0.0 0.0 0.0 0.0 1.0 0.0 0.0 0.0 0.0 0.0 
6.0 0.0 0.0 8.0 0.0 0.0 0.0 0.0 12.0 0.0 0.0 0.0 0.0 0.0 0.0 0.0 0.0 0.0 0.0 11.0 0.0 8.0 
0.0 0.0 0.0 0.0 0.0 0.0 0.0 0.0 0.0 14.0 0.0 0.0 0.0 0.0 0.0 0.0 5.0 0.0 0.0 9.0 13.0 0.0 
0.0 0.0 0.0 0.0 0.0 0.0 0.0 0.0 0.0 0.0 0.0 0.0 0.0 0.0 0.0 0.0 0.0 0.0 0.0 0.0 1.0 0.0 
0.0 0.0 0.0 0.0 0.0 0.0 0.0 0.0 0.0 0.0 0.0 0.0 0.0 0.0 0.0 0.0 0.0 0.0 0.0 0.0 0.0 1.0 
0.0 0.0 0.0 0.0 8.0 0.0 8.0 0.0 0.0 0.0 0.0 0.0 0.0 0.0 0.0 0.0 0.0 0.0 0.0 0.0 17.0 0.0 
0.0 0.0 9.0 0.0 0.0 7.0 0.0 0.0 5.0 0.0 0.0 0.0 0.0 0.0 0.0 0.0 0.0 13.0 2.0 0.0 27.0 0.0 
0.0 0.0 0.0 8.0 0.0 0.0 0.0 0.0 0.0 1.0 0.0 5.0 0.0 0.0 0.0 0.0 0.0 0.0 0.0 0.0 0.0 0.0 
0.0 0.0 1.0 0.0 0.0 0.0 0.0 0.0 0.0 0.0 0.0 0.0 0.0 0.0 0.0 13.0 0.0 0.0 0.0 0.0 0.0 0.0 
0.0 0.0 1.0 0.0 0.0 0.0 0.0 0.0 12.0 0.0 0.0 0.0 0.0 0.0 0.0 2.0 0.0 0.0 0.0 0.0 0.0 0.0 
7.0 0.0 0.0 13.0 9.0 0.0 0.0 0.0 0.0 0.0 11.0 9.0 0.0 0.0 0.0 0.0 0.0 0.0 0.0 0.0 8.0 0.0 
0.0 0.0 0.0 0.0 0.0 0.0 0.0 0.0 0.0 0.0 0.0 13.0 1.0 0.0 17.0 27.0 0.0 0.0 0.0 8.0 0.0 8.0 
4.0 0.0 0.0 0.0 10.0 0.0 0.0 10.0 0.0 0.0 8.0 0.0 0.0 1.0 0.0 0.0 0.0 0.0 0.0 0.0 8.0 0.0 
