q
39.0 50.0 34.0 36.0 30.0 92.0 6.0 45.0 84.0 34.0 10.0 22.0 130.0 2.0 27.0 50.0 99.0 15.0 26.0 29.0 100.0 64.0 64.0 
l
0.0 0.0 0.0 9.0 0.0 7.0 2.0 0.0 0.0 0.0 0.0 0.0 0.0 0.0 0.0 0.0 10.0 0.0 5.0 0.0 0.0 0.0 0.0 
0.0 0.0 0.0 0.0 0.0 0.0 0.0 0.0 11.0 8.0 0.0 6.0 14.0 0.0 0.0 0.0 0.0 0.0 0.0 0.0 0.0 0.0 8.0 
0.0 0.0 0.0 0.0 0.0 0.0 0.0 3.0 0.0 0.0 2.0 0.0 0.0 0.0 0.0 3.0 0.0 3.0 0.0 0.0 21.0 0.0 0.0 
9.0 0.0 0.0 0.0 5.0 10.0 1.0 0.0 0.0 8.0 0.0 0.0 0.0 0.0 0.0 0.0 0.0 0.0 0.0 0.0 0.0 0.0 0.0 
0.0 0.0 0.0 5.0 0.0 0.0 0.0 0.0 0.0 5.0 0.0 0.0 17.0 0.0 0.0 0.0 0.0 0.0 0.0 0.0 0.0 0.0 0.0 
7.0 0.0 0.0 10.0 0.0 0.0 0.0 0.0 0.0 0.0 0.0 0.0 37.0 0.0 0.0 0.0 12.0 0.0 11.0 11.0 0.0 0.0 0.0 
2.0 0.0 0.0 1.0 0.0 0.0 0.0 0.0 0.0 0.0 0.0 0.0 0.0 1.0 0.0 0.0 0.0 0.0 0.0 0.0 0.0 0.0 2.0 
0.0 0.0 3.0 0.0 0.0 0.0 0.0 0.0 12.0 0.0 0.0 0.0 0.0 0.0 9.0 10.0 0.0 0.0 0.0 0.0 8.0 0.0 0.0 
0.0 11.0 0.0 0.0 0.0 0.0 0.0 12.0 0.0 0.0 0.0 8.0 27.0 0.0 0.0 13.0 0.0 0.0 0.0 0.0 0.0 9.0 0.0 
0.0 8.0 0.0 8.0 5.0 0.0 0.0 0.0 0.0 0.0 0.0 0.0 0.0 0.0 0.0 0.0 0.0 0.0 0.0 0.0 0.0 0.0 11.0 
0.0 0.0 2.0 0.0 0.0 0.0 0.0 0.0 0.0 0.0 0.0 0.0 0.0 0.0 0.0 5.0 0.0 1.0 0.0 0.0 0.0 0.0 0.0 
0.0 6.0 0.0 0.0 0.0 0.0 0.0 0.0 8.0 0.0 0.0 0.0 0.0 0.0 0.0 0.0 0.0 0.0 0.0 0.0 0.0 7.0 0.0 
0.0 14.0 0.0 0.0 17.0 37.0 0.0 0.0 27.0 0.0 0.0 0.0 0.0 0.0 9.0 0.0 0.0 0.0 0.0 0.0 16.0 0.0 0.0 
0.0 0.0 0.0 0.0 0.0 0.0 1.0 0.0 0.0 0.0 0.0 0.0 0.0 0.0 0.0 0.0 0.0 0.0 0.0 0.0 0.0 0.0 1.0 
0.0 0.0 0.0 0.0 0.0 0.0 0.0 9.0 0.0 0.0 0.0 0.0 9.0 0.0 0.0 0.0 0.0 0.0 0.0 0.0 8.0 0.0 0.0 
0.0 0.0 3.0 0.0 0.0 0.0 0.0 10.0 13.0 0.0 5.0 0.0 0.0 0.0 0.0 0.0 0.0 6.0 0.0 0.0 0.0 10.0 0.0 
10.0 0.0 0.0 0.0 0.0 12.0 0.0 0.0 0.0 0.0 0.0 0.0 0.0 0.0 0.0 0.0 0.0 0.0 6.0 16.0 27.0 0.0 21.0 
0.0 0.0 3.0 0.0 0.0 0.0 0.0 0.0 0.0 0.0 1.0 0.0 0.0 0.0 0.0 6.0 0.0 0.0 0.0 0.0 0.0 5.0 0.0 
5.0 0.0 0.0 0.0 0.0 11.0 0.0 0.0 0.0 0.0 0.0 0.0 0.0 0.0 0.0 0.0 6.0 0.0 0.0 0.0 0.0 0.0 0.0 
0.0 0.0 0.0 0.0 0.0 11.0 0.0 0.0 0.0 0.0 0.0 0.0 0.0 0.0 0.0 0.0 16.0 0.0 0.0 0.0 0.0 0.0 0.0 
0.0 0.0 21.0 0.0 0.0 0.0 0.0 8.0 0.0 0.0 0.0 0.0 16.0 0.0 8.0 0.0 27.0 0.0 0.0 0.0 0.0 14.0 0.0 
0.0 0.0 0.0 0.0 0.0 0.0 0.0 0.0 9.0 0.0 0.0 7.0 0.0 0.0 0.0 10.0 0.0 5.0 0.0 0.0 14.0 0.0 16.0 
0.0 8.0 0.0 0.0 0.0 0.0 2.0 0.0 0.0 11.0 0.0 0.0 0.0 1.0 0.0 0.0 21.0 0.0 0.0 0.0 0.0 16.0 0.0 
