q
71.0 18.0 20.0 29.0 48.0 121.0 35.0 73.0 14.0 104.0 137.0 33.0 1.0 48.0 45.0 127.0 50.0 102.0 44.0 92.0 37.0 105.0 
l
0.0 0.0 6.0 6.0 0.0 22.0 0.0 0.0 0.0 0.0 0.0 0.0 0.0 4.0 0.0 28.0 0.0 0.0 0.0 0.0 0.0 0.0 
0.0 0.0 0.0 0.0 0.0 0.0 5.0 0.0 0.0 0.0 0.0 0.0 0.0 0.0 0.0 0.0 13.0 0.0 0.0 0.0 0.0 0.0 
6.0 0.0 0.0 4.0 0.0 0.0 0.0 0.0 0.0 0.0 0.0 0.0 0.0 9.0 0.0 0.0 0.0 0.0 0.0 0.0 0.0 0.0 
6.0 0.0 4.0 0.0 0.0 16.0 0.0 0.0 0.0 0.0 0.0 0.0 0.0 0.0 0.0 0.0 0.0 0.0 0.0 0.0 0.0 0.0 
0.0 0.0 0.0 0.0 0.0 13.0 0.0 0.0 0.0 13.0 12.0 0.0 0.0 0.0 0.0 0.0 0.0 0.0 0.0 9.0 0.0 0.0 
22.0 0.0 0.0 16.0 13.0 0.0 0.0 0.0 0.0 16.0 35.0 0.0 0.0 13.0 0.0 0.0 0.0 0.0 0.0 0.0 0.0 0.0 
0.0 5.0 0.0 0.0 0.0 0.0 0.0 0.0 0.0 0.0 0.0 0.0 0.0 0.0 0.0 0.0 0.0 0.0 7.0 20.0 0.0 0.0 
0.0 0.0 0.0 0.0 0.0 0.0 0.0 0.0 0.0 23.0 0.0 12.0 0.0 0.0 0.0 0.0 0.0 9.0 12.0 0.0 0.0 15.0 
0.0 0.0 0.0 0.0 0.0 0.0 0.0 0.0 0.0 0.0 0.0 0.0 0.0 0.0 0.0 0.0 3.0 0.0 0.0 10.0 0.0 0.0 
0.0 0.0 0.0 0.0 13.0 16.0 0.0 23.0 0.0 0.0 0.0 0.0 0.0 0.0 0.0 16.0 0.0 0.0 0.0 14.0 18.0 0.0 
0.0 0.0 0.0 0.0 12.0 35.0 0.0 0.0 0.0 0.0 0.0 0.0 0.0 0.0 15.0 15.0 0.0 0.0 0.0 26.0 0.0 29.0 
0.0 0.0 0.0 0.0 0.0 0.0 0.0 12.0 0.0 0.0 0.0 0.0 0.0 0.0 0.0 0.0 0.0 13.0 0.0 0.0 6.0 0.0 
0.0 0.0 0.0 0.0 0.0 0.0 0.0 0.0 0.0 0.0 0.0 0.0 0.0 0.0 0.0 0.0 0.0 0.0 0.0 0.0 1.0 0.0 
4.0 0.0 9.0 0.0 0.0 13.0 0.0 0.0 0.0 0.0 0.0 0.0 0.0 0.0 0.0 21.0 0.0 0.0 0.0 0.0 0.0 0.0 
0.0 0.0 0.0 0.0 0.0 0.0 0.0 0.0 0.0 0.0 15.0 0.0 0.0 0.0 0.0 13.0 0.0 16.0 0.0 0.0 0.0 0.0 
28.0 0.0 0.0 0.0 0.0 0.0 0.0 0.0 0.0 16.0 15.0 0.0 0.0 21.0 13.0 0.0 0.0 30.0 0.0 0.0 0.0 0.0 
0.0 13.0 0.0 0.0 0.0 0.0 0.0 0.0 3.0 0.0 0.0 0.0 0.0 0.0 0.0 0.0 0.0 0.0 5.0 0.0 0.0 28.0 
0.0 0.0 0.0 0.0 0.0 0.0 0.0 9.0 0.0 0.0 0.0 13.0 0.0 0.0 16.0 30.0 0.0 0.0 0.0 0.0 9.0 21.0 
0.0 0.0 0.0 0.0 0.0 0.0 7.0 12.0 0.0 0.0 0.0 0.0 0.0 0.0 0.0 0.0 5.0 0.0 0.0 9.0 0.0 7.0 
0.0 0.0 0.0 0.0 9.0 0.0 20.0 0.0 10.0 14.0 26.0 0.0 0.0 0.0 0.0 0.0 0.0 0.0 9.0 0.0 0.0 0.0 
0.0 0.0 0.0 0.0 0.0 0.0 0.0 0.0 0.0 18.0 0.0 6.0 1.0 0.0 0.0 0.0 0.0 9.0 0.0 0.0 0.0 0.0 
0.0 0.0 0.0 0.0 0.0 0.0 0.0 15.0 0.0 0.0 29.0 0.0 0.0 0.0 0.0 0.0 28.0 21.0 7.0 0.0 0.0 0.0 
