q
101.0 65.0 67.0 52.0 84.0 32.0 34.0 39.0 61.0 1.0 60.0 
l
0.0 0.0 17.0 0.0 11.0 18.0 8.0 0.0 24.0 0.0 18.0 
0.0 0.0 20.0 0.0 14.0 0.0 0.0 11.0 0.0 0.0 13.0 
17.0 20.0 0.0 0.0 0.0 12.0 12.0 0.0 0.0 0.0 0.0 
0.0 0.0 0.0 0.0 12.0 0.0 0.0 9.0 12.0 0.0 15.0 
11.0 14.0 0.0 12.0 0.0 0.0 10.0 11.0 21.0 0.0 0.0 
18.0 0.0 12.0 0.0 0.0 0.0 1.0 0.0 0.0 0.0 0.0 
8.0 0.0 12.0 0.0 10.0 1.0 0.0 0.0 0.0 0.0 0.0 
0.0 11.0 0.0 9.0 11.0 0.0 0.0 0.0 0.0 0.0 6.0 
24.0 0.0 0.0 12.0 21.0 0.0 0.0 0.0 0.0 0.0 0.0 
0.0 0.0 0.0 0.0 0.0 0.0 0.0 0.0 0.0 0.0 1.0 
18.0 13.0 0.0 15.0 0.0 0.0 0.0 6.0 0.0 1.0 0.0 
