q
2.0 52.0 51.0 36.0 47.0 37.0 104.0 31.0 43.0 68.0 53.0 47.0 1.0 1.0 30.0 37.0 29.0 77.0 156.0 3.0 103.0 122.0 181.0 85.0 
l
0.0 0.0 0.0 0.0 0.0 0.0 0.0 0.0 0.0 0.0 0.0 0.0 0.0 0.0 0.0 0.0 1.0 0.0 0.0 0.0 1.0 0.0 0.0 0.0 
0.0 0.0 0.0 0.0 0.0 10.0 0.0 0.0 5.0 0.0 0.0 0.0 0.0 0.0 9.0 4.0 0.0 0.0 0.0 0.0 0.0 22.0 0.0 0.0 
0.0 0.0 0.0 7.0 0.0 0.0 12.0 0.0 0.0 0.0 0.0 0.0 0.0 0.0 0.0 0.0 1.0 10.0 0.0 0.0 17.0 0.0 0.0 0.0 
0.0 0.0 7.0 0.0 0.0 0.0 0.0 0.0 0.0 0.0 0.0 0.0 0.0 0.0 0.0 0.0 0.0 13.0 0.0 0.0 0.0 0.0 0.0 13.0 
0.0 0.0 0.0 0.0 0.0 0.0 0.0 0.0 0.0 0.0 9.0 15.0 0.0 0.0 0.0 0.0 0.0 0.0 0.0 0.0 0.0 21.0 0.0 0.0 
0.0 10.0 0.0 0.0 0.0 0.0 0.0 0.0 2.0 0.0 0.0 0.0 0.0 0.0 3.0 0.0 0.0 0.0 22.0 0.0 0.0 0.0 0.0 0.0 
0.0 0.0 12.0 0.0 0.0 0.0 0.0 14.0 0.0 14.0 0.0 0.0 0.0 0.0 0.0 0.0 14.0 12.0 34.0 0.0 0.0 0.0 0.0 0.0 
0.0 0.0 0.0 0.0 0.0 0.0 14.0 0.0 0.0 14.0 0.0 0.0 0.0 0.0 0.0 0.0 0.0 0.0 0.0 1.0 0.0 0.0 0.0 0.0 
0.0 5.0 0.0 0.0 0.0 2.0 0.0 0.0 0.0 0.0 0.0 0.0 0.0 0.0 0.0 10.0 0.0 0.0 25.0 0.0 0.0 0.0 0.0 0.0 
0.0 0.0 0.0 0.0 0.0 0.0 14.0 14.0 0.0 0.0 0.0 0.0 0.0 0.0 0.0 0.0 0.0 10.0 0.0 0.0 0.0 0.0 29.0 0.0 
0.0 0.0 0.0 0.0 9.0 0.0 0.0 0.0 0.0 0.0 0.0 7.0 0.0 0.0 0.0 0.0 0.0 0.0 0.0 0.0 0.0 0.0 36.0 0.0 
0.0 0.0 0.0 0.0 15.0 0.0 0.0 0.0 0.0 0.0 7.0 0.0 0.0 0.0 0.0 0.0 0.0 0.0 0.0 0.0 0.0 0.0 0.0 21.0 
0.0 0.0 0.0 0.0 0.0 0.0 0.0 0.0 0.0 0.0 0.0 0.0 0.0 0.0 0.0 0.0 0.0 0.0 0.0 0.0 0.0 1.0 0.0 0.0 
0.0 0.0 0.0 0.0 0.0 0.0 0.0 0.0 0.0 0.0 0.0 0.0 0.0 0.0 0.0 0.0 0.0 0.0 0.0 0.0 0.0 0.0 0.0 1.0 
0.0 9.0 0.0 0.0 0.0 3.0 0.0 0.0 0.0 0.0 0.0 0.0 0.0 0.0 0.0 0.0 0.0 0.0 16.0 0.0 0.0 0.0 0.0 0.0 
0.0 4.0 0.0 0.0 0.0 0.0 0.0 0.0 10.0 0.0 0.0 0.0 0.0 0.0 0.0 0.0 0.0 0.0 0.0 0.0 0.0 21.0 0.0 0.0 
1.0 0.0 1.0 0.0 0.0 0.0 14.0 0.0 0.0 0.0 0.0 0.0 0.0 0.0 0.0 0.0 0.0 0.0 0.0 0.0 13.0 0.0 0.0 0.0 
0.0 0.0 10.0 13.0 0.0 0.0 12.0 0.0 0.0 10.0 0.0 0.0 0.0 0.0 0.0 0.0 0.0 0.0 0.0 2.0 0.0 0.0 23.0 0.0 
0.0 0.0 0.0 0.0 0.0 22.0 34.0 0.0 25.0 0.0 0.0 0.0 0.0 0.0 16.0 0.0 0.0 0.0 0.0 0.0 23.0 0.0 30.0 0.0 
0.0 0.0 0.0 0.0 0.0 0.0 0.0 1.0 0.0 0.0 0.0 0.0 0.0 0.0 0.0 0.0 0.0 2.0 0.0 0.0 0.0 0.0 0.0 0.0 
1.0 0.0 17.0 0.0 0.0 0.0 0.0 0.0 0.0 0.0 0.0 0.0 0.0 0.0 0.0 0.0 13.0 0.0 23.0 0.0 0.0 24.0 0.0 17.0 
0.0 22.0 0.0 0.0 21.0 0.0 0.0 0.0 0.0 0.0 0.0 0.0 1.0 0.0 0.0 21.0 0.0 0.0 0.0 0.0 24.0 0.0 27.0 0.0 
0.0 0.0 0.0 0.0 0.0 0.0 0.0 0.0 0.0 29.0 36.0 0.0 0.0 0.0 0.0 0.0 0.0 23.0 30.0 0.0 0.0 27.0 0.0 26.0 
0.0 0.0 0.0 13.0 0.0 0.0 0.0 0.0 0.0 0.0 0.0 21.0 0.0 1.0 0.0 0.0 0.0 0.0 0.0 0.0 17.0 0.0 26.0 0.0 
