q
45.0 80.0 40.0 20.0 67.0 49.0 86.0 39.0 80.0 38.0 62.0 
l
0.0 9.0 0.0 2.0 11.0 0.0 0.0 0.0 15.0 7.0 0.0 
9.0 0.0 0.0 0.0 8.0 12.0 19.0 0.0 9.0 17.0 0.0 
0.0 0.0 0.0 2.0 12.0 0.0 10.0 0.0 0.0 0.0 12.0 
2.0 0.0 2.0 0.0 8.0 0.0 0.0 0.0 7.0 0.0 0.0 
11.0 8.0 12.0 8.0 0.0 0.0 24.0 0.0 0.0 0.0 0.0 
0.0 12.0 0.0 0.0 0.0 0.0 10.0 11.0 14.0 0.0 0.0 
0.0 19.0 10.0 0.0 24.0 10.0 0.0 14.0 0.0 0.0 9.0 
0.0 0.0 0.0 0.0 0.0 11.0 14.0 0.0 0.0 0.0 11.0 
15.0 9.0 0.0 7.0 0.0 14.0 0.0 0.0 0.0 7.0 26.0 
7.0 17.0 0.0 0.0 0.0 0.0 0.0 0.0 7.0 0.0 0.0 
0.0 0.0 12.0 0.0 0.0 0.0 9.0 11.0 26.0 0.0 0.0 
