q
83.0 55.0 32.0 42.0 38.0 33.0 65.0 42.0 3.0 26.0 87.0 
l
0.0 0.0 11.0 0.0 0.0 17.0 9.0 9.0 1.0 0.0 27.0 
0.0 0.0 0.0 11.0 0.0 0.0 18.0 9.0 0.0 8.0 7.0 
11.0 0.0 0.0 0.0 0.0 5.0 8.0 0.0 1.0 6.0 0.0 
0.0 11.0 0.0 0.0 9.0 0.0 0.0 7.0 0.0 0.0 12.0 
0.0 0.0 0.0 9.0 0.0 0.0 0.0 0.0 0.0 0.0 21.0 
17.0 0.0 5.0 0.0 0.0 0.0 9.0 0.0 1.0 0.0 0.0 
9.0 18.0 8.0 0.0 0.0 9.0 0.0 12.0 0.0 4.0 0.0 
9.0 9.0 0.0 7.0 0.0 0.0 12.0 0.0 0.0 0.0 0.0 
1.0 0.0 1.0 0.0 0.0 1.0 0.0 0.0 0.0 0.0 0.0 
0.0 8.0 6.0 0.0 0.0 0.0 4.0 0.0 0.0 0.0 7.0 
27.0 7.0 0.0 12.0 21.0 0.0 0.0 0.0 0.0 7.0 0.0 
