q
44.0 1.0 57.0 54.0 26.0 41.0 83.0 47.0 85.0 51.0 45.0 
l
0.0 0.0 0.0 11.0 0.0 6.0 13.0 0.0 11.0 0.0 0.0 
0.0 0.0 0.0 0.0 0.0 0.0 0.0 0.0 0.0 0.0 1.0 
0.0 0.0 0.0 0.0 0.0 0.0 16.0 17.0 0.0 14.0 6.0 
11.0 0.0 0.0 0.0 0.0 0.0 7.0 18.0 12.0 0.0 0.0 
0.0 0.0 0.0 0.0 0.0 0.0 0.0 0.0 17.0 8.0 0.0 
6.0 0.0 0.0 0.0 0.0 0.0 14.0 0.0 18.0 0.0 0.0 
13.0 0.0 16.0 7.0 0.0 14.0 0.0 0.0 9.0 15.0 0.0 
0.0 0.0 17.0 18.0 0.0 0.0 0.0 0.0 0.0 0.0 9.0 
11.0 0.0 0.0 12.0 17.0 18.0 9.0 0.0 0.0 0.0 17.0 
0.0 0.0 14.0 0.0 8.0 0.0 15.0 0.0 0.0 0.0 11.0 
0.0 1.0 6.0 0.0 0.0 0.0 0.0 9.0 17.0 11.0 0.0 
