100 10 198 72 67 92 79 84 88 84 77
100 10 219 72 68 102 83 73 84 92 87
100 10 196 69 66 78 81 83 99 85 80
100 10 194 47 59 54 68 76 81 77 73
100 10 195 67 65 69 66 74 85 83 80
100 10 204 52 63 83 86 79 106 103 86
100 10 231 64 72 103 92 94 106 109 94
100 10 221 76 75 87 77 93 92 100 83
100 10 208 62 69 75 73 75 84 101 84
100 10 232 72 66 105 99 101 101 106 90
100 20 328 157 233 150 285 142 264 166 249
100 20 342 160 239 165 293 173 290 188 264
100 20 319 163 258 168 252 145 291 139 235
100 20 354 183 289 193 306 176 274 193 277
100 20 368 160 254 202 308 209 324 185 307
100 20 369 202 291 189 285 196 309 198 288
100 20 373 182 254 199 298 178 281 194 299
100 20 372 212 305 178 289 197 289 163 280
100 20 338 151 250 161 268 173 323 184 269
100 20 347 177 256 197 285 169 300 174 284
100 20 421 251 330 254 360 216 327 228 348
100 20 355 190 282 218 315 179 276 164 278
100 20 390 182 274 225 330 228 323 215 306
100 20 400 203 298 203 336 231 347 180 305
100 30 494 235 484 277 570 232 539 273 527
100 30 484 253 467 274 575 268 529 250 508
100 30 533 298 556 325 634 297 647 262 545
100 30 499 264 542 297 586 266 556 232 542
100 30 531 274 520 325 625 273 592 253 550
100 30 497 253 493 270 586 283 594 257 531
100 30 520 280 553 283 618 289 579 266 584
100 30 500 268 526 300 584 278 568 288 563
100 30 509 292 543 326 603 241 592 294 554
100 30 505 279 525 274 595 246 537 242 551
100 40 573 339 745 327 875 309 735 340 810
100 40 674 381 896 412 1018 390 992 383 908
100 40 618 400 850 336 916 363 887 373 852
100 40 663 403 788 402 993 386 979 344 935
100 40 640 375 783 374 935 352 961 335 875
100 40 659 392 838 395 977 366 978 340 859
100 40 676 361 848 392 960 452 1056 334 894
100 40 647 421 864 393 987 345 862 315 875
100 40 636 333 808 377 921 370 891 377 879
100 40 639 380 779 392 962 374 910 315 841
100 50 751 428 1120 460 1293 436 1259 461 1193
100 50 785 426 1180 487 1340 472 1340 368 1221
100 50 799 532 1291 422 1358 440 1330 441 1264
100 50 698 387 1067 390 1167 407 1172 401 1149
100 50 753 468 1146 527 1267 416 1323 402 1167
100 50 710 412 1013 436 1219 383 1116 398 1136
100 50 763 444 1113 475 1295 426 1286 428 1180
100 50 773 431 1151 487 1381 453 1307 430 1245
100 50 737 480 1157 446 1273 394 1160 408 1192
100 50 705 377 1062 448 1220 429 1177 393 1134
100 60 897 502 1607 559 1769 558 1724 562 1642
100 60 881 530 1492 585 1767 537 1672 492 1585
100 60 796 529 1378 558 1534 462 1439 445 1437
50 60 412 275 706 263 796 229 779 227 756
50 60 413 231 708 275 813 261 801 227 766
20 60 147 82 238 89 286 70 243 69 247
20 60 186 128 323 131 407 81 340 114 346
20 60 160 81 230 86 350 71 273 103 314
20 60 159 75 223 78 299 83 250 98 277
20 60 168 99 238 101 335 102 269 91 294
20 70 208 111 368 114 465 115 390 100 383
20 70 216 140 416 132 424 96 418 134 407
20 70 197 106 348 110 453 100 381 118 384
15 70 152 82 206 101 325 62 254 103 304
15 70 150 88 209 94 354 71 255 67 303
15 70 149 71 224 89 339 63 247 80 291
15 70 159 117 282 106 353 60 289 101 326
15 70 142 61 224 104 348 68 245 68 291
15 70 149 63 211 90 331 55 223 74 295
15 70 132 49 166 61 294 67 240 54 261
15 80 200 135 391 118 486 91 394 140 449
15 80 164 104 292 117 425 80 303 77 357
15 80 165 87 262 103 381 80 273 87 341
15 80 206 136 433 135 537 104 412 95 449
15 80 179 76 331 120 466 109 342 81 381
15 80 154 96 220 72 359 59 256 77 324
15 80 181 119 311 122 458 96 349 90 384
15 80 128 69 131 76 312 42 188 78 281
15 80 177 108 293 107 455 97 359 95 389
15 80 152 75 217 100 362 59 259 67 321
15 90 174 85 299 114 502 70 331 103 431
15 90 195 134 335 112 533 82 385 106 489
15 90 200 145 361 119 507 97 434 103 466
15 90 198 105 361 111 530 95 390 101 464
15 90 207 100 395 137 587 96 443 102 515
15 90 179 101 310 124 497 81 358 88 429
15 90 230 154 470 155 629 126 498 141 536
15 90 153 68 226 97 423 51 265 90 353
15 90 172 86 251 105 441 61 357 85 406
15 90 165 69 271 101 448 71 313 81 401
15 100 226 114 443 131 682 97 470 108 544
15 100 233 128 477 124 661 85 460 144 570
15 100 217 115 455 140 622 104 488 124 521
15 100 186 90 279 120 547 86 355 86 464
15 100 200 84 333 133 582 117 431 87 488
15 100 202 107 385 95 567 89 401 112 500
15 100 184 74 278 107 561 71 375 114 490
15 100 220 98 384 111 628 106 534 107 529
15 100 193 96 370 122 596 84 383 93 505
15 100 222 137 425 135 662 136 516 114 602
15 10 28 2 1 9 9 5 9 15 12
15 10 30 5 5 15 13 14 11 11 10
15 10 34 7 7 14 11 19 14 13 12
15 10 30 19 18 7 13 18 20 11 16
15 10 32 1 1 12 11 10 12 12 12
15 10 32 9 8 12 12 11 14 12 12
15 10 29 3 2 13 15 4 6 18 14
15 10 37 12 9 20 14 13 14 17 16
15 10 31 0 2 11 14 9 13 18 13
15 10 37 9 6 16 14 15 13 18 16
15 20 47 9 16 27 36 22 31 20 38
15 20 61 27 36 33 52 35 42 41 52
15 20 49 30 31 28 44 17 36 22 48
15 20 58 24 36 32 47 20 38 26 44
15 20 44 12 15 20 39 12 33 25 35
15 20 52 19 23 31 37 27 36 21 36
15 20 48 16 19 20 35 17 34 18 29
15 20 56 15 28 40 52 27 35 25 37
15 20 52 28 33 37 43 24 44 28 38
15 20 59 31 27 35 47 23 41 32 42
15 30 78 29 66 44 102 44 69 38 84
15 30 69 28 43 36 84 28 66 26 74
15 30 64 43 55 36 78 26 54 33 79
15 30 76 35 65 45 90 32 71 39 77
15 30 77 41 72 51 84 50 74 55 85
15 30 61 20 44 30 70 24 62 31 60
15 30 70 37 49 45 90 31 60 36 72
15 30 64 16 27 22 65 33 66 23 51
15 30 64 40 67 24 68 25 63 28 76
15 30 81 47 84 41 97 32 73 42 96
15 40 87 33 84 45 120 38 88 46 114
15 40 116 64 157 65 179 58 150 81 157
15 40 91 43 109 48 141 56 125 50 120
15 40 81 41 80 44 92 28 77 44 115
15 40 115 61 132 65 162 55 155 69 150
15 40 85 37 67 48 126 33 80 37 111
15 40 90 47 104 52 146 39 91 48 121
15 40 88 38 78 55 128 36 110 52 124
15 40 91 39 94 32 120 40 99 38 118
15 40 83 35 91 43 127 37 100 34 104
15 50 117 63 137 71 212 65 150 56 178
15 50 100 41 92 53 184 58 143 59 159
15 50 136 69 176 71 217 73 195 64 221
15 50 129 61 153 92 218 62 173 72 192
15 50 114 55 145 64 190 46 149 60 176
15 50 136 96 193 80 226 59 190 62 214
15 50 128 78 199 75 230 59 174 74 206
15 50 114 53 126 65 191 51 152 59 160
15 50 99 43 120 33 155 40 115 54 145
15 50 142 87 178 95 231 74 190 62 208
15 60 137 75 194 98 274 73 228 93 262
15 60 121 58 146 82 249 76 174 55 213
15 60 138 78 189 72 269 79 214 69 237
15 60 129 50 158 97 268 61 200 83 240
15 60 137 65 166 76 278 81 194 87 244
15 60 127 83 161 77 258 66 177 69 226
15 60 133 58 189 70 257 55 199 78 248
15 60 126 80 206 76 235 57 188 76 213
15 60 115 55 162 67 238 51 145 66 198
15 60 160 99 226 96 306 84 248 89 285
15 70 140 56 203 93 308 80 236 65 271
15 70 134 62 170 75 295 65 209 53 246
15 10 27 6 4 11 12 4 10 11 8
15 10 30 1 2 21 13 8 9 6 10
15 10 28 0 0 9 8 12 10 11 10
15 10 31 7 3 14 15 12 10 17 14
15 10 27 1 3 13 9 9 12 7 11
15 10 33 5 2 19 13 12 10 15 10
15 100 216 134 495 146 650 97 512 132 572
15 100 246 147 490 169 747 109 578 100 621
15 100 219 116 385 121 647 113 481 96 529
15 110 226 158 478 154 775 76 484 142 666
15 110 216 102 410 149 693 90 509 113 584
15 110 250 129 470 129 765 135 616 109 692
15 120 243 133 492 179 802 107 603 114 721
15 120 230 112 430 126 725 106 515 109 660
15 120 257 151 513 149 882 106 603 148 761
15 130 272 155 629 154 987 99 713 148 864
15 130 284 146 660 174 964 162 822 124 834
15 130 274 156 666 185 1012 121 766 163 878
15 140 325 226 946 219 1175 179 901 188 1073
15 140 264 146 591 145 926 112 725 157 882
15 140 284 158 692 157 1048 145 808 162 926
15 150 327 151 786 172 1215 164 928 172 1093
15 150 318 188 742 220 1252 142 906 140 1083
15 150 338 225 783 215 1327 119 1008 160 1176
15 160 313 164 773 196 1341 121 901 181 1122
15 160 335 161 803 189 1308 156 956 176 1192
15 160 352 181 884 197 1416 149 1148 198 1302
15 170 345 250 935 243 1494 154 1069 189 1248
15 170 328 215 907 212 1616 154 945 134 1250
15 170 324 182 754 175 1330 141 909 129 1285
15 180 361 213 980 196 1632 191 1231 195 1361
15 180 376 210 1152 267 1841 220 1346 231 1543
15 180 373 242 1014 252 1734 187 1185 191 1362
15 190 421 264 1265 275 1973 177 1447 220 1729
15 100 178 77 283 92 544 89 363 87 448
15 100 257 120 501 204 777 148 630 154 639
15 100 212 112 449 107 645 88 437 78 542
15 100 224 102 429 123 645 117 513 128 567
15 100 205 122 420 134 612 91 467 89 517
15 100 228 141 445 141 668 117 528 125 582
15 100 225 131 416 138 613 93 491 109 553
15 110 221 106 424 155 735 86 476 112 626
15 110 224 129 485 173 765 98 489 120 625
15 110 214 125 414 131 673 88 467 112 610
15 110 209 97 372 111 688 109 466 100 580
15 110 250 113 447 161 740 141 625 119 684
15 110 249 137 481 164 775 83 570 143 699
15 110 245 158 511 176 812 134 649 172 674
15 120 255 161 568 169 868 90 628 127 777
15 120 228 139 561 159 750 96 558 105 643
15 120 252 145 574 182 862 115 627 122 708
15 120 257 143 605 130 775 105 612 108 761
15 120 263 138 534 175 870 147 682 130 734
15 120 249 133 538 159 836 112 690 125 719
15 120 228 108 468 145 752 86 533 133 676
15 130 274 151 624 160 966 131 690 103 865
15 130 243 129 499 153 834 113 688 126 739
15 130 274 126 544 183 1031 115 731 140 831
15 130 293 154 699 179 1083 125 844 164 954
15 130 287 160 624 152 1042 140 793 130 816
15 130 184 61 254 108 633 83 363 87 555
15 130 276 148 630 153 946 106 739 135 835
15 140 282 158 682 161 1010 152 816 131 839
15 140 295 170 677 194 1084 149 853 152 918
15 140 311 158 661 202 1172 113 817 156 1018
15 140 298 175 719 155 1107 139 846 145 988
15 140 318 193 809 246 1206 163 936 165 993
15 140 253 126 508 163 971 107 718 135 841
15 140 277 146 634 161 1026 134 756 143 909
15 150 319 181 770 210 1266 130 974 184 1127
15 150 295 160 724 184 1177 135 813 152 988
15 150 314 144 684 154 1173 141 912 139 1094
15 150 298 160 834 187 1173 153 846 139 999
15 150 294 143 631 185 1184 130 895 134 1080
15 150 308 165 722 183 1142 150 853 191 1024
15 150 283 165 641 165 1122 103 776 111 931
15 160 338 257 960 228 1386 166 1075 144 1246
15 160 330 190 843 232 1299 175 1030 169 1184
15 160 314 155 795 234 1280 141 849 166 1207
15 160 304 148 754 214 1217 156 920 139 1059
15 160 334 153 825 191 1405 160 978 172 1252
15 160 367 259 1046 221 1467 167 1136 166 1398
15 160 350 229 1127 201 1486 187 1079 183 1394
15 170 311 168 769 184 1300 169 978 145 1152
15 170 361 209 967 208 1623 155 1132 162 1343
15 170 335 190 848 227 1453 133 919 170 1264
15 170 295 153 715 173 1225 127 922 145 1174
15 170 370 254 1067 203 1608 158 1181 185 1417
15 170 368 229 1089 239 1558 158 1144 167 1481
15 170 333 161 720 204 1467 124 1021 179 1267
15 180 338 196 940 200 1527 154 1145 187 1323
15 180 352 200 895 248 1626 131 1147 154 1420
15 180 382 208 1043 249 1818 164 1229 226 1547
15 180 356 183 915 173 1612 175 1170 168 1387
15 180 380 232 940 252 1760 152 1270 178 1474
15 180 364 213 986 215 1587 168 1154 179 1441
15 180 382 220 1145 299 1882 174 1385 216 1522
15 190 350 187 883 214 1617 178 1135 164 1450
15 190 436 272 1347 299 2090 236 1510 215 1742
15 190 397 196 1093 220 1884 172 1388 225 1685
15 190 378 233 1189 244 1862 244 1256 257 1615
15 190 385 224 1147 303 1916 182 1430 181 1532
15 190 400 236 1255 221 1913 148 1365 248 1684
15 190 374 228 1135 206 1758 190 1250 207 1549
15 210 426 278 1235 293 2243 189 1539 215 1962
15 210 413 231 1270 279 2183 179 1518 231 1924
15 210 439 262 1433 266 2217 220 1515 246 1907
15 210 456 324 1394 279 2300 224 1802 247 1959
15 210 414 247 1332 299 2145 165 1436 190 1830
15 210 399 180 1088 298 2012 198 1456 223 1808
15 210 425 235 1214 247 2137 186 1515 205 1905
15 210 443 254 1364 341 2331 197 1604 212 1940
15 210 453 261 1520 307 2327 214 1665 217 1942
15 210 460 301 1568 289 2347 223 1588 274 2005
15 220 506 356 1812 328 2739 260 1990 233 2295
15 220 439 252 1198 251 2378 234 1616 232 2079
15 220 428 217 1242 292 2265 180 1510 189 1970
15 220 421 300 1363 272 2300 209 1596 221 1950
15 220 405 209 1235 268 2144 200 1371 199 1862
15 220 399 277 1096 265 2125 208 1592 193 1776
15 220 475 280 1521 297 2460 225 1879 240 2105
15 220 495 335 1767 306 2581 192 1946 294 2291
15 220 417 218 1166 271 2252 211 1510 291 1906
15 200 398 252 1179 225 1885 202 1463 196 1724
15 200 460 277 1379 281 2210 256 1699 226 1923
15 220 415 287 1282 196 2172 161 1470 234 1892
15 200 420 260 1173 244 2042 217 1404 283 1791
15 230 432 236 1254 278 2268 201 1752 209 2127
15 200 380 183 909 194 1911 177 1240 161 1581
15 200 451 277 1429 272 2180 212 1587 218 1859
15 200 364 203 936 267 1883 157 1181 195 1576
15 200 422 256 1318 263 2227 256 1634 220 1811
15 240 483 326 1539 301 2745 206 1902 274 2320
15 200 418 244 1213 242 1990 195 1391 223 1783
15 200 422 262 1308 205 2021 178 1411 168 1761
15 200 430 252 1241 272 2076 210 1568 228 1891
15 250 525 332 1933 307 3056 272 2290 242 2611
15 230 519 354 1739 343 2943 242 2172 256 2430
15 260 537 335 1887 386 3196 291 2425 277 2779
15 230 419 213 1309 256 2365 187 1545 185 1983
15 230 438 281 1380 289 2389 196 1699 226 2087
15 230 446 228 1359 325 2460 177 1709 227 2255
15 270 559 355 1937 320 3472 246 2545 287 3063
15 230 442 299 1394 293 2409 180 1641 245 2157
15 230 456 248 1405 239 2366 157 1640 274 2258
15 230 451 293 1493 345 2376 236 1800 251 2106
15 280 584 358 2011 376 3727 288 2946 269 3193
15 230 469 305 1476 279 2599 231 1716 305 2234
15 230 493 311 1631 297 2626 251 1967 258 2324
15 240 457 201 1398 250 2690 192 1777 270 2204
15 240 514 303 1631 266 2930 211 2154 277 2488
15 240 447 235 1407 330 2585 212 1816 217 2307
15 240 433 227 1204 293 2590 196 1665 173 2085
15 240 531 320 1802 354 2956 241 2194 256 2545
15 240 412 224 1097 241 2373 116 1377 205 2022
15 290 579 360 2079 399 3633 351 2781 365 3171
15 240 530 348 1795 280 2938 299 2221 273 2459
15 240 483 289 1516 375 2795 268 1937 279 2438
15 240 509 310 1662 336 3000 256 1980 280 2510
15 250 508 319 1700 320 3219 237 2144 255 2557
15 250 463 274 1528 303 2665 219 1961 293 2342
15 300 564 359 2164 400 3736 265 2750 307 3466
15 250 521 304 1702 306 3028 260 2213 283 2438
15 250 530 301 1619 364 3085 291 2339 325 2515
15 250 498 271 1526 306 3043 259 2080 293 2495
15 250 480 271 1509 325 2869 224 1834 254 2427
15 250 506 293 1752 307 2913 209 2105 261 2449
15 250 525 263 1705 362 3040 265 2226 333 2716
15 250 524 327 1748 261 3110 257 2198 269 2557
15 260 568 366 2094 329 3423 190 2478 264 2974
15 260 491 312 1642 302 2854 164 1955 236 2447
15 260 506 276 1573 282 2940 234 2111 358 2675
15 260 544 329 1983 359 3208 270 2619 302 2649
15 260 493 305 1640 305 2930 241 2117 255 2607
15 260 528 314 1816 380 3329 281 2100 245 2747
15 260 569 380 2267 398 3311 289 2780 285 2706
15 260 521 289 1653 313 3186 263 2317 265 2606
15 260 524 358 1924 315 3132 212 2127 261 2733
15 260 485 363 1731 328 2908 279 1944 206 2482
15 260 531 397 1912 335 3078 347 2305 266 2831
15 260 584 361 1999 429 3481 223 2402 312 2889
15 260 518 282 1545 344 2892 259 2311 265 2672
15 260 588 388 2340 327 3621 259 2634 376 3039
15 270 511 314 1761 285 3177 205 2280 226 2669
15 270 533 306 1807 352 3306 205 2394 254 2950
15 270 541 382 2076 279 3396 215 2393 292 2871
15 270 546 319 1772 331 3291 245 2488 310 2873
15 270 500 324 1781 400 3108 267 2154 247 2668
15 270 548 346 1985 406 3475 270 2402 330 2905
15 270 588 356 2218 405 3668 268 2651 313 3141
15 270 567 329 2082 361 3491 259 2568 288 3088
15 270 485 272 1505 304 3003 219 2090 227 2553
15 280 570 393 2213 320 3420 259 2577 326 3166
15 280 558 255 1992 277 3460 295 2621 359 3074
15 290 602 357 2143 397 4048 281 2778 297 3303
15 290 515 299 1665 256 3326 207 2237 285 2848
15 280 585 433 2141 361 3747 272 2762 280 3118
15 300 665 448 2548 503 4376 309 3268 328 3813
15 300 627 417 2363 362 4225 303 3064 350 3696
30 280 971 661 3709 727 5872 661 5117 581 5107
30 290 1039 736 4101 636 6592 520 5641 568 5810
30 300 1156 816 4719 803 7508 582 6287 612 6614
30 280 944 632 3596 733 6040 524 4862 615 5058
30 300 904 628 3640 678 5784 473 4903 555 4885
30 290 1083 738 4033 826 6852 521 5650 709 5868
30 280 1106 782 4280 697 6910 644 5787 590 5815
30 290 1086 791 4181 708 6999 597 5820 597 5888
30 280 1130 815 4900 723 7237 678 6056 802 6129
30 290 1169 872 4835 778 7479 606 6390 788 6248
30 280 1114 824 4352 875 6799 798 6006 663 5991
30 290 1152 854 4857 736 7324 829 6079 681 6655
30 280 927 694 3842 700 5554 584 4900 545 4904
30 280 1067 695 3945 806 6655 738 5573 577 5689
30 280 1088 785 4854 799 6729 603 5783 566 5893
30 280 1192 827 4546 971 7217 744 6290 645 6313
30 290 1012 667 4117 616 6561 560 5283 606 5434
30 300 1193 940 5273 865 8056 758 6676 643 6753
30 290 1149 868 4663 868 7109 625 5996 661 6543
30 300 957 675 3818 701 6195 565 5372 651 5329
30 300 904 636 4026 526 5874 536 4864 493 4915
30 300 1141 808 4643 795 7521 764 6183 657 6572
30 300 1017 672 3950 800 6627 723 5716 660 5712
30 300 1068 773 4421 626 6745 734 5995 553 6020
