15 70 152 82 206 101 325 62 254 103 304
15 70 150 88 209 94 354 71 255 67 303
15 70 149 71 224 89 339 63 247 80 291
15 70 159 117 282 106 353 60 289 101 326
15 70 142 61 224 104 348 68 245 68 291
15 70 149 63 211 90 331 55 223 74 295
15 70 132 49 166 61 294 67 240 54 261
15 80 200 135 391 118 486 91 394 140 449
15 80 164 104 292 117 425 80 303 77 357
15 80 165 87 262 103 381 80 273 87 341
15 80 206 136 433 135 537 104 412 95 449
15 80 179 76 331 120 466 109 342 81 381
15 80 154 96 220 72 359 59 256 77 324
15 80 181 119 311 122 458 96 349 90 384
15 80 128 69 131 76 312 42 188 78 281
15 80 177 108 293 107 455 97 359 95 389
15 80 152 75 217 100 362 59 259 67 321
15 90 174 85 299 114 502 70 331 103 431
15 90 195 134 335 112 533 82 385 106 489
15 90 200 145 361 119 507 97 434 103 466
15 90 198 105 361 111 530 95 390 101 464
15 90 207 100 395 137 587 96 443 102 515
15 90 179 101 310 124 497 81 358 88 429
15 90 230 154 470 155 629 126 498 141 536
15 90 153 68 226 97 423 51 265 90 353
15 90 172 86 251 105 441 61 357 85 406
15 90 165 69 271 101 448 71 313 81 401
15 100 226 114 443 131 682 97 470 108 544
15 100 233 128 477 124 661 85 460 144 570
15 100 217 115 455 140 622 104 488 124 521
15 100 186 90 279 120 547 86 355 86 464
15 100 200 84 333 133 582 117 431 87 488
15 100 202 107 385 95 567 89 401 112 500
15 100 184 74 278 107 561 71 375 114 490
15 100 220 98 384 111 628 106 534 107 529
15 100 193 96 370 122 596 84 383 93 505
15 100 222 137 425 135 662 136 516 114 602
15 10 28 2 1 9 9 5 9 15 12
15 10 30 5 5 15 13 14 11 11 10
15 10 34 7 7 14 11 19 14 13 12
15 10 30 19 18 7 13 18 20 11 16
15 10 32 1 1 12 11 10 12 12 12
15 10 32 9 8 12 12 11 14 12 12
15 10 29 3 2 13 15 4 6 18 14
15 10 37 12 9 20 14 13 14 17 16
15 10 31 0 2 11 14 9 13 18 13
15 10 37 9 6 16 14 15 13 18 16
15 20 47 9 16 27 36 22 31 20 38
15 20 61 27 36 33 52 35 42 41 52
15 20 49 30 31 28 44 17 36 22 48
15 20 58 24 36 32 47 20 38 26 44
15 20 44 12 15 20 39 12 33 25 35
15 20 52 19 23 31 37 27 36 21 36
15 20 48 16 19 20 35 17 34 18 29
15 20 56 15 28 40 52 27 35 25 37
15 20 52 28 33 37 43 24 44 28 38
15 20 59 31 27 35 47 23 41 32 42
15 30 78 29 66 44 102 44 69 38 84
15 30 69 28 43 36 84 28 66 26 74
15 30 64 43 55 36 78 26 54 33 79
15 30 76 35 65 45 90 32 71 39 77
15 30 77 41 72 51 84 50 74 55 85
15 30 61 20 44 30 70 24 62 31 60
15 30 70 37 49 45 90 31 60 36 72
15 30 64 16 27 22 65 33 66 23 51
15 30 64 40 67 24 68 25 63 28 76
15 30 81 47 84 41 97 32 73 42 96
15 40 87 33 84 45 120 38 88 46 114
15 40 116 64 157 65 179 58 150 81 157
15 40 91 43 109 48 141 56 125 50 120
15 40 81 41 80 44 92 28 77 44 115
15 40 115 61 132 65 162 55 155 69 150
15 40 85 37 67 48 126 33 80 37 111
15 40 90 47 104 52 146 39 91 48 121
15 40 88 38 78 55 128 36 110 52 124
15 40 91 39 94 32 120 40 99 38 118
15 40 83 35 91 43 127 37 100 34 104
15 50 117 63 137 71 212 65 150 56 178
15 50 100 41 92 53 184 58 143 59 159
15 50 136 69 176 71 217 73 195 64 221
15 50 129 61 153 92 218 62 173 72 192
15 50 114 55 145 64 190 46 149 60 176
15 50 136 96 193 80 226 59 190 62 214
15 50 128 78 199 75 230 59 174 74 206
15 50 114 53 126 65 191 51 152 59 160
15 50 99 43 120 33 155 40 115 54 145
15 50 142 87 178 95 231 74 190 62 208
15 60 137 75 194 98 274 73 228 93 262
15 60 121 58 146 82 249 76 174 55 213
15 60 138 78 189 72 269 79 214 69 237
15 60 129 50 158 97 268 61 200 83 240
15 60 137 65 166 76 278 81 194 87 244
15 60 127 83 161 77 258 66 177 69 226
15 60 133 58 189 70 257 55 199 78 248
15 60 126 80 206 76 235 57 188 76 213
15 60 115 55 162 67 238 51 145 66 198
15 60 160 99 226 96 306 84 248 89 285
15 70 153 74 222 102 342 68 279 74 329
15 70 138 61 179 68 312 61 217 64 288
15 70 157 79 268 84 320 61 260 89 299
