10 20 34 8 8 18 26 25 28 15 25
10 20 33 0 2 10 28 12 17 15 25
10 20 42 3 5 23 31 15 27 19 31
10 20 40 4 6 24 37 19 27 24 31
10 20 43 18 24 22 36 17 29 17 29
10 20 29 0 0 19 24 10 14 13 29
10 20 42 17 15 13 24 13 23 21 35
10 20 33 8 9 14 26 10 22 13 24
10 20 32 1 3 15 26 12 17 17 25
10 20 33 7 12 22 31 17 22 14 22
50 20 176 72 134 83 151 74 137 84 127
50 20 191 102 151 99 176 107 176 112 162
50 20 180 82 116 109 149 99 148 86 145
50 20 180 75 128 98 138 83 162 89 134
50 20 182 107 148 115 145 92 142 93 139
50 20 153 73 120 70 125 82 133 61 122
50 20 160 81 120 92 139 65 110 101 124
50 20 181 95 145 104 151 75 148 88 134
50 20 158 72 109 75 148 88 136 81 129
50 20 169 81 134 81 134 84 139 83 125
100 20 328 157 233 150 285 142 264 166 249
100 20 342 160 239 165 293 173 290 188 264
100 20 319 163 258 168 252 145 291 139 235
100 20 354 183 289 193 306 176 274 193 277
100 20 388 185 288 178 322 225 346 193 312
100 20 364 201 276 191 297 201 311 176 280
100 20 385 183 276 226 315 199 299 178 303
100 20 365 172 255 196 328 181 315 174 274
100 20 368 191 291 185 292 210 314 179 303
100 20 363 188 295 173 306 179 312 185 281
100 20 367 169 261 180 321 203 294 186 284
100 20 392 192 281 204 334 190 268 199 295
100 20 340 155 230 174 292 173 278 146 264
100 20 359 161 268 185 302 170 292 204 293
150 20 589 284 449 320 502 282 497 278 449
150 20 565 290 433 304 442 304 483 270 442
150 20 547 279 424 287 463 302 464 262 395
150 20 542 236 420 278 454 301 446 290 433
150 20 560 304 446 294 434 305 482 289 455
150 20 551 291 464 312 465 290 477 289 456
150 20 507 243 394 287 433 237 410 274 402
150 20 557 259 421 303 471 334 483 262 435
150 20 515 247 377 245 437 247 434 249 395
150 20 507 233 391 268 437 246 425 263 413
200 20 642 308 496 323 504 340 589 302 513
200 20 723 312 517 377 602 338 543 342 546
200 20 736 381 541 388 614 393 641 358 574
200 20 691 292 525 366 570 323 546 369 557
200 20 746 347 496 371 593 404 602 388 576
200 20 729 348 520 388 600 381 592 377 561
200 20 750 373 566 419 625 387 634 425 600
200 20 668 345 470 328 562 346 496 307 518
200 20 745 433 645 393 600 410 643 384 600
200 20 704 383 524 348 575 327 515 370 544
250 20 907 408 646 476 744 497 792 467 738
250 20 922 534 703 519 765 493 785 441 683
250 20 916 417 689 487 772 436 763 448 712
250 20 896 451 744 425 733 454 732 426 692
250 20 901 416 667 480 762 460 743 417 681
250 20 913 410 686 492 784 486 771 476 742
250 20 912 449 657 494 771 472 756 501 738
250 20 845 385 625 401 722 444 737 409 663
250 20 865 400 652 455 705 431 692 425 670
250 20 865 439 698 426 708 462 773 428 679
300 20 1076 556 829 565 891 541 867 591 851
300 20 1052 510 775 545 893 496 811 547 826
300 20 1098 586 858 564 864 531 868 532 806
300 20 1098 548 879 580 949 564 924 528 890
300 20 1093 583 836 526 884 566 826 516 852
300 20 1115 526 835 639 965 557 832 557 829
300 20 1113 550 868 632 957 607 879 593 890
300 20 1091 501 847 548 900 573 902 528 822
300 20 1058 511 783 548 866 521 894 511 823
300 20 1085 534 818 565 931 523 913 541 807
350 20 1250 595 882 656 1069 584 956 619 948
350 20 1280 562 948 654 1047 606 1020 629 1003
350 20 1277 607 938 672 1088 645 1001 685 1027
350 20 1217 564 890 645 1021 622 960 570 910
350 20 1328 589 971 684 1087 645 1012 668 1032
350 20 1187 517 852 616 1035 668 1026 552 906
350 20 1272 676 1027 672 1048 654 1049 600 987
350 20 1271 606 938 651 1060 655 1066 647 981
350 20 1287 568 939 672 1069 674 1085 611 988
350 20 1262 594 880 656 1035 649 1134 603 963
400 20 1434 674 1036 721 1176 694 1193 749 1125
400 20 1476 640 1054 753 1188 735 1212 743 1153
400 20 1401 667 996 750 1210 607 1059 650 1022
400 20 1440 674 1100 719 1207 767 1189 673 1075
400 20 1473 707 1168 808 1243 725 1159 725 1152
400 20 1453 727 1114 776 1222 746 1254 689 1132
400 20 1468 653 1118 846 1280 707 1153 732 1149
400 20 1383 616 959 719 1145 763 1248 696 1116
400 20 1470 759 1144 772 1221 722 1143 742 1099
400 20 1453 673 1095 770 1222 742 1138 709 1130
450 20 1622 734 1229 882 1387 797 1362 736 1261
450 20 1574 686 1203 806 1275 779 1283 812 1225
450 20 1518 709 1121 768 1257 805 1235 739 1149
450 20 1684 819 1198 909 1451 861 1545 844 1299
450 20 1604 734 1232 835 1333 860 1377 825 1275
450 20 1618 773 1230 895 1420 842 1438 787 1276
450 20 1693 793 1255 908 1409 883 1305 829 1329
450 20 1654 838 1231 869 1414 840 1307 825 1269
450 20 1641 804 1267 895 1392 824 1327 811 1274
450 20 1617 740 1174 829 1326 801 1389 763 1270
500 20 1817 870 1301 992 1529 933 1424 884 1414
500 20 1769 859 1396 920 1436 921 1504 890 1393
500 20 1819 840 1381 939 1496 967 1565 948 1449
500 20 1832 866 1368 984 1528 910 1644 899 1410
500 20 1805 871 1367 909 1530 942 1552 934 1430
500 20 1832 916 1323 936 1446 922 1442 855 1386
500 20 1828 869 1394 972 1516 991 1607 906 1442
500 20 1829 844 1331 939 1521 983 1512 857 1459
500 20 1766 857 1366 875 1478 934 1507 852 1370
500 20 1806 769 1294 989 1546 978 1518 894 1395
550 20 1971 918 1391 1052 1632 1028 1549 972 1560
550 20 1989 922 1419 1049 1693 1026 1689 956 1533
550 20 1968 927 1482 991 1636 961 1546 927 1514
550 20 1972 995 1654 1063 1646 1064 1727 967 1560
550 20 1974 932 1486 1035 1687 1035 1705 962 1550
550 20 1883 905 1346 954 1553 997 1596 944 1459
550 20 1968 900 1408 1041 1646 899 1512 955 1507
550 20 1925 878 1379 976 1653 1000 1626 947 1504
550 20 2016 927 1477 1061 1675 1041 1735 1031 1542
550 20 1988 970 1518 1066 1643 927 1505 968 1510
600 20 2081 961 1583 989 1754 1059 1713 977 1597
600 20 2220 1103 1707 1209 1848 1182 1764 1135 1741
600 20 2024 890 1425 1104 1766 1021 1715 970 1544
600 20 2121 1053 1585 1105 1699 1028 1820 1025 1641
600 20 2215 1094 1652 1141 1825 1122 1703 1130 1690
600 20 2072 950 1443 1142 1761 970 1615 1011 1647
600 20 2202 988 1639 1164 1894 1113 1718 1135 1731
600 20 2194 1145 1660 1141 1846 1066 1702 1122 1720
600 20 2165 965 1586 1102 1806 1112 1798 1037 1644
600 20 2139 1095 1670 1149 1786 1086 1796 1115 1664
650 20 2297 1145 1701 1227 1921 1158 2073 1153 1848
650 20 2248 1081 1711 1172 1849 1150 2044 1059 1692
650 20 2290 1029 1714 1221 1961 1224 1934 1175 1852
650 20 2319 1050 1668 1209 1935 1217 1944 1097 1757
650 20 2325 1075 1717 1228 1969 1233 1848 1150 1814
650 20 2420 1181 1824 1269 1986 1369 2015 1220 1872
650 20 2412 1059 1710 1302 2000 1266 1980 1172 1853
650 20 2379 1102 1780 1237 1998 1182 2066 1211 1885
650 20 2383 1121 1825 1201 1944 1240 1972 1162 1858
650 20 2385 1148 1750 1314 2010 1272 2009 1155 1840
700 20 2595 1396 2042 1352 2168 1324 2230 1301 2060
700 20 2567 1221 1944 1387 2138 1292 2145 1193 1975
700 20 2543 1079 1789 1342 2138 1199 1919 1276 2028
700 20 2472 1122 1777 1314 2066 1272 2058 1177 1898
700 20 2578 1361 2046 1389 2229 1353 2354 1251 2043
700 20 2533 1116 1802 1395 2101 1232 1987 1250 1985
700 20 2574 1193 1919 1282 2067 1368 2128 1269 2010
700 20 2580 1103 1855 1309 2173 1313 2022 1249 1982
700 20 2589 1357 2026 1414 2236 1261 2011 1297 1967
700 20 2465 1176 1838 1283 2016 1323 2128 1167 1967
750 20 2706 1340 1901 1400 2276 1372 2225 1302 2119
750 20 2735 1209 1956 1345 2210 1392 2235 1302 2096
750 20 2763 1472 2201 1436 2327 1400 2177 1432 2136
750 20 2718 1265 2054 1453 2268 1368 2267 1374 2094
750 20 2714 1326 2028 1373 2262 1347 2090 1362 2092
750 20 2778 1416 2122 1501 2318 1486 2296 1372 2107
750 20 2774 1184 1992 1462 2321 1434 2336 1335 2194
750 20 2604 1207 1911 1291 2225 1387 2317 1269 2060
750 20 2715 1310 2109 1443 2342 1454 2406 1330 2146
750 20 2638 1308 2102 1443 2282 1411 2208 1270 2105
800 20 2954 1447 2209 1557 2481 1541 2285 1466 2304
800 20 2872 1586 2368 1476 2372 1514 2374 1383 2223
800 20 2941 1423 2256 1561 2429 1443 2576 1457 2239
800 20 2827 1270 2008 1477 2369 1570 2359 1439 2235
800 20 2899 1175 2033 1517 2409 1490 2480 1449 2215
800 20 2860 1521 2248 1515 2478 1495 2642 1469 2275
800 20 2968 1484 2187 1600 2504 1439 2335 1463 2324
800 20 2984 1348 2170 1550 2512 1527 2697 1521 2293
800 20 2951 1431 2179 1484 2441 1544 2512 1474 2284
800 20 2962 1346 2086 1571 2565 1539 2467 1494 2303
850 20 3048 1434 2288 1594 2602 1592 2689 1593 2422
850 20 3111 1393 2137 1681 2606 1605 2655 1534 2448
850 20 3084 1489 2297 1668 2650 1629 2553 1609 2449
850 20 3116 1420 2257 1639 2579 1615 2652 1557 2395
850 20 3074 1289 2239 1632 2619 1699 2597 1568 2439
850 20 3068 1429 2352 1660 2616 1670 2667 1534 2462
850 20 2967 1318 2150 1641 2534 1589 2584 1454 2302
850 20 3093 1566 2320 1654 2638 1576 2739 1542 2463
850 20 3061 1430 2264 1612 2595 1535 2528 1523 2375
850 20 3080 1408 2285 1589 2591 1495 2384 1535 2408
900 20 3297 1496 2407 1752 2832 1748 2768 1707 2617
900 20 3277 1618 2395 1772 2744 1727 2757 1621 2538
900 20 3296 1621 2516 1731 2766 1782 2998 1609 2543
900 20 3261 1428 2315 1745 2728 1706 2949 1561 2551
900 20 3148 1489 2343 1610 2636 1659 2629 1480 2406
900 20 3205 1483 2351 1726 2722 1649 2876 1579 2471
900 20 3068 1301 2294 1594 2579 1556 2558 1478 2364
900 20 3210 1402 2289 1630 2643 1552 2452 1556 2499
900 20 3205 1563 2453 1618 2660 1699 2759 1590 2520
900 20 3260 1640 2549 1740 2763 1805 2746 1603 2568
950 20 3347 1500 2418 1713 2732 1644 2540 1602 2548
950 20 3429 1600 2415 1793 2840 1815 2770 1625 2608
950 20 3515 1941 2741 1882 2889 1723 2696 1750 2704
950 20 3453 1472 2438 1913 2884 1720 2667 1769 2683
950 20 3402 1595 2493 1662 2805 1810 2868 1705 2626
950 20 3442 1584 2512 1791 2864 1694 2689 1726 2694
950 20 3491 1632 2526 1839 2953 1709 2677 1724 2738
950 20 3440 1704 2649 1876 2955 1881 2934 1734 2722
950 20 3392 1577 2421 1754 2897 1669 2680 1689 2701
950 20 3513 1681 2715 1896 2970 1906 3110 1827 2824
1000 20 3717 1651 2700 1857 3143 2022 3187 1836 2885
1000 20 3711 1795 2771 1976 3117 1983 3239 1858 2870
1000 20 3732 1722 2635 1874 3084 2018 3096 1844 2881
1000 20 3667 1708 2813 1871 3043 1918 3024 1797 2843
1000 20 3638 1659 2648 1811 3006 1884 3095 1809 2836
1000 20 3608 1629 2591 1939 3030 1836 3210 1924 2884
1000 20 3586 1658 2710 1869 2942 1908 2968 1844 2747
1000 20 3699 1764 2837 1924 3126 1869 2877 1858 2872
1000 20 3642 1655 2663 1997 3100 1919 3292 1855 2891
1000 20 3564 1916 2780 1890 3037 1887 3053 1774 2810
1050 20 3845 1769 2827 1993 3270 2038 3222 1936 3017
1050 20 3765 1731 2702 2069 3208 1836 2900 1782 2924
1050 20 3942 1835 2894 2093 3273 2057 3301 2004 3048
1050 20 3746 1732 2762 1985 3188 1891 3299 1903 2922
1050 20 3834 1821 2786 1978 3103 2077 3200 1872 2930
1050 20 3938 1877 2867 2086 3275 2109 3328 1962 3081
1050 20 3818 1868 2918 2100 3242 1954 3000 1927 2968
1050 20 3822 1804 2844 2091 3246 1948 3371 1932 3045
1050 20 3832 1842 2806 1981 3247 1964 3557 1859 2982
1050 20 3783 1769 2794 1908 3043 1905 3282 1840 2872
1100 20 4080 1944 3029 2153 3314 2175 3418 2048 3175
1100 20 3986 1914 3027 2060 3303 1968 3122 1896 3062
1100 20 3877 1807 2781 1951 3169 1822 3014 1943 3094
1100 20 4018 1833 2886 2145 3346 2117 3541 2053 3171
1100 20 4046 1928 2928 2151 3365 2110 3433 2025 3096
1100 20 3986 1801 2901 2096 3288 2103 3341 1979 3113
1100 20 3990 1884 2995 2090 3294 2099 3384 2028 3124
1100 20 3972 1808 2978 2108 3348 2110 3422 1937 3116
1100 20 4090 1938 3076 2140 3390 2133 3494 2078 3174
1100 20 4019 2002 2976 2087 3355 1952 3086 2065 3094
1150 20 4145 1856 3004 2177 3412 2307 3481 2035 3172
1150 20 4073 1945 2996 2078 3458 2059 3614 2055 3223
1150 20 4224 2177 3160 2276 3509 2257 3513 2168 3244
1150 20 4200 1894 2986 2202 3462 2116 3621 2116 3296
1150 20 4123 2003 3045 2122 3432 2180 3503 2089 3226
1150 20 4111 1846 3016 2185 3448 2082 3523 2088 3270
1150 20 4207 1938 3069 2200 3567 1981 3249 2080 3225
1150 20 4221 1929 3199 2166 3549 2097 3298 2148 3243
1150 20 4103 1928 3021 2105 3438 2100 3701 2039 3182
1150 20 4169 1915 3050 2133 3564 2171 3591 2031 3279
1200 20 4375 1930 3249 2301 3644 2269 3671 2226 3342
1200 20 4389 2129 3292 2290 3644 2372 3625 2187 3479
1200 20 4387 1956 3150 2312 3727 2387 3723 2214 3390
1200 20 4430 2138 3297 2370 3752 2298 4012 2252 3491
1200 20 4355 1927 3204 2289 3636 2318 3688 2109 3429
1200 20 4354 1862 3135 2300 3676 2233 3671 2234 3392
1200 20 4406 2027 3176 2337 3776 2372 3739 2291 3486
1200 20 4495 2203 3404 2338 3686 2319 3863 2249 3513
1200 20 4266 1889 3108 2138 3514 2208 3646 2151 3314
1200 20 4217 2017 3069 2246 3522 2250 3650 2021 3222
1250 20 4435 2096 3324 2272 3634 2269 3733 2221 3371
1250 20 4481 2068 3258 2461 3840 2344 3765 2219 3538
1250 20 4614 2124 3251 2394 3743 2281 3524 2264 3609
1250 20 4614 2104 3306 2461 3889 2408 4060 2279 3599
1250 20 4529 2109 3222 2378 3729 2173 3520 2186 3594
1250 20 4482 2379 3681 2292 3747 2291 3967 2293 3445
1250 20 4557 2108 3293 2421 3814 2436 3819 2306 3482
1250 20 4553 2207 3519 2317 3778 2367 4043 2302 3598
1250 20 4529 2125 3280 2341 3838 2423 3830 2328 3568
1250 20 4533 2130 3325 2410 3833 2378 3869 2296 3589
1300 20 4638 2311 3395 2381 3961 2424 3897 2302 3647
1300 20 4691 2329 3501 2497 3975 2449 3943 2350 3695
1300 20 4590 1986 3409 2346 3817 2374 3920 2252 3540
1300 20 4675 2202 3577 2580 3935 2445 3685 2295 3742
1300 20 4824 2292 3493 2612 4035 2522 3736 2360 3698
1300 20 4672 2121 3321 2454 3895 2411 4004 2227 3611
1300 20 4615 2145 3344 2432 3915 2444 3931 2370 3618
1300 20 4675 2171 3537 2424 3857 2399 4208 2277 3559
1300 20 4768 2181 3509 2511 3980 2423 4052 2456 3782
1300 20 4715 2218 3452 2545 3987 2441 3985 2323 3676
1350 20 4948 2456 3800 2627 4135 2433 3854 2476 3843
1350 20 4988 2441 3641 2643 4234 2684 4186 2537 3905
1350 20 4927 2264 3531 2602 4110 2607 4107 2477 3802
1350 20 4896 2325 3525 2566 4161 2561 4033 2350 3810
1350 20 4945 2399 3647 2515 4053 2615 4194 2574 3897
1350 20 4822 2196 3568 2440 3963 2566 4001 2516 3778
1350 20 4739 2019 3376 2554 4011 2561 4074 2462 3702
1350 20 4997 2340 3607 2649 4228 2681 4259 2638 3980
1350 20 4983 2264 3567 2558 4131 2538 4121 2478 3765
1350 20 4837 2304 3450 2510 4074 2524 4139 2385 3717
1400 20 5156 2417 3825 2785 4370 2694 4478 2578 4055
1400 20 5019 2290 3648 2742 4186 2545 4193 2490 3823
1400 20 4940 2386 3651 2650 4175 2643 4119 2534 3925
1400 20 5019 2295 3776 2582 4257 2593 4239 2439 3892
1400 20 5009 2491 3844 2695 4134 2510 3865 2512 3935
1400 20 5040 2311 3649 2612 4187 2594 4518 2607 3973
1400 20 5065 2267 3658 2709 4170 2681 4544 2470 3949
1400 20 5189 2511 3714 2752 4366 2692 4319 2708 4037
1400 20 4952 2294 3740 2549 4077 2543 4169 2331 3816
1400 20 5101 2541 4004 2624 4245 2773 4355 2535 3984
1450 20 5243 2431 3848 2806 4407 2773 4392 2684 4092
1450 20 5312 2385 3883 2823 4414 2690 4460 2653 4148
1450 20 5267 2743 4010 2831 4411 2845 4466 2660 4088
1450 20 5313 2574 4036 2642 4412 2880 4545 2704 4102
1450 20 5191 2397 3729 2831 4422 2629 4054 2503 4011
1450 20 5387 2400 3802 2742 4537 2654 4217 2650 4207
1450 20 5258 2459 3759 2826 4385 2765 4445 2501 4022
1450 20 5091 2244 3724 2719 4394 2662 4419 2533 4077
1450 20 5251 2504 3834 2790 4356 2780 4370 2589 4005
1450 20 5331 2385 3877 2786 4437 2791 4177 2511 4104
1500 20 5436 2519 3968 2955 4538 2670 4171 2633 4205
1500 20 5375 2368 3746 2782 4564 2804 4520 2655 4195
1500 20 5400 2350 3836 2824 4537 2656 4188 2651 4212
1500 20 5624 2605 4031 2965 4659 3020 4807 2805 4348
1500 20 5532 2567 3882 2939 4567 2766 4296 2759 4266
1500 20 5395 2780 4271 2789 4470 2612 4163 2765 4212
1500 20 5528 2548 4069 2863 4627 2937 4705 2811 4253
1500 20 5465 2685 4235 2908 4512 2845 4590 2746 4320
1500 20 5397 2450 3850 2774 4511 2773 4842 2706 4258
1500 20 5450 2881 4135 2901 4585 2734 4246 2742 4225
1550 20 5670 2712 4148 3043 4818 2982 4761 2850 4486
1550 20 5555 2498 3976 2964 4634 2903 4814 2698 4331
1550 20 5434 2488 4073 2872 4541 2876 4573 2658 4222
1550 20 5644 2842 4337 2986 4752 2939 4906 2825 4421
1550 20 5526 2532 3951 2864 4613 2751 4267 2679 4401
1550 20 5689 2711 4255 2991 4779 3073 4888 2792 4422
1550 20 5650 2576 4073 3044 4831 3005 4857 2845 4465
1550 20 5646 2888 4418 2855 4704 2957 5128 2811 4421
1550 20 5632 2653 3989 2923 4811 3014 4665 2893 4322
1550 20 5610 2567 4216 2938 4691 2951 4666 2616 4357
1600 20 5713 2555 4096 3079 4827 2923 4876 2825 4424
1600 20 5760 2901 4393 3120 4938 3005 5009 2938 4493
1600 20 5841 2952 4442 3060 4902 3021 4873 2983 4635
1600 20 5632 2766 4181 2951 4693 2795 4339 2785 4366
1600 20 5816 2494 4179 3084 4893 3126 4922 2890 4497
1600 20 5644 2635 4138 3063 4750 3049 4834 2699 4338
1600 20 5706 2813 4288 2985 4798 2870 5133 2817 4366
1600 20 5897 2692 4244 3039 4906 3128 4918 2903 4521
1600 20 5766 2454 4139 3001 4847 2972 5212 2920 4533
1600 20 5901 2741 4384 3233 4972 3051 5097 2991 4637
1650 20 5929 2594 4192 3027 4915 3117 5016 3017 4584
1650 20 5967 2809 4310 3211 5021 2900 4628 2941 4667
1650 20 6151 2869 4462 3174 5105 3075 4776 3081 4741
1650 20 6102 2708 4360 3135 5102 3222 5051 3101 4740
1650 20 6023 2884 4527 3219 5003 3031 5388 3000 4701
1650 20 6013 2700 4449 3167 5060 3030 5345 2996 4720
1650 20 6052 2794 4500 3193 5031 3145 5521 2953 4709
1650 20 6101 2698 4370 3199 5103 3197 5301 3063 4740
1650 20 6007 2734 4265 3285 5029 3090 5365 2983 4678
1650 20 5992 2871 4459 3188 5040 3245 5077 2961 4623
1700 20 6135 2844 4879 3088 5086 3302 5302 3059 4838
1700 20 6281 3035 4658 3347 5257 3436 5316 3165 4995
1700 20 6196 3034 4695 3285 5162 3268 5488 2982 4804
1700 20 6049 2590 4413 3157 5105 3211 5110 2972 4706
1700 20 6137 2682 4494 3206 5075 3205 5259 3015 4722
1700 20 6239 2801 4409 3339 5247 3384 5245 3002 4852
1700 20 6299 3051 4917 3421 5357 3338 5376 3170 4933
1700 20 6238 3002 4582 3289 5161 3284 5278 3051 4789
1700 20 6179 2969 4524 3263 5254 3259 5603 3131 4801
1700 20 6106 3387 4858 3233 5024 3268 5151 3035 4708
1750 20 6336 3113 4536 3340 5253 3377 5248 3265 4924
1750 20 6492 2867 4720 3456 5510 3308 5084 3248 5029
1750 20 6503 3151 4709 3423 5439 3412 5436 3236 5079
1750 20 6305 2884 4462 3342 5365 3432 5491 3101 5019
1750 20 6183 2913 4525 3214 5180 3199 5277 3123 4898
1750 20 6283 3005 4647 3211 5230 3277 5323 3053 4862
1750 20 6347 3000 4460 3317 5289 3227 5384 3174 4913
1750 20 6240 2945 4464 3267 5176 3012 4810 3077 4773
1750 20 6228 2744 4430 3249 5239 3041 4873 3110 4854
1750 20 6378 3032 4634 3353 5250 3385 5347 3109 4916
1800 20 6432 3013 4762 3257 5381 3321 5432 3157 5006
1800 20 6485 3252 4808 3415 5455 3479 5644 3210 5019
1800 20 6614 3149 4852 3403 5508 3309 5785 3302 5090
1800 20 6511 2972 4838 3444 5466 3489 5562 3266 5103
1800 20 6375 2998 4619 3375 5320 3320 5705 3205 4960
1800 20 6495 3115 4754 3479 5447 3184 4984 3253 4969
1800 20 6514 3189 4878 3419 5438 3232 5831 3280 5099
1800 20 6531 3112 5136 3429 5503 3423 5611 3265 5128
1800 20 6488 3077 4919 3449 5410 3402 5503 3103 5037
1800 20 6521 2801 4630 3512 5525 3359 5824 3222 5076
1850 20 6821 3208 5120 3574 5863 3422 5407 3390 5271
1850 20 6680 3190 4855 3396 5502 3328 5231 3321 5325
1850 20 6685 3193 4916 3532 5637 3536 5573 3312 5146
1850 20 6771 3139 5004 3574 5697 3562 5815 3378 5350
1850 20 6580 3147 4882 3513 5563 3407 5568 3306 5174
1850 20 6732 3124 4959 3596 5666 3375 5215 3401 5292
1850 20 6778 2991 4879 3580 5678 3523 5767 3467 5281
1850 20 6629 3234 4987 3528 5595 3573 5531 3280 5254
1850 20 6854 3317 4909 3697 5827 3577 5740 3498 5343
1850 20 6739 3205 5122 3544 5677 3436 5294 3327 5291
1900 20 6892 3236 5004 3590 5726 3502 5833 3363 5305
1900 20 6857 3211 4957 3619 5697 3518 5427 3413 5297
1900 20 6715 3319 5060 3577 5716 3587 5720 3409 5407
1900 20 7131 3384 5171 3746 5993 3562 5546 3691 5484
1900 20 6901 3347 5140 3709 5926 3615 6026 3516 5462
1900 20 6944 3191 4858 3547 5836 3781 6060 3563 5424
1900 20 6970 3309 4898 3716 5887 3432 5403 3469 5435
1900 20 6941 3386 5249 3659 5833 3600 5860 3495 5480
1900 20 6870 3341 5144 3571 5687 3398 5307 3464 5317
1900 20 6833 3111 4970 3484 5670 3657 5837 3488 5466
1950 20 7041 3215 5107 3688 5907 3696 6283 3450 5505
1950 20 7100 3305 5004 3693 5889 3836 5994 3577 5565
1950 20 6923 3276 5115 3631 5820 3352 5300 3454 5390
1950 20 7166 3380 5193 3717 6019 3776 6166 3573 5564
1950 20 7114 3305 5341 3841 5910 3892 6088 3528 5491
1950 20 7190 3311 5111 3845 6057 3835 6183 3536 5670
1950 20 7000 3253 5094 3757 5864 3784 6088 3528 5476
1950 20 6961 3079 4914 3726 5932 3618 5802 3427 5385
1950 20 7073 3587 5351 3752 6053 3769 5956 3431 5423
1950 20 7135 3176 4886 3761 5912 3822 6012 3597 5640
2000 20 7250 3516 5550 3699 6093 3798 6054 3619 5649
2000 20 7270 3602 5464 3857 6126 3667 6060 3478 5614
2000 20 7263 3285 5265 3812 6035 3798 6178 3663 5700
2000 20 7209 3442 5481 3878 6115 3758 6069 3658 5634
2000 20 7166 3174 5042 3699 5995 3675 6322 3487 5540
2000 20 7209 3372 5221 3791 6061 3870 6185 3604 5588
2000 20 7277 3406 5384 3792 6039 3808 6293 3608 5656
2000 20 7288 3323 5213 3819 6134 3933 6162 3647 5753
2000 20 7301 3618 5604 3938 6258 3867 6181 3647 5740
2000 20 7378 3549 5278 3895 6159 3779 5767 3693 5728