0.6666667330556373
0.666667161493252
0.6666686360411445
0.6666722842367029
0.6666796580258396
0.666692706643196
0.6667137410414692
0.6667453893822755
0.6667905431529393
0.6668522934754851
0.6669338573558621
0.6670384934439666
0.6671694084271613
0.6673296545205998
0.6675220179760344
0.6677489042440468
0.6680122188966651
0.6683132486192518
0.6686525513876396
0.6690298486609507
0.6694439437409436
0.6698926458828065
0.6703727354005757
0.6708799418032652
0.6714089663312767
0.6719535363921625
0.6725064842463009
0.6730598822796836
0.6736051844718413
0.6741334078349968
0.674635343900709
0.675101763403125
0.6755236401357162
0.675892381958367
0.6762000474636795
0.6764395351758231
0.6766047764900298
0.676690896938513
0.6766943539619337
0.6766130330154155
0.6666655856168304
0.6666624702368888
0.6666577039422338
0.6666519259447226
0.6666460309360822
0.6666411674443931
0.6666387336490164
0.6666403690792244
0.6666479403383967
0.6666635187127179
0.6666893473952338
0.6667277958539917
0.6667812996370108
0.6668522837548653
0.6669430679603534
0.6670557555652668
0.6671921049394665
0.6673533868401313
0.6675402331466498
0.6677524773918181
0.6679890019247076
0.6682475883850837
0.6685247929825542
0.6688158425224906
0.6691145697905052
0.6694133939016496
0.6697033439669658
0.6699741497321571
0.6702143808115789
0.6704116475702958
0.670552865015219
0.6706245604121943
0.6706132267699063
0.6705057180266751
0.6702896656516906
0.6699538995338242
0.6694888772867331
0.6688870972239688
0.6681434847326647
0.6672557355641225
0.6666619339403317
0.6666477638600258
0.6666242463601448
0.6665915499436855
0.6665499489388974
0.666499860252683
0.6664418880355127
0.6663768740039422
0.66630595041878
0.6662305918961668
0.6661526614434461
0.6660744453381847
0.665998671200942
0.6659285032097917
0.6658675083806432
0.6658195895059285
0.6657888799350438
0.6657795983401772
0.6657958636867978
0.6658414710466739
0.6659196360592603
0.6660327118713342
0.6661818933294994
0.6663669170432411
0.6665857744724029
0.6668344542638558
0.6671067256640071
0.6673939864494195
0.6676851825667751
0.6679668148021742
0.668223045288894
0.6684359043866284
0.6685856027424418
0.6686509418656258
0.6686098406636454
0.6684399177207241
0.6681191692961052
0.6676266937374844
0.666943451152031
0.6660530351692087
0.6666570870863548
0.666628195926256
0.6665795468962452
0.666510432870414
0.6664199413166152
0.6663070324296956
0.6661706399403906
0.6660097938318721
0.665823763058701
0.6656122148117586
0.665375385053804
0.665114253027147
0.6648307105429583
0.6645277150088815
0.6642094137972121
0.6638812271436076
0.6635498763210204
0.6632233453220941
0.6629107660889554
0.6626222197105011
0.6623684509662007
0.6621604961578785
0.6620092313676713
0.661924851109071
0.6619162938904356
0.66199063597827
0.6621524760091522
0.6624033407861538
0.6627411392069131
0.6631596946481869
0.663648385930609
0.6641919215801019
0.6647702699604856
0.6653587648367276
0.665928396443371
0.6664462932172069
0.6668763924593234
0.6671802910971794
0.6673182590625142
0.6672503909453618
0.6666545157713806
0.6666176258623058
0.6665546952302721
0.6664635887057554
0.6663413930200361
0.6661845014243617
0.6659887334024222
0.6657494952847984
0.6654619864869838
0.665121453942657
0.664723494169296
0.6642643984593942
0.6637415322671283
0.6631537351845473
0.6625017234424939
0.6617884731160123
0.6610195591629734
0.6602034239331266
0.6593515487468642
0.6584785035967132
0.6576018538022284
0.6567419069969792
0.6559212910481879
0.6551643607399784
0.6544964400696469
0.6539429160889747
0.6535282085537433
0.653274649213708
0.6532013106342682
0.6533228307778698
0.6536482841444389
0.654180150988249
0.6549134363279628
0.6558349881924335
0.6569230585067621
0.6581471436080564
0.6594681322247523
0.6608387784131955
0.6622045052925809
0.6635045331267236
0.6666576083103855
0.6666297491495401
0.6665810275673504
0.6665079797275871
0.6664057092037535
0.6662678660631329
0.666086654573056
0.6658528908951045
0.6655561322114678
0.6651848965711276
0.6647269883849873
0.664169938153945
0.6635015571203744
0.6627105984131227
0.6617875067338689
0.6607252293642836
0.659520052428199
0.658172419605134
0.6566876853171623
0.6550767518001969
0.6533565401230846
0.651550248237584
0.6496873557771956
0.6478033440294307
0.6459391113729912
0.6441400777145219
0.6424549859712833
0.6409344240327819
0.6396291055481889
0.638587961754804
0.6378561091552175
0.6374727674118938
0.6374692090483096
0.6378668266108689
0.6386754026732827
0.6398916646986037
0.6414982005304222
0.6434627986766915
0.6457382656326809
0.6482627554295851
0.6666648405221289
0.6666588721034279
0.666647226798591
0.6666271385934363
0.6665943222496254
0.6665426178806929
0.6664636113406681
0.6663462806649443
0.6661767219361912
0.6659380070814249
0.6656102211774896
0.6651707180732005
0.664594620971654
0.663855579707251
0.6629267797233775
0.6617821801095165
0.6603979406379272
0.6587539815726619
0.6568356061225055
0.6546351046583423
0.6521532532728069
0.6494006165306592
0.6463985671611148
0.643179942529409
0.63978926935625
0.6362825044942028
0.6327262586575055
0.6291964923424171
0.6257766961164698
0.6225555921426176
0.6196244166495668
0.6170738652668893
0.6149908011066295
0.613454841496178
0.6125349496214219
0.6122861633904084
0.6127465940786277
0.6139348226085684
0.6158478116071859
0.6184594365187219
0.6666637952922307
0.6666560260601498
0.6666457165267341
0.6666362187338911
0.6666310587005033
0.666632875574468
0.666642201989126
0.6666561818395198
0.6666673305631249
0.6666624454895231
0.6666217696848342
0.6665185020868067
0.6663187301294258
0.6659818392807688
0.6654614281426573
0.6647067293094874
0.6636645065543858
0.6622813697091119
0.6605064214139604
0.6582941261325925
0.6556072729741376
0.6524198906590138
0.6487199666227228
0.6445118229532444
0.6398180096921875
0.6346805908576139
0.6291617200382379
0.6233434289446629
0.6173265835387466
0.6112289965956953
0.6051827211941068
0.5993305849219375
0.5938220593435048
0.5888085894379618
0.5844385349857274
0.5808518963785092
0.5781750119262465
0.5765154217879599
0.5759570925277525
0.5765561902041647
0.6666271010779761
0.6665126501087612
0.666335684543953
0.666115621807255
0.6658771991613989
0.6656482002980145
0.6654567704370169
0.6653284813119891
0.6652833252871992
0.6653328263951844
0.6654774547100324
0.6657045193376541
0.6659866947512876
0.666281306266604
0.6665304644842371
0.6666620972360995
0.6665918829609279
0.6662260436096845
0.6654649103606921
0.6642071338030306
0.6623543737158479
0.6598162740697502
0.6565155076348362
0.6523926628746093
0.6474107439610248
0.6415590634494353
0.634856325114153
0.6273527227081335
0.6191309150351496
0.6103057809445739
0.6010229039835036
0.5914557872338592
0.5818018483197128
0.5722772954199875
0.5631110304304873
0.5545377670478021
0.5467905856843059
0.5400931740444176
0.5346520187299209
0.5306488220710189
0.6665137649121383
0.6660657249365288
0.6653538969810449
0.6644284113191614
0.6633551084110101
0.6622114565547224
0.6610816604908052
0.6600512060345822
0.6592011160602336
0.6586022107638252
0.6583096690677093
0.6583581782302164
0.6587579356090625
0.6594917307999437
0.6605132904640248
0.6617470125624818
0.663089155851665
0.6644104851187596
0.6655603071843044
0.6663717688308441
0.6666682291861459
0.6662704676789022
0.6650044469823757
0.6627093200161196
0.6592453524808978
0.6545014282834146
0.6484018144970982
0.6409118855348133
0.6320425408906581
0.621853096996037
0.6104524884978507
0.5979986768205182
0.5846962288600848
0.5707920983022767
0.5565697091429886
0.5423415040748262
0.5284401804070575
0.5152088860714612
0.5029906891298564
0.49211766507006893
0.66627788856669
0.6651323418231968
0.6632913758341694
0.6608539060939164
0.6579515663355382
0.6547422197581239
0.6514021124429218
0.6481170121586479
0.6450727214798244
0.6424453833474475
0.6403920092811215
0.6390416540758074
0.6384876371596799
0.6387811699007387
0.6399266927830718
0.6418791577028848
0.6445434124104124
0.6477757591432399
0.6513876709026908
0.6551515612397896
0.6588084183760636
0.6620770385431909
0.6646645254506705
0.6662776696519694
0.6666347816057869
0.6654775299863206
0.6625823306351927
0.6577708432986644
0.6509191615101204
0.6419653248855707
0.6309148407083258
0.6178439712765921
0.6029006213470696
0.5863027449934016
0.5683342775978802
0.549338686619016
0.5297103180965363
0.5098837929309904
0.49032177635965357
0.47150150062089957
0.6658838510274934
0.6635701188876693
0.659828163164649
0.6548243575763665
0.6487817818940469
0.6419708434232774
0.6346978627762192
0.6272920723477662
0.6200915388217848
0.6134285642925564
0.6076151423321708
0.6029290455116224
0.5996010977427262
0.5978041425070781
0.5976441536707909
0.5991538570803948
0.6022891363130293
0.6069283922352701
0.6128749159459942
0.6198622214290509
0.6275621742205117
0.6355956480446738
0.6435453465572829
0.6509703468466788
0.6574218560436194
0.6624596265691935
0.6656684488645281
0.6666741354009382
0.6651584247568835
0.6608722702207217
0.6536470314093807
0.6434031581109793
0.6301560400728977
0.6140187919077158
0.5952018452637764
0.5740093270439185
0.5508323090519934
0.5261391186285554
0.5004629952162825
0.4743874655403635
0.6653237087512379
0.6613465772422658
0.654888574268659
0.6461988573527356
0.6356131602757261
0.6235412731964263
0.6104517324224865
0.5968542707823552
0.5832806596488344
0.570264632259569
0.5583216102334487
0.5479289636360893
0.539507515330474
0.5334049576447047
0.5298817809636329
0.5291002267637841
0.531116670120659
0.5358777181910932
0.5432201797977085
0.5528749286077077
0.5644745453574306
0.5775644956974153
0.5916174780995365
0.6060504679162128
0.6202438919977091
0.6335622961682266
0.6453758181549927
0.655081751438876
0.6621254833468957
0.6660201121280898
0.6663640917817597
0.6628563192066187
0.6553081622603052
0.6436520273636319
0.627946177353946
0.6083756310013756
0.5852491005429747
0.5589920483869475
0.5301360668384001
0.49930489697610914
0.6646301370512528
0.6585908658748305
0.6487574221646126
0.6354695541766167
0.61918666586731
0.6004722276263643
0.5799746427626737
0.558405209369541
0.5365139137355595
0.5150638633922937
0.4948052119478894
0.47644944438475556
0.4606448781367972
0.44795419364044076
0.438834740243343
0.433622269720378
0.4325186365220719
0.4355838715994502
0.4427328935684208
0.45373696867345714
0.46822987558212625
0.48571857962583986
0.505598075620897
0.5271699249186088
0.549663895925528
0.5722620199230518
0.5941243000886278
0.6144152619079749
0.6323305107782436
0.6471224645531257
0.6581244607947834
0.6647724909247782
0.666623892178296
0.6633724252181692
0.6548592796913768
0.6410796770740237
0.6221848760275273
0.5984795257518434
0.5704144537551541
0.5385751094068044
0.6638784750352255
0.6556021393330533
0.6420996017653965
0.6237982688755892
0.6012775689471416
0.575250728644304
0.5465423420182247
0.5160624367409985
0.48477785172965204
0.45368182304438776
0.4237627300544399
0.3959729774248757
0.3711989828867581
0.3502332028855303
0.33374906228809287
0.3222795614562599
0.3162002170234688
0.315716855542834
0.3208586284116687
0.3314764514367846
0.3472469080347079
0.36768148288733027
0.39214083455459403
0.41985365991275847
0.44993956766295573
0.48143525957539124
0.5133232219475528
0.544562059040586
0.5741175566798778
0.6009935488126614
0.6242616713724283
0.6430891286610401
0.6567636617871206
0.6647149983749768
0.666532171997302
0.6619762253669537
0.6509879505625286
0.6336904667312708
0.6103865866912996
0.5815510751701963
0.6631749850929567
0.6528030123894838
0.6358569150556175
0.6128368966062543
0.5844224029368004
0.5514520325536513
0.5148987514289132
0.4758411516777543
0.43543160980089124
0.394862291540213
0.35533001158136435
0.3180009883905537
0.28397653423903213
0.2542606893244723
0.2297307475061039
0.21111153233536317
0.1989541668223458
0.19361994525621107
0.19526976124021367
0.20385938173918894
0.21914068205640969
0.24066878274114334
0.2678148573444825
0.2997842151868244
0.33563911348477626
0.37432561941917064
0.4147037297739994
0.4555798695783968
0.4957408270389845
0.5339881511234955
0.5691720308355467
0.6002236999335773
0.6261854610934194
0.6462374983352766
0.659720747261496
0.6661552087902058
0.6652532275376724
0.6569274014908519
0.6412929429705586
0.6186644671324922
0.6626335549609823
0.6506468857828513
0.631041484853874
0.6043649121732397
0.5713620527673156
0.5329541643197053
0.49021298028551885
0.4443306075755501
0.3965860765320164
0.348309494873677
0.30084482273796176
0.2555123228606939
0.21357174537813683
0.1761872819478153
0.14439527027716303
0.11907554654752861
0.10092723749350829
0.09044965236569102
0.08792878928733328
0.09342980774320497
0.10679564939901354
0.12765181610608722
0.15541713927159595
0.18932021017934586
0.22842098351034723
0.27163692614635904
0.31777296158681567
0.3655543615883198
0.4136616606980037
0.46076662329147544
0.5055682708481298
0.5468279859521622
0.5834027436126006
0.6142755814026784
0.6385825046192501
0.6556351274273012
0.6649384752261298
0.666203510245547
0.6593540899537189
0.6445282214108333
0.6623473985346517
0.6495052188337436
0.6284838723031644
0.5998459220345709
0.5643575320143117
0.5229677534580783
0.4767828854978955
0.42703661574962837
0.3750567611180019
0.3222295210413043
0.2699622214005538
0.2196455660230301
0.1726164227061504
0.1301221524890942
0.09328744448712145
0.06308454558183563
0.040307677734030545
0.02555231662789814
0.019199869634079825
0.02140814052928075
0.03210780861393192
0.05100498530685271
0.0775897453987362
0.11115036946530044
0.1507928812429572
0.1954653241577835
0.243986097493486
0.29507556936995705
0.34739010278167726
0.3995575726931099
0.4502134227105651
0.4980363018013553
0.5417823444201505
0.5803172016809344
0.612644999437552
0.6379334907253222
0.6555347760020762
0.6650010907579434
0.6660952931377411
0.6587958288389286
0.6623646591546337
0.6495702549966351
0.6286153784620464
0.6000435456176171
0.5645956003762679
0.5231902824559149
0.476900146957166
0.42692347890341253
0.3745529519730073
0.32114186624600083
0.2680688621871543
0.21670204641883628
0.16836347755033232
0.12429494723712398
0.08562595392429073
0.05334470423588067
0.028272893089691387
0.011044909465959374
0.0020919940223554923
0.0016317408935900835
0.009663191994997766
0.025967623189878664
0.05011497053824421
0.08147569677052857
0.11923775618411359
0.16242818483828125
0.20993872476678632
0.26055479173106977
0.3129870100402744
0.365904482791781
0.41796892437391864
0.46786876835930247
0.5143523737585048
0.5562594824732205
0.5925501352289645
0.6223303286363242
0.6448737831291889
0.6596393025289047
0.6662833214699706
0.6646673665882905
0.662676242401271
0.6508064120126991
0.6313588954782753
0.6048279368662282
0.5718876075282399
0.533374498148581
0.49026625205123997
0.44365650037364557
0.3947268529697183
0.344716674276102
0.2948914300739175
0.24651042574505877
0.20079477085659647
0.15889639565333358
0.12186891537402056
0.09064108706450824
0.06599353265487684
0.04853931527310662
0.03870885203295771
0.036739532646065665
0.04267028857718447
0.056341229042325636
0.07739832769628174
0.10530301455890911
0.13934640148474298
0.17866775278385671
0.22227670571223235
0.2690786533469284
0.3179026253402166
0.3675309435382105
0.4167298902445955
0.46428060546385097
0.5090094331937454
0.5498169550067628
0.5857049908106069
0.6158009030847317
0.6393786167870287
0.6558758545495542
0.6649071873278565
0.6662726092544256
0.6632199700614292
0.6529666650619514
0.6361649034146091
0.61323765242117
0.5847619635984745
0.5514543375517503
0.5141525616289397
0.473794487018409
0.4313942903606889
0.38801682847696983
0.34475074277183526
0.302681000661419
0.2628615738550506
0.22628894844170477
0.19387713814470542
0.1664348309954845
0.14464524408200385
0.12904918854067393
0.1200317637360303
0.1178130047125906
0.12244270549554237
0.1337995326357364
0.15159443481795631
0.175378243747072
0.20455325775040112
0.23838849741929857
0.2760382343396486
0.31656331083333666
0.35895470355120473
0.40215872943848374
0.44510325595739175
0.48672425657185403
0.5259920476481517
0.5619365574534317
0.5936710054353056
0.6204134150594566
0.6415054420912936
0.6564280700941539
0.6648138079505392
0.6664551122958693
0.6638988947816049
0.6556653840635817
0.6421737835792352
0.6237643343439023
0.6009012646814862
0.5741610525428998
0.5442178539373137
0.5118264687380685
0.47780327730361916
0.44300563264450554
0.40831023167711267
0.37459101371026593
0.3426971461416096
0.31343165310746945
0.287531226357188
0.2656477251488294
0.2483318291613681
0.2360192511212187
0.229019851792035
0.22750992327514719
0.23152782818267315
0.24097309442981163
0.2556089801819129
0.2750684348224647
0.2988632976037848
0.32639649347459065
0.3569769141394019
0.3898366043659742
0.4241498185449355
0.45905346864921204
0.49366845098906276
0.5271213221973439
0.5585657853139869
0.5872034595957968
0.612303424246886
0.63322006075023
0.6494087640452744
0.6604391472154978
0.6660054276062446
0.6659337548070131
0.6646068661438898
0.6584801361303727
0.6484431502521781
0.6347525952200773
0.6177586354284548
0.597895997449877
0.5756729012713763
0.551658119661212
0.5264664947763749
0.5007432797077999
0.47514770261703243
0.4503361703604968
0.42694553705201255
0.4055768612902766
0.386780062559997
0.37103986416243906
0.358763376957528
0.3502696362200879
0.34578135413936184
0.34541909388189107
0.3491980105040894
0.35702723792971747
0.3687119365890109
0.3839579471155605
0.4023789323417568
0.42350582648807267
0.4467983544172507
0.47165833251204914
0.4974444177964855
0.5234879400877901
0.5491094214976956
0.573635376096052
0.5964149758431505
0.6168361702227761
0.634340867124749
0.6484388029720605
0.6587197647597904
0.6648638690811898
0.666649650269137
0.6639597653234743
0.6652530524280335
0.6610493694157735
0.6541661337639986
0.6447843537520983
0.6331508375520887
0.6195717930978754
0.6044048839088414
0.5880499442302995
0.5709385910469237
0.5535229988544667
0.5362641244539004
0.5196196829850738
0.504032182904655
0.4899173262437312
0.4776530706559372
0.4675696339100629
0.45994069643660074
0.4549760281097417
0.45281572876013043
0.45352623096571554
0.4570981700018186
0.4634461773879601
0.4724106068854459
0.4837611531304724
0.49720227484315305
0.5123802897258913
0.5288919667249175
0.5462944029772033
0.5641159415196937
0.5818678592489828
0.599056536706667
0.6151958077035881
0.6298191836028559
0.6424916506929448
0.6528207478460715
0.660466651604608
0.6651510189243782
0.666664368805352
0.6648718199543378
0.6597170415397915
0.6657784998129753
0.6631383943455201
0.6588188835908578
0.6529387001815175
0.6456596005162869
0.6371820351307067
0.6277397774423568
0.6175936505671251
0.607024515262966
0.5963257015652673
0.5857950811180043
0.5757269868665391
0.566404191110243
0.5580901514568053
0.5510217280324576
0.5454025632040149
0.5413972985790101
0.5391267829385801
0.5386643991913622
0.5400336109358748
0.5432067971938006
0.5481054120208334
0.5546014713876442
0.5625203362731114
0.5716447281123144
0.5817198802163002
0.5924597014277089
0.6035538010488753
0.6146752020721671
0.6254885528432865
0.6356586329527572
0.6448589416256395
0.6527801548064303
0.6591382382663165
0.6636820133881989
0.6661999839550654
0.6665262506228358
0.6645453612276714
0.6601959708547689
0.653473214185923
0.6661611205599623
0.66465928422767
0.6622051491041173
0.6588706635187371
0.6547537149427431
0.6499753807937767
0.6446765210497255
0.6390138036395598
0.6331552686863483
0.6272755503444701
0.6215508841738292
0.6161540343450893
0.6112492770766973
0.6069875762223638
0.6035020821402709
0.6009040767321995
0.5992794769407206
0.598685994420586
0.5991510322912761
0.6006703815575813
0.60320775854324
0.6066952037049316
0.611034339118232
0.6160984604356168
0.6217354167940234
0.6277712120370087
0.6340142406010532
0.6402600559141991
0.6462965535113829
0.651909440506775
0.6568878541945748
0.661029988224053
0.6641485830526719
0.6660761400958589
0.6666697244550449
0.6658152305474835
0.6634309972425558
0.6594706743726437
0.653925260178754
0.6468242491708049
0.6664099311189371
0.6656479466038409
0.6644051331917181
0.6627213767573163
0.6606508312471988
0.6582602884650979
0.6556271605061139
0.6528371307856917
0.6499815388936344
0.6471545721840009
0.6444503425717212
0.6419599305677453
0.63976848013789
0.6379524267026744
0.6365769380833528
0.6356936424503469
0.6353387104632215
0.6355313495028554
0.6362727575408726
0.637545571885948
0.639313835342536
0.641523488535304
0.6441033831352334
0.6469667969078358
0.6500134179063894
0.6531317521554989
0.6562018977936891
0.6590986179173404
0.6616946361052929
0.6638640714285171
0.665485925390635
0.6664475304755839
0.6666478699357726
0.6660006804666949
0.6644372537257572
0.6619088592076028
0.6583887194392001
0.6538734788292146
0.6483841193511968
0.6419662894083717
0.6665529667233394
0.6662159914728754
0.6656679787094645
0.6649288755617059
0.6640256784237151
0.6629915359338961
0.6618646411703208
0.6606869454768001
0.6595027317091777
0.6583570889559867
0.6572943339796631
0.6563564265327874
0.6555814263653885
0.6550020388810668
0.6546442945776025
0.654526403970126
0.6546578252974723
0.6550385767580158
0.6556588185812346
0.6564987230083159
0.6575286424333884
0.6587095779529386
0.6599939419744042
0.6613266006471026
0.6626461736806096
0.6638865617005971
0.6649786646303265
0.6658522486296696
0.6664379143325485
0.666669115434177
0.6664841743908386
0.6658282409275511
0.66465513947016
0.6629290534481547
0.6606259975368086
0.6577350334408392
0.6542591904653272
0.6502160588931847
0.6456380318826325
0.6405721799600241
0.6666242918348999
0.6664989980704625
0.6662962084062551
0.6660247328539024
0.6656964333241719
0.6653257692671025
0.6649292382791531
0.6645247292899968
0.6641308088119409
0.6637659630104751
0.6634478199706317
0.6631923774913819
0.6630132618980265
0.6629210428298482
0.662922627706966
0.6630207575208122
0.6632136230459471
0.6634946173089284
0.6638522363750599
0.6642701364912644
0.6647273511185988
0.6651986667996141
0.6656551522090672
0.6660648300796501
0.6663934774066113
0.6666055352235265
0.6666651056472288
0.6665370108309896
0.6661878860001416
0.6655872770212281
0.6647087119783127
0.6635307160534677
0.6620377396495093
0.6602209711530723
0.6580790079831317
0.6556183625510987
0.6528537834046775
0.6498083761306794
0.6465135132983177
0.6430085278914783
0.6666541559406587
0.6666173192170102
0.6665582107256496
0.6664801481718946
0.6663875575321955
0.6662857632804969
0.666180731280117
0.666078773279589
0.6659862233575523
0.665909097791113
0.6658527505678288
0.6658215371591552
0.6658184991786762
0.6658450821490389
0.665900897834516
0.6659835414436762
0.6660884725419911
0.666208966717726
0.6663361430265182
0.6664590699920423
0.6665649505978506
0.6666393842475133
0.6666667012419099
0.6666303629438523
0.6665134185722636
0.6662990075198003
0.66597089432698
0.6655140219796414
0.6649150681056935
0.6641629879695399
0.6632495278723868
0.6621696927899268
0.6609221527124978
0.6595095731440658
0.657938856927851
0.6562212862237496
0.654372555918006
0.6524126921795647
0.6503658527564493
0.6482600085517136
0.6666640646831548
0.6666564713199992
0.6666445108358835
0.6666291791718642
0.666611779024531
0.6665938325058659
0.6665769748101762
0.6665628330963552
0.6665528954427978
0.6665483752290732
0.6665500766155957
0.6665582669272077
0.6665725616849563
0.666591827775521
0.6666141098064287
0.666636584066544
0.6666555437308588
0.6666664180173376
0.6666638269572622
0.6666416723150923
0.6665932639971567
0.6665114800905774
0.6663889574747648
0.6662183088085091
0.665992360645895
0.6657044064884312
0.6653484678035512
0.6649195554334361
0.6644139234099159
0.6638293069771461
0.6631651367182515
0.6624227208896661
0.6616053886506175
0.6607185874999232
0.6597699293493687
0.6587691806534396
0.6577281934048764
0.6566607752837049
0.6555824987482494
0.6545104505375934
0.6666663824888717
0.6666655752129251
0.6666643755061847
0.6666629843609698
0.6666616487115328
0.6666606288631723
0.6666601592337711
0.6666604042458737
0.6666614114809644
0.6666630644065685
0.6666650371031483
0.6666667534475685
0.666667353148547
0.6666656668745934
0.6666602024832868
0.6666491440325379
0.666630364865826
0.6666014556123114
0.6665597674257898
0.6665024702684512
0.6664266254696762
0.6663292712468656
0.6662075193329111
0.6660586603430247
0.6658802750748785
0.6656703485305907
0.6654273831575299
0.6651505075961202
0.664839577098111
0.6644952618088562
0.6641191191932576
0.663713647167625
0.6632823147893143
0.6628295678972915
0.6623608075326675
0.661882339762651
0.661401296164369
0.6609255249805663
0.6604634538677848
0.6600239258933522
0.666666666134803
0.6666666682099365
0.6666666821403897
0.6666667175553119
0.6666667761157392
0.6666668404696453
0.666666861125043
0.6666667419902488
0.6666663254358258
0.6666653778057126
0.6666635763399463
0.6666604984704255
0.6666556144076226
0.6666482838513148
0.6666377575469665
0.6666231842455128
0.666603623448403
0.6665780641079441
0.6665454492227232
0.6665047060376249
0.666454781306266
0.6663946808413619
0.6663235123560063
0.6662405303835837
0.6661451819055664
0.6660371511569576
0.6659164019878338
0.665783216125089
0.6656382256351743
0.6654824379844451
0.6653172521711235
0.6651444645851468
0.6649662634338103
0.6647852108624149
0.66460421218298
0.6644264719741102
0.6642554371495967
0.664094727556201
0.6639480549485377
0.6638191316599502
0.6666666698581325
0.6666666790906373
0.6666666927341609
0.6666667060948523
0.6666667085783848
0.6666666799713503
0.6666665860807652
0.6666663740229616
0.6666659674920756
0.6666652623627916
0.666664122991143
0.6666623795707006
0.6666598268780498
0.6666562246984168
0.6666513001739183
0.6666447522404713
0.6666362582430153
0.6666254827312372
0.6666120883329021
0.6665957485164979
0.6665761619424193
0.666553068015681
0.6665262631688166
0.6664956173125033
0.6664610898530621
0.66642274461375
0.6663807629732548
0.6663354545498021
0.6662872647555675
0.6662367786114166
0.6661847202634684
0.6661319477531394
0.6660794426853431
0.6660282945888554
0.6659796798959977
0.6659348356578436
0.6658950282375048
0.6658615174511159
0.6658355167611953
0.6658181503084385
0.6666666596078503
0.6666666400947714
0.6666666128717904
0.6666665850417601
0.6666665649104162
0.6666665604682713
0.6666665776044892
0.6666666181670274
0.6666666779979683
0.6666667450817128
0.6666667979461469
0.6666668044529294
0.6666667211019945
0.6666664929572779
0.6666660542789302
0.6666653299162169
0.6666642374837427
0.6666626903066132
0.6666606010807886
0.666657886157048
0.6666544703177276
0.666650291878474
0.6666453079197827
0.6666394994174093
0.6666328760331346
0.6666254803033522
0.6666173909658919
0.6666087251717041
0.6665996393428744
0.6665903284607573
0.6665810236096288
0.6665719876468335
0.6665635089141476
0.6665558929769279
0.6665494524399019
0.6665444949535936
0.6665413096076174
0.6665401519711358
0.6665412281138368
0.666544678006927
0.6666666178289118
0.6666664738821568
0.6666662423945423
0.6666659355479859
0.6666655695124943
0.6666651636128367
0.6666647393280171
0.6666643191725226
0.6666639255146777
0.6666635793914985
0.6666632993805548
0.6666631005882535
0.6666629938093454
0.6666629849058596
0.6666630744441964
0.6666632576175043
0.6666635244675214
0.6666638604046121
0.6666642470107903
0.6666646630933937
0.6666650859433296
0.6666654927372639
0.6666658620109165
0.6666661751210703
0.6666664176062949
0.6666665803529263
0.6666666604727381
0.666666661801955
0.6666665949394983
0.6666664767536278
0.6666663293017656
0.666666178127408
0.6666660499199812
0.6666659695481576
0.666665956504152
0.666666020823145
0.6666661585710709
0.6666663470201197
0.6666665396571868
0.6666666611934663
0.6666665819654198
0.6666663302232275
0.6666659184439419
0.6666653580343876
0.6666646644154763
0.6666638564984064
0.6666629560455477
0.6666619869400296
0.6666609743912396
0.6666599441059209
0.6666589214553313
0.6666579306693081
0.6666569940864461
0.6666561314866302
0.6666553595298759
0.666654691319024
0.6666541360999567
0.6666536991057936
0.6666533815460414
0.6666531807339626
0.6666530903409389
0.6666531007565925
0.6666531995345298
0.6666533718906495
0.6666536012254807
0.6666538696351412
0.6666541583749842
0.666654448243087
0.6666547198524374
0.6666549537623614
0.666655130448033
0.6666552300925674
0.6666552321950445
0.6666551149948851
0.6666548547251778
0.6666544247148873
0.6666537943732646
0.66665292809659
0.6666517841470174
0.6666503135616413
0.666666596676746
0.666666388404694
0.6666660468945375
0.6666655803909032
0.6666650001014596
0.6666643198752427
0.666663555807302
0.6666627257825131
0.6666618489733391
0.6666609453076919
0.6666600349234414
0.6666591376276411
0.6666582723770117
0.6666574567945782
0.6666567067396542
0.6666560359401728
0.6666554557006699
0.6666549746909579
0.6666545988213124
0.6666543312036295
0.6666541721997155
0.6666541195456215
0.6666541685525854
0.6666543123648763
0.66665454226759
0.6666548480303088
0.6666552182658453
0.6666556407927926
0.6666561029863362
0.666656592100017
0.6666570955440498
0.6666576011131342
0.6666580971527041
0.6666585726579837
0.6666590173042378
0.6666594214088188
0.6666597758316188
0.6666600718235638
0.666660300833126
0.6666604542885597
0.6666666445541264
0.6666665790482632
0.6666664726174926
0.6666663292871761
0.6666661545096156
0.666665954987941
0.6666657384594669
0.6666655134455616
0.6666652889760845
0.6666650742972204
0.6666648785715839
0.6666647105812433
0.6666645784426901
0.6666644893414144
0.6666644492983145
0.666664462970466
0.6666645334971975
0.666664662392823
0.6666648494921381
0.6666650929469773
0.6666653892795611
0.6666657334811621
0.6666661191655567
0.666666538759779
0.6666669837323415
0.6666674448534886
0.6666679124719546
0.6666683768025703
0.6666688282190664
0.666669257537359
0.6666696562798635
0.6666700169152037
0.6666703330661179
0.6666705996766329
0.6666708131310035
0.6666709713324118
0.6666710737182817
0.6666711212353333
0.6666711162611032
0.666671062479575
0.6666666695844089
0.6666666783361324
0.6666666929063778
0.6666667132333348
0.6666667391562855
0.6666667703450297
0.6666668062141079
0.6666668458254198
0.6666668877833524
0.6666669301268808
0.6666669702229622
0.6666670046669714
0.6666670291945872
0.6666670386083192
0.666667026726321
0.6666669863526284
0.6666669092762523
0.6666667862976694
0.6666666072875118
0.6666663612737879
0.6666660365634088
0.6666656208873347
0.6666651015781468
0.6666644657670712
0.6666637006001184
0.6666627934717906
0.666661732265059
0.6666605055931054
0.6666591030413592
0.6666575153986616
0.6666557348719029
0.6666537552782879
0.6666515722129325
0.6666491831824747
0.6666465877025777
0.6666437873555509
0.6666407858039997
0.666637588762032
0.6666342039220048
0.6666306408371052
