104 14 104 0 0 33 37 30 30 33 33
22 3 17 0 0 0 0 0 0 0 0
84 5 66 1 1 14 10 25 17 32 19
20 5 18 0 0 1 1 2 2 1 1
16 5 14 0 0 1 1 7 5 1 1
11 5 9 0 0 1 1 0 0 0 1
135 6 116 9 1 18 11 63 42 44 33
131 6 112 9 1 10 7 56 42 39 30
108 6 86 0 0 4 5 43 32 23 23
130 6 100 0 0 5 8 57 42 34 35
39 5 30 0 0 3 2 18 14 7 6
65 5 53 1 1 2 4 9 9 12 9
61 5 49 0 1 2 4 12 8 9 11
38 5 30 0 0 3 1 8 8 12 7
137 6 113 2 2 50 27 58 44 74 44
227 6 179 3 3 23 21 68 54 91 64
137 6 109 0 1 13 13 49 34 30 26
132 6 105 0 0 12 13 52 39 25 24
101 6 79 0 0 5 6 35 27 18 25
154 6 119 3 5 17 17 63 43 46 43
47 5 38 0 0 3 4 8 8 18 11
56 5 46 0 0 4 3 11 9 25 12
74 5 58 0 0 11 9 24 17 27 18
41 7 31 0 0 5 6 10 10 25 18
40 5 31 0 0 9 6 10 6 13 9
21 5 16 0 0 0 1 12 8 11 7
12 5 10 0 0 0 1 0 0 0 1
12 5 11 0 0 0 0 0 0 5 4
41 5 32 0 0 12 8 11 6 4 6
21 5 16 0 0 6 3 7 4 1 1
92 5 72 0 0 15 10 29 17 18 12
94 5 72 0 0 15 13 28 19 21 18
125 5 99 0 0 14 12 37 29 26 17
19235 11 15232 3539 3116 2583 2484 5675 5144 5487 4622
1839 13 1498 432 425 288 269 794 708 655 546
86 5 69 0 1 13 10 9 12 13 12
48 7 38 0 0 5 5 10 9 25 15
49 5 38 0 0 3 3 7 9 12 10
21 5 17 0 0 7 4 9 5 0 1
22 5 18 0 0 2 2 5 4 6 4
22 5 17 0 0 0 1 7 5 0 1
285 6 223 5 5 30 27 101 74 86 66
255 5 198 0 0 35 25 81 63 63 52
92 5 72 0 1 4 4 28 20 23 18
22 5 17 0 0 4 3 2 3 0 1
30 5 24 0 0 3 2 4 6 1 2
22 5 18 0 0 0 1 4 2 4 4
66 5 51 0 0 12 9 14 11 25 16
22 5 18 0 0 8 5 4 2 0 1
253 7 205 22 11 50 27 95 71 68 63
17879 14 14772 3070 2645 2498 2349 6326 5377 5922 5027
684 12 532 68 82 105 83 183 160 131 130
940 14 771 159 99 94 77 345 315 291 268
337 8 283 19 17 131 78 100 78 105 94
6374 14 4986 2254 1813 976 931 2248 2107 1923 1729
61 16 85 0 0 29 20 49 40 34 22
209 16 215 45 25 52 35 134 102 113 64
8570 15 7840 2510 2085 1806 1506 3684 3474 3377 2830
508 9 415 41 31 65 51 170 134 153 131
3386 12 2648 474 455 532 514 913 762 1183 955
1038 11 833 165 157 124 115 451 374 266 220
5242 15 4131 1088 1058 658 707 2175 1884 1643 1354
40 6 32 0 0 4 3 6 6 0 2
190 6 149 4 3 24 16 65 42 40 37
30 4 23 0 0 0 1 0 0 0 0
50 5 38 0 0 2 2 9 7 18 13
30 4 22 0 0 1 1 0 0 0 0
84 5 64 0 0 4 4 26 16 19 15
12 3 9 0 0 0 0 0 0 0 0
5 6 5 0 0 2 2 1 1 2 2
355 7 275 2 4 34 24 154 111 55 41
226 6 175 0 0 26 25 68 63 83 63
668 8 525 18 18 85 63 224 188 138 117
5 6 5 0 0 0 0 0 0 0 1
4819 15 3858 659 614 726 653 2170 1936 1456 1210
13 3 11 0 0 0 0 0 0 0 0
185 7 149 4 5 21 20 27 28 28 22
134 5 107 3 3 21 13 21 18 31 24
758 6 598 30 27 111 89 242 194 284 211
3736 7 2952 152 121 434 328 1202 944 1035 829
13437 8 10681 1396 1436 1753 1485 4309 3690 3483 2755
5863 16 4636 1101 1026 955 915 2621 2358 2021 1710
70 10 90 0 0 36 12 0 0 25 2
71 13 120 0 0 31 14 0 0 103 16
71 16 150 0 0 68 17 56 1 70 15
12511 11 9800 1655 1601 1806 1725 3801 3225 3605 3082
344 7 267 14 10 76 54 172 146 66 51
14257 10 11844 1708 1555 2220 1682 5653 4768 4288 3299
29 3 23 0 0 0 0 0 0 0 0
162 5 126 2 2 24 16 43 31 52 36
69 10 77 15 7 54 20 28 22 33 22
2676 15 2100 682 617 285 291 749 622 758 701
10328 16 8232 2646 2237 1409 1373 4524 3984 3479 2961
139 5 108 0 1 6 5 33 27 42 37
101 5 78 2 2 22 16 27 18 20 16
302 6 239 9 2 75 49 134 86 107 83
13 5 13 0 0 2 2 0 0 2 2
32 5 25 0 0 2 2 7 6 2 2
21 5 16 0 0 0 2 9 8 9 8
251 6 196 7 7 13 14 97 73 101 75
193 6 152 1 2 36 39 63 44 66 55
163 5 128 3 3 39 25 53 37 50 35
82 5 65 4 2 20 12 19 14 26 15
76 5 59 0 0 2 3 14 12 20 16
40 5 32 0 0 1 2 2 3 5 4
40 5 32 0 0 5 4 4 4 15 9
940 14 771 217 142 80 74 308 313 321 251
63 10 90 36 10 72 19 56 18 74 14
105 16 240 138 62 133 79 136 57 194 72
1781 13 1405 191 169 260 249 762 660 675 560
20 4 16 0 0 1 1 0 0 0 0
21 4 16 0 0 1 1 0 0 0 0
47 5 36 0 0 4 3 9 7 2 3
569 7 448 18 16 49 43 158 127 141 110
261 7 200 24 14 22 21 64 61 62 43
327 7 256 8 10 47 33 119 101 60 48
159 7 134 9 8 35 15 56 41 44 30
56 8 60 0 0 24 9 30 18 20 13
712 8 564 20 29 115 86 193 162 223 167
124 13 124 40 27 51 36 51 46 50 44
92 10 104 31 15 20 13 70 36 42 28
2867 10 2319 327 333 365 340 1095 836 758 603
110 15 154 69 42 82 43 98 65 78 59
7261 12 5960 1837 1677 1355 1266 2424 2102 2323 1951
8835 13 7493 1901 1639 1272 1094 2915 2478 3188 2480
436 6 336 0 1 96 66 152 111 92 81
435 6 336 0 1 90 66 149 112 93 89
5458 10 4459 1174 1033 734 634 1573 1345 1608 1288
1659 12 1314 415 392 289 272 613 486 525 470
1049 13 869 218 167 148 132 329 288 276 245
3847 15 3089 1468 1172 666 641 1273 972 871 760
2187 7 1701 64 69 196 180 613 492 629 526
135 14 123 30 27 41 26 79 61 53 43
127 12 148 54 41 71 41 90 60 80 55
12087 10 9408 674 675 889 852 4415 3784 2527 2048
19235 11 15232 3197 2982 2830 2639 6063 5264 5499 4529
75 10 98 20 7 42 17 55 39 37 24
11390 8 10066 1797 1702 2449 2145 3823 3034 3643 2891
514 11 427 76 53 78 55 201 174 132 108
5 6 5 0 0 2 2 1 1 1 2
1644 11 1343 187 179 373 289 537 476 602 479
